# Created by Octave 5.1.0, Mon Feb 24 22:11:33 2020 GMT <unknown@Thomas-PC>
# name: equilibriumConvergence
# type: matrix
# rows: 2
# columns: 1
 0.18087183433187526
 7.1847047272747156e-14


