# Created by Octave 5.1.0, Mon Feb 24 21:39:32 2020 GMT <unknown@Thomas-PC>
# name: equilibriumConvergence
# type: matrix
# rows: 2
# columns: 1
 1.401753109833674
 4.6518639684307986e-15


