# Created by Octave 5.1.0, Mon Feb 24 21:39:52 2020 GMT <unknown@Thomas-PC>
# name: equilibriumConvergence
# type: matrix
# rows: 2
# columns: 1
 0.89150353894562717
 9.3542578829270931e-15


