# Created by Octave 5.1.0, Mon Feb 24 21:39:26 2020 GMT <unknown@Thomas-PC>
# name: equilibriumConvergence
# type: matrix
# rows: 2
# columns: 1
 2.0485412718843108
 2.4255106864190954e-15


