# Created by Octave 5.1.0, Mon Feb 24 21:45:55 2020 GMT <unknown@Thomas-PC>
# name: equilibriumConvergence
# type: matrix
# rows: 2
# columns: 1
 0.30890558794745365
 3.683793144167273e-14


