# Created by Octave 5.1.0, Mon Feb 24 21:41:03 2020 GMT <unknown@Thomas-PC>
# name: equilibriumConvergence
# type: matrix
# rows: 2
# columns: 1
 0.53059993290941632
 1.8583800224593545e-14


