# Created by Octave 5.1.0, Mon Feb 24 21:39:24 2020 GMT <unknown@Thomas-PC>
# name: equilibriumConvergence
# type: matrix
# rows: 2
# columns: 1
 3.8188130791298658
 1.9072115083848363e-15


