# Created by Octave 5.1.0, Mon Feb 24 21:39:24 2020 GMT <unknown@Thomas-PC>
# name: u_sol
# type: matrix
# rows: 18
# columns: 1
 0.018684752356454077
 -0.018684752356454178
 0
 0
 -5.2527436533811661e-17
 -0.033197103598811256
 0
 0.033197103598811215
 -1.0567047609716363e-17
 -0.21440245997148136
 -0.21440245997148144
 0
 0
 -0.19661229743536562
 -0.14422221868895757
 0
 -0.14422221868895752
 -0.15244335085604657


