# Created by Octave 5.1.0, Mon Feb 24 21:39:26 2020 GMT <unknown@Thomas-PC>
# name: u_sol
# type: matrix
# rows: 50
# columns: 1
 0.014663203702735658
 -0.014663203702735729
 0
 0
 -3.7854044877459432e-17
 -0.036647140167123851
 0
 0.036647140167123803
 -2.3477566677391621e-17
 0.0077632589954496015
 -3.295616258059184e-17
 0.010930675369813138
 -0.0077632589954496761
 -0.010930675369813202
 -0.023116007920416026
 -0.018928611126438517
 -0.043093839973604303
 -0.018351722734024314
 0
 -1.5964481969985609e-17
 0
 0.018351722734024276
 0.043093839973604268
 0.018928611126438465
 0.02311600792041596
 -0.21098400351083069
 -0.21098400351083071
 0
 0
 -0.20758733794447184
 -0.14844533025460904
 0
 -0.14844533025460904
 -0.15747265752997472
 -0.21124031029981533
 -0.19562066004289433
 -0.19614139124570013
 -0.21124031029981535
 -0.19614139124570015
 -0.19148972723914176
 -0.1543960856748165
 -0.092126659303336744
 -0.085540990882861351
 0
 -0.08455417710276035
 0
 -0.085540990882861351
 -0.09212665930333673
 -0.1543960856748165
 -0.19148972723914176


