# Created by Octave 5.1.0, Mon Feb 24 21:39:32 2020 GMT <unknown@Thomas-PC>
# name: u_sol
# type: matrix
# rows: 162
# columns: 1
 0.0087750275068865565
 -0.0087750275068866034
 0
 0
 -2.5484739514253419e-17
 -0.039311796897726695
 0
 0.039311796897726667
 -1.1158692641268333e-17
 0.0049993805976469852
 -2.0130307495733224e-17
 0.011618403921337287
 -0.004999380597647032
 -0.011618403921337329
 -0.022684020206232093
 -0.020535883219946781
 -0.046479624735155288
 -0.020439737998642991
 0
 -5.2803044699171326e-18
 0
 0.02043973799864298
 0.046479624735155274
 0.020535883219946757
 0.022684020206232051
 0.007080997042676505
 0.0077203944869046704
 0.011176461599030713
 -2.2695832224318125e-17
 0.0038787057766158273
 0.0025886424241352577
 0.0079945936603901899
 0.0057947570648638662
 -1.7125100380590173e-17
 -0.0025886424241353067
 -0.0038787057766158728
 -0.011176461599030758
 -0.0077203944869047155
 -0.0070809970426765527
 -0.005794757064863907
 -0.0079945936603902246
 -0.014415611789975073
 -0.017185413022838169
 -0.030436548391967005
 -0.02398646500094527
 -0.031617134478982942
 -0.016133072209288456
 -0.01029698588469184
 -0.045825737299837827
 -0.034596180478045191
 -0.021412320519808369
 -0.033033954775535938
 -0.036694134434751738
 -0.022670749106714794
 -0.011249943127159354
 0
 -0.012677068120133788
 -4.1822847147070855e-18
 -0.0059695145197574649
 0
 -0.0098311829119537304
 -8.013050950375856e-18
 0
 0.0059695145197574597
 0.021412320519808362
 0.012677068120133781
 0
 0.0098311829119537217
 0.011249943127159339
 0.036694134434751731
 0.033033954775535924
 0.030436548391966977
 0.034596180478045177
 0.045825737299837806
 0.02267074910671478
 0.010296985884691814
 0.031617134478982907
 0.023986465000945232
 0.017185413022838127
 0.014415611789975032
 0.016133072209288418
 -0.20653385114194189
 -0.20653385114194189
 0
 0
 -0.21385942399812577
 -0.15024247964602425
 0
 -0.15024247964602425
 -0.15883176738554564
 -0.21352820188807592
 -0.20043225086945873
 -0.19892420016864359
 -0.21352820188807595
 -0.19892420016864362
 -0.18997025321463656
 -0.15699473577513456
 -0.093738024536438938
 -0.087502572514478641
 0
 -0.086487737493205125
 0
 -0.087502572514478641
 -0.093738024536438924
 -0.15699473577513456
 -0.18997025321463654
 -0.21048575919029314
 -0.20949821578217803
 -0.20647886799031415
 -0.21061062904241556
 -0.21080647318388901
 -0.21481045195618223
 -0.18255087227580577
 -0.20019741547395883
 -0.18316028053892933
 -0.21481045195618223
 -0.21080647318388904
 -0.20647886799031417
 -0.20949821578217803
 -0.21048575919029316
 -0.20019741547395883
 -0.18255087227580577
 -0.20140578276275684
 -0.1959310860841266
 -0.15540892572272302
 -0.17881959750464615
 -0.1727862878039296
 -0.18144028415681671
 -0.15754989487976964
 -0.12495678363987966
 -0.12595133502303413
 -0.04569608313475227
 -0.089547826479294115
 -0.054839600491142997
 -0.12554713385923796
 -0.12527322697205412
 0
 -0.044677157597901425
 -0.044250403839033961
 -0.044588221957324425
 0
 -0.086978366507439037
 -0.12516393663618447
 0
 -0.044588221957324432
 -0.04569608313475227
 -0.044677157597901425
 0
 -0.086978366507439037
 -0.12527322697205412
 -0.05483960049114299
 -0.089547826479294115
 -0.155408925722723
 -0.12595133502303413
 -0.12495678363987966
 -0.12554713385923794
 -0.15754989487976964
 -0.17278628780392957
 -0.17881959750464615
 -0.1959310860841266
 -0.20140578276275684
 -0.18144028415681668


