# Created by Octave 5.1.0, Mon Feb 24 21:39:52 2020 GMT <unknown@Thomas-PC>
# name: u_sol
# type: matrix
# rows: 578
# columns: 1
 0.0052790367980907176
 -0.005279036798090774
 0
 0
 -2.3534701751818989e-17
 -0.040633983509597488
 0
 0.04063398350959746
 -1.1641535898660995e-17
 0.0034383985398606142
 -1.9603052529192826e-17
 0.011941719099173537
 -0.0034383985398606653
 -0.011941719099173577
 -0.022570578416457557
 -0.021166830820935418
 -0.04800146127058709
 -0.021318629960758752
 0
 -3.3779670435830635e-18
 0
 0.021318629960758746
 0.048001461270587076
 0.021166830820935397
 0.022570578416457519
 0.0044602126769658869
 0.0072788394544969267
 0.010385115849208731
 -2.1657720961476386e-17
 0.0037326020210931665
 0.0019315121462020108
 0.0084792683587021113
 0.006054698544182102
 -1.6567527817618529e-17
 -0.001931512146202059
 -0.0037326020210932116
 -0.01038511584920878
 -0.0072788394544969735
 -0.0044602126769659415
 -0.006054698544182141
 -0.0084792683587021425
 -0.013173047012641433
 -0.017422909981001058
 -0.031376154714505819
 -0.024749915469591748
 -0.032153270613308915
 -0.016833725466405665
 -0.010615928087400162
 -0.047116437340521726
 -0.035566228667225253
 -0.023059509062033485
 -0.03431932327164048
 -0.038359987623218045
 -0.023313308255922125
 -0.01147801766624579
 0
 -0.013326219781019416
 -2.1940795441802557e-18
 -0.0061963562654295534
 0
 -0.010172524076389425
 -6.5458079592465044e-18
 0
 0.0061963562654295491
 0.023059509062033481
 0.013326219781019413
 0
 0.01017252407638942
 0.011478017666245776
 0.038359987623218031
 0.034319323271640466
 0.031376154714505798
 0.035566228667225232
 0.047116437340521712
 0.023313308255922108
 0.010615928087400139
 0.032153270613308881
 0.02474991546959172
 0.01742290998100102
 0.013173047012641385
 0.01683372546640563
 0.0048836896474724664
 0.0072553809112270553
 0.0080904703651026848
 0.0052243846670547234
 0.0063014388198213674
 0.0039975714979638179
 0.011732848946980687
 0.0088946553126208801
 0.0095408216372419048
 -2.2809243869494519e-17
 0.0013685425654058631
 0.00099558956195192668
 0.0024306013040015072
 0.0018664888930180294
 -2.0618419102088945e-17
 0.0027509058028418213
 0.0027329697864504959
 0.0040293271097658493
 0.0047788549986029346
 0.0042295486045030427
 -1.4116399254420919e-17
 0.0090377583891175454
 0.0072779216402073582
 0.010879441768257598
 -1.8301952382087034e-17
 0.0036381882655519286
 0.0030297173246291637
 0.0055493565559364133
 0.00485727480947519
 0.0072398458588425656
 -0.00099558956195197374
 -0.0013685425654059087
 -0.004029327109765897
 -0.0027329697864505427
 -0.0027509058028418708
 -0.0018664888930180737
 -0.0024306013040015493
 -0.0080904703651027369
 -0.0072553809112271073
 -0.0048836896474725219
 -0.0095408216372419481
 -0.008894655312620927
 -0.011732848946980732
 -0.0039975714979638699
 -0.0063014388198214177
 -0.0052243846670547728
 -0.0042295486045030757
 -0.0047788549986029624
 -0.0030297173246292028
 -0.0036381882655519655
 -0.010879441768257633
 -0.0072779216402073946
 -0.0090377583891175853
 -0.0055493565559364593
 -0.007239845858842609
 -0.0048572748094752325
 -0.0088959134483447659
 -0.011774960533806077
 -0.020015439636450763
 -0.01580010332393433
 -0.017783687065765094
 -0.013809084921763814
 -0.014739152773606877
 -0.036163355102125865
 -0.032509397258113984
 -0.036658705752628543
 -0.023746968084748084
 -0.028215038863258615
 -0.026348192981886582
 -0.027404545242042919
 -0.028504090480101468
 -0.02429272871445734
 -0.0096125547116406584
 -0.0053157938027263065
 -0.014402607948342791
 -0.012696059617887155
 -0.015906423032626696
 -0.014407020373705793
 -0.01913080316092864
 -0.021109898666634437
 -0.020859160457260544
 -0.017817014262130431
 -0.044414515681877015
 -0.039357009610042945
 -0.04237074688367673
 -0.041541823280177907
 -0.048473192164691356
 -0.033946241710978112
 -0.028324563818728273
 -0.017024068118393642
 -0.030129609565123148
 -0.026057480707768969
 -0.027570059554967174
 -0.030299078970524848
 -0.023777815268634574
 -0.044991720917864374
 -0.037628152686250999
 -0.041321282372206926
 -0.011270620270431773
 -0.0056682784218572641
 -0.022619084722970455
 -0.016919753198341315
 -0.016925461659049471
 -0.017322804028730602
 -0.022973437447774823
 -0.035857237548444873
 -0.029311923142326085
 -0.029428293698409578
 0
 -0.012547733839036753
 -0.0071250198639969398
 -0.0095072891905685492
 0
 -0.017688191478125261
 -0.018123505818062123
 -1.7700440290975269e-18
 -0.00161274356113597
 0
 -0.0041967564594726373
 -0.0030421276472058409
 -2.5904596370520475e-18
 0
 -0.0032951886575646942
 -0.0051035345953924617
 -0.0057323310322735981
 -8.6598017147152973e-18
 -0.015557796152831892
 -0.011140104838947409
 -4.5174347529865734e-18
 -0.0055327446690196843
 -0.0050293329975464734
 -0.0095735643473496453
 -0.0085208927495044624
 -0.013107805529788009
 0
 0.0016127435611359654
 0.0051035345953924591
 0.0032951886575646907
 0
 0.0030421276472058366
 0.004196756459472633
 0.017024068118393635
 0.012547733839036748
 0
 0.018123505818062116
 0.017688191478125257
 0.02377781526863457
 0
 0.0095072891905685474
 0.007125019863996938
 0.0057323310322735851
 0.0056682784218572459
 0.0050293329975464674
 0.0055327446690196748
 0.016925461659049464
 0.011140104838947401
 0.015557796152831885
 0.0095735643473496418
 0.013107805529788005
 0.0085208927495044589
 0.026057480707768962
 0.030129609565123141
 0.041321282372206912
 0.037628152686250992
 0.044991720917864367
 0.030299078970524845
 0.027570059554967167
 0.036163355102125844
 0.039357009610042924
 0.044414515681876994
 0.028324563818728256
 0.033946241710978091
 0.026348192981886558
 0.048473192164691342
 0.041541823280177886
 0.042370746883676716
 0.011270620270431754
 0.005315793802726284
 0.022973437447774813
 0.017322804028730588
 0.015906423032626675
 0.016919753198341297
 0.022619084722970438
 0.035857237548444866
 0.029428293698409564
 0.029311923142326071
 0.036658705752628522
 0.032509397258113963
 0.024292728714457305
 0.028504090480101441
 0.027404545242042885
 0.028215038863258587
 0.023746968084748056
 0.011774960533806028
 0.0088959134483447139
 0.014739152773606837
 0.01380908492176377
 0.017783687065765053
 0.015800103323934288
 0.020015439636450728
 0.0096125547116406324
 0.019130803160928616
 0.014407020373705766
 0.012696059617887123
 0.014402607948342756
 0.021109898666634402
 0.017817014262130396
 0.020859160457260512
 -0.20381438777885838
 -0.20381438777885838
 0
 0
 -0.21683886373328304
 -0.15112291671475875
 0
 -0.15112291671475872
 -0.15900784769430501
 -0.21450946481802508
 -0.2023560376029932
 -0.20012295127757648
 -0.2145094648180251
 -0.20012295127757648
 -0.18909314309919467
 -0.15800467225069889
 -0.094348123903764874
 -0.088235617053078155
 0
 -0.087314515896197764
 0
 -0.088235617053078155
 -0.094348123903764861
 -0.15800467225069889
 -0.18909314309919464
 -0.21011389828042004
 -0.2107074861564899
 -0.20650668701813907
 -0.21318051670768978
 -0.21274816848768385
 -0.2167156428847514
 -0.18381359920821611
 -0.20187824320580677
 -0.18425152332123473
 -0.2167156428847514
 -0.21274816848768385
 -0.2065066870181391
 -0.2107074861564899
 -0.21011389828042007
 -0.20187824320580677
 -0.18381359920821611
 -0.19954613730167453
 -0.19629661907130508
 -0.15638850927728926
 -0.17953782015225364
 -0.1728765172470022
 -0.18257441765183297
 -0.15844310060652284
 -0.12537174418835251
 -0.12679072712741984
 -0.046590507689984031
 -0.090294519356419065
 -0.056520574359867487
 -0.12641453059541813
 -0.12604188689912535
 0
 -0.045058762931047776
 -0.044783340726561628
 -0.044903796966234692
 0
 -0.087599240989023011
 -0.1258875493772412
 0
 -0.044903796966234692
 -0.046590507689984031
 -0.045058762931047776
 0
 -0.087599240989023011
 -0.12604188689912535
 -0.05652057435986748
 -0.090294519356419051
 -0.15638850927728923
 -0.12679072712741982
 -0.12537174418835248
 -0.12641453059541813
 -0.15844310060652284
 -0.1728765172470022
 -0.17953782015225364
 -0.19629661907130508
