# Created by Octave 5.1.0, Mon Feb 24 21:41:03 2020 GMT <unknown@Thomas-PC>
# name: u_sol
# type: matrix
# rows: 2178
# columns: 1
 0.0038821449665447042
 -0.0038821449665446413
 0
 0
 3.2763701406166603e-17
 -0.041093699453671292
 0
 0.04109369945367132
 1.1040133347625124e-17
 0.0029383935432909197
 2.0657880246615834e-17
 0.012050693078639039
 -0.0029383935432908568
 -0.012050693078638994
 -0.02257020343135057
 -0.021354832631603315
 -0.048619664324026972
 -0.021655175285132451
 0
 4.8339923765338333e-18
 0
 0.021655175285132462
 0.048619664324026986
 0.02135483263160334
 0.022570203431350615
 0.0035327946419777619
 0.0071280002283876671
 0.010142551029449071
 2.6719997827526395e-17
 0.0036816938307243233
 0.0017122234849560694
 0.0086309844485374099
 0.0061380549458566348
 1.5278654806937806e-17
 -0.001712223484956005
 -0.00368169383072427
 -0.010142551029449018
 -0.0071280002283876133
 -0.0035327946419776999
 -0.0061380549458565923
 -0.0086309844485373786
 -0.012799990061626161
 -0.017521750623698856
 -0.031667282720171254
 -0.02501064910168126
 -0.032346817832625531
 -0.017061864106493376
 -0.010703222203346916
 -0.047519610531133946
 -0.035880611881603158
 -0.023754929436870055
 -0.034824871971289889
 -0.039174843815947415
 -0.023542712618028955
 -0.011569733735511076
 0
 -0.013618253299295387
 2.0227545863483653e-18
 -0.0063079916603991154
 0
 -0.01031939526118679
 7.9808211332464205e-18
 0
 0.0063079916603991188
 0.023754929436870062
 0.013618253299295393
 0
 0.010319395261186798
 0.011569733735511092
 0.039174843815947422
 0.034824871971289903
 0.031667282720171282
 0.035880611881603172
 0.047519610531133967
 0.023542712618028972
 0.010703222203346938
 0.032346817832625566
 0.025010649101681291
 0.017521750623698901
 0.012799990061626217
 0.017061864106493411
 0.0036944288196663578
 0.0067182411056111169
 0.0074577010346301422
 0.0048985464449012757
 0.0058696843578918308
 0.0033058888921549006
 0.011713034542824153
 0.008694639808628557
 0.009537581170638864
 2.9916144763594588e-17
 0.0013145421230568019
 0.00089651640306035037
 0.0024518704520180034
 0.001852237041457311
 2.3634790713440461e-17
 0.0024037414782638465
 0.0025995165625949646
 0.0038039378216154288
 0.0048759736068988389
 0.0043226863693348111
 1.3299368587106412e-17
 0.0091384778673444817
 0.0074056152422450052
 0.011041886159779033
 1.7707979662541078e-17
 0.0037141067314849165
 0.0030812787422968401
 0.005450328326348162
 0.0048801943541861301
 0.0072522885774944784
 -0.00089651640306028489
 -0.0013145421230567425
 -0.0038039378216153698
 -0.0025995165625949061
 -0.0024037414782637836
 -0.0018522370414572578
 -0.0024518704520179557
 -0.0074577010346300833
 -0.0067182411056110579
 -0.0036944288196662954
 -0.0095375811706388154
 -0.0086946398086285032
 -0.011713034542824104
 -0.0033058888921548382
 -0.0058696843578917718
 -0.0048985464449012167
 -0.0043226863693347798
 -0.004875973606898812
 -0.003081278742296798
 -0.0037141067314848805
 -0.011041886159778995
 -0.0074056152422449679
 -0.0091384778673444383
 -0.0054503283263481091
 -0.0072522885774944307
 -0.0048801943541860824
 -0.0081541260175524086
 -0.011487977380208472
 -0.020081102451125737
 -0.015725784864890013
 -0.017635409310426019
 -0.013769960038862378
 -0.014848993550639882
 -0.036523138078707003
 -0.032817824158467568
 -0.036940487791808141
 -0.024018498178840605
 -0.028514705875148618
 -0.026585605551125137
 -0.027510811613977743
 -0.02874778600973929
 -0.024458468755313878
 -0.0097548973977384743
 -0.0053544165914797964
 -0.014588521154411983
 -0.012889642483139487
 -0.016044603419595387
 -0.014594586087365871
 -0.019363003553327936
 -0.021304353852181126
 -0.021111946862583237
 -0.018015443447313262
 -0.044791126796183217
 -0.039668931917079701
 -0.042805814461855378
 -0.041887203504409602
 -0.048965208322782505
 -0.034223486267623511
 -0.02856730788056757
 -0.017940313333810881
 -0.030962726327643277
 -0.026821580714210605
 -0.027999120970938415
 -0.030920876730115749
 -0.024274380622574199
 -0.045741483302308164
 -0.038342647683102242
 -0.041887230558034394
 -0.01134350177213745
 -0.0056704871266575153
 -0.022817339397835232
 -0.01706099183117795
 -0.017130145069150362
 -0.01748817211892098
 -0.023254895799088439
 -0.036252283446354665
 -0.029657328422897852
 -0.02970692970554608
 0
 -0.012975798447496033
 -0.0072729922501573244
 -0.0097474997820649993
 0
 -0.01814485939992359
 -0.018479136405040057
 4.7923498968582776e-19
 -0.0016447749153951016
 0
 -0.0042652512876899442
 -0.0030971164154821075
 3.1522447989318011e-18
 0
 -0.0033546542532331904
 -0.0051979013990841672
 -0.0057598690667457026
 9.9394086269208149e-18
 -0.01579582636164379
 -0.011264453890841403
 5.900425730016265e-18
 -0.0055855088319887074
 -0.0050971649221542726
 -0.0097584779181575723
 -0.0086650210526199017
 -0.013345055955914554
 0
 0.0016447749153951031
 0.0051979013990841689
 0.0033546542532331921
 0
 0.0030971164154821118
 0.0042652512876899503
 0.017940313333810888
 0.012975798447496035
 0
 0.018479136405040064
 0.018144859399923594
 0.024274380622574209
 0
 0.0097474997820650028
 0.0072729922501573261
 0.0057598690667457183
 0.0056704871266575344
 0.0050971649221542821
 0.0055855088319887196
 0.017130145069150376
 0.011264453890841415
 0.015795826361643801
 0.0097584779181575758
 0.013345055955914561
 0.0086650210526199069
 0.026821580714210612
 0.030962726327643283
 0.041887230558034408
 0.038342647683102249
 0.045741483302308178
 0.030920876730115759
 0.027999120970938426
 0.036523138078707031
 0.039668931917079729
 0.044791126796183245
 0.028567307880567591
 0.034223486267623532
 0.026585605551125161
 0.048965208322782526
 0.041887203504409623
 0.042805814461855399
 0.011343501772137469
 0.005354416591479819
 0.023254895799088453
 0.017488172118920998
 0.016044603419595412
 0.017060991831177971
 0.022817339397835253
 0.036252283446354679
 0.029706929705546097
 0.029657328422897866
 0.036940487791808176
 0.032817824158467603
 0.02445846875531392
 0.028747786009739325
 0.027510811613977785
 0.028514705875148646
 0.024018498178840633
 0.011487977380208528
 0.0081541260175524675
 0.014848993550639927
 0.013769960038862428
 0.017635409310426071
 0.015725784864890062
 0.020081102451125783
 0.0097548973977385003
 0.019363003553327963
 0.014594586087365899
 0.012889642483139519
 0.014588521154412023
 0.021304353852181164
 0.0180154434473133
 0.021111946862583272
 0.0037851945052136738
 0.005545522169554006
 0.0057430262643197163
 0.0050964428535203504
 0.0053309403649434385
 0.0036150414275362558
 0.0089323765658206409
 0.0071001568028339155
 0.0084011810515298036
 0.0038780198400938989
 0.0042315728561429719
 0.003142394828154533
 0.0066347255953723419
 0.0053998149674982111
 0.0059857439126255489
 0.003433453340304227
 0.0045507641802565255
 0.0048378568515540848
 0.012043717617135744
 0.010640028140567328
 0.010785963471343236
 0.0094332472591649209
 0.010184132683337396
 0.011074166314135771
 0.0083151272508046256
 0.0092642542127744018
 0.0079260284131694378
 0.0063087266432163332
 0.0072536818319359278
 0.0078423039143706574
 3.1386435978781231e-17
 0.00054176819580855316
 0.00045356546498846739
 0.00078642082181761995
 0.00065656615580298968
 2.829436600527304e-17
 0.0013174837609583783
 0.0010846722678349411
 0.0016150444153129539
 0.0013834283557247196
 0.0012269613952456365
 2.2308283497481301e-17
 0.0027723097286573434
 0.0021465839550222497
 0.0032134700649236085
 2.5122528850712189e-17
 0.0010740804298050438
 0.00092653909461864776
 0.0026920268732509509
 0.0030661519394488005
 0.0034893246357288162
 0.0021253997093474922
 0.0026104745207852827
 0.0020758767368319539
 0.0038729336397865847
 0.0032140113560069771
 0.0031218432271711313
 0.0015730558912948217
 0.002353534921771731
 0.001964573762459532
 0.0025537073303411074
 0.0024337426068696479
 1.2065665238568443e-17
 0.0064807164553968375
 0.004608148473359496
 0.006912247068470369
 1.4278348990918724e-17
 0.0023025842616923604
 0.0021612615917783766
