# Created by Octave 5.1.0, Wed Apr 22 03:12:20 2020 GMT <unknown@Thomas-PC>
# name: contactConvergence
# type: matrix
# rows: 6
# columns: 1
 1.6699308454226121
 1.6396563196961478
 8.6736173798840355e-19
 6.0715321659188248e-18
 1.7347234759768071e-18
 2.6020852139652106e-18


