# Created by Octave 5.1.0, Wed Apr 22 03:24:40 2020 GMT <unknown@Thomas-PC>
# name: contactConvergence
# type: matrix
# rows: 9
# columns: 1
 0.54952802021964897
 0.077685014698055291
 3.4431954943064201e-18
 1.2965880582005169e-18
 2.7788795161785999e-18
 8.9520417705024694e-18
 0.00040565676291715795
 36.020216160461771
 845792.82814405044


