# Created by Octave 5.1.0, Wed Apr 22 11:04:31 2020 GMT <unknown@Thomas-PC>
# name: contactConvergence
# type: matrix
# rows: 101
# columns: 1
 0.77962483998384469
 0.76058843691554101
 0.66551488230109834
 0.33275744115054917
 0.24956808086291191
 2.4130316692314918e-18
 2.6489175949282493e-18
 0.016125530749367966
 0.015117685077532467
 0.01322797444284091
 0.011574477637485795
 0.0057872388187428974
 0.00023733736641917049
 0.00011866868320958509
 5.9334341604792574e-05
 5.5625945254491871e-05
 5.2149323676087402e-05
 4.8889990946330397e-05
 4.5834366512184868e-05
 4.2969718605173557e-05
 3.7598503779528241e-05
 3.2898690807086836e-05
 2.4674018105313745e-05
 2.1589765842151082e-05
 2.0915085659582975e-05
 2.026148923272162e-05
 1.8995146155677801e-05
 1.7807949520946615e-05
 1.7529700309682597e-05
 1.7534047953608846e-05
 1.6438169956507388e-05
 1.5410784334224755e-05
 1.4929197323781703e-05
 1.4695928615598165e-05
 1.44663047309783e-05
 1.4469892604175557e-05
 1.4469836543657904e-05
 1.2661106975698791e-05
 1.1078468603736287e-05
 9.6936600282686529e-06
 9.0878062765036949e-06
 8.9458093034355312e-06
 8.9480280061370837e-06
 8.9479933389081641e-06
 8.9479938805830894e-06
 6.710995410436653e-06
 5.8721209841330121e-06
 5.7803690937555688e-06
 5.6900508266672596e-06
 0.039254260261341059
 0.0001794001423219672
 0.11532697096641716
 0.00023035887974511617
 4.0184683331032134e-18
 3.8952715910847687e-18
 3.7295274922485323e-18
 3.7466315062780076e-18
 3.7334966815941283e-18
 4.3577611880305795e-18
 2.8449370912909516e-18
 3.759860812381145e-18
 3.4861125565355906e-18
 2.4792957965220389e-18
 3.99659637653081e-18
 2.2081099132748519e-18
 2.7140373217768478e-18
 1.9248364352645429e-18
 3.6173914036988744e-18
 2.2288521286107945e-18
 2.2090509698980421e-18
 2.8994272089353852e-18
 3.8962217075499964e-18
 3.0250780944831835e-18
 2.5481935936270259e-18
 2.9468744348405613e-18
 3.5362128473789138e-18
 3.7979434852274009e-18
 3.3526390580315422e-18
 3.1527465844147584e-18
 4.5386135733553284e-18
 5.8234321744524268e-18
 3.643461214681007e-18
 5.1027278499667293e-18
 3.3296975231242088e-18
 4.9036743477691713e-18
 4.9542784496425368e-18
 2.8894496754642098e-18
 4.5984789759853508e-18
 4.4030106455349376e-18
 1.9686936503059002e-18
 3.5586752578693054e-18
 3.9046373174450859e-18
 3.7069461444561564e-18
 3.2393118700662844e-18
 3.5101470745372064e-18
 2.368884111327301e-18
 5.0971051309195803e-18
 2.9144505405348038e-18
 4.0233930924136322e-18
 4.3151864189234126e-18
 4.3918963159830575e-18


