# Created by Octave 5.1.0, Wed Apr 22 03:12:01 2020 GMT <unknown@Thomas-PC>
# name: contactConvergence
# type: matrix
# rows: 6
# columns: 1
 0
 0.097459223076524493
 3.4694469519536142e-18
 2.4286128663675299e-17
 3.4694469519536142e-17
 6.9388939039072284e-18


