# Created by Octave 5.1.0, Wed Apr 22 03:13:24 2020 GMT <unknown@Thomas-PC>
# name: contactConvergence
# type: matrix
# rows: 6
# columns: 1
 1.1092901038646066
 0.55464505193230329
 0.32721205285635541
 9.4596639549360262e-18
 6.0952490884419452e-18
 1.0364295142603619e-17


