# Created by Octave 5.1.0, Wed Apr 22 11:04:31 2020 GMT <unknown@Thomas-PC>
# name: equilibriumConvergence
# type: matrix
# rows: 101
# columns: 1
 0.79128517443279567
 0.74190946808757718
 0.6817468357882589
 0.87816900120314445
 0.78877751400634921
 0.3124893817888646
 0.27700730400927825
 0.25611653599109346
 0.25020801643633672
 0.25290821195251534
 0.24674608426120742
 0.22736627322562161
 0.073133916333172025
 0.065804287928139582
 0.065792782614937914
 0.064200373967152502
 0.062704918641717289
 0.061410443499579054
 0.059908447425791607
 0.059625990739886725
 0.05698204294799844
 0.05709329600712057
 0.052707454942911
 0.050108349096958105
 0.049798896784540664
 0.049829558206564574
 0.049896763854240855
 0.048550371167612405
 0.04901292980438493
 0.049037719376187741
 0.048797840843731344
 0.04802115964618698
 0.047693234446123299
 0.047458892443020789
 0.04848702610442409
 0.048566767602633218
 0.048572469843651662
 0.048039290631103987
 0.047551200448842749
 0.046829594392398581
 0.045508135844189938
 0.048480611941909418
 0.048949569323490427
 0.049023853328969622
 0.049035702764321065
 0.047144600366112982
 0.04502974791815606
 0.04471480857142076
 0.059373204809277137
 0.069963560545587
 0.090092593070394925
 0.092895286411308828
 0.11853199123034726
 0.070517743605796643
 0.068707304309637146
 0.063922743605909035
 0.065248848038263238
 0.072040744766672077
 0.039037373589119469
 0.038801736787230957
 0.038663083923527054
 0.03863515737502287
 0.038522643495557153
 0.040113040826243437
 0.040254452898887627
 0.040268118116090032
 0.039356910480921922
 0.039119098534291116
 0.039555145012130061
 0.039566954337017776
 0.039256995672032592
 0.040199257559214316
 0.04024874930551478
 0.03964073937170521
 0.03972844580684888
 0.039728514114086233
 0.039676069776420353
 0.040171784000955758
 0.040187380008940544
 0.039755200597562323
 0.043141228212256216
 0.043710546945408366
 0.043810393030756928
 0.043827981126045273
 0.042101922688785445
 0.040951529325302841
 0.050305059436133379
 0.05543780719683343
 0.058856172353619042
 0.061370341374152197
 0.063343323806890395
 0.064966160110905349
 0.066350666531145672
 0.067567603572474669
 0.068664645350626108
 0.06967571299951994
 0.070626216056633134
 0.071536203053221697
 0.072422386217097415
 0.073299544078355441
 0.074181587718004108


