# Created by Octave 5.1.0, Wed Apr 22 03:12:20 2020 GMT <unknown@Thomas-PC>
# name: equilibriumConvergence
# type: matrix
# rows: 6
# columns: 1
 3.1016013900527888
 1.7060866021619459
 0.29450040345958728
 0.0064668974554044738
 7.1771666298812341e-06
 1.091635274199096e-11


