# Created by Octave 5.1.0, Wed Apr 22 03:24:40 2020 GMT <unknown@Thomas-PC>
# name: equilibriumConvergence
# type: matrix
# rows: 9
# columns: 1
 1.2032264284843677
 0.34288982797393558
 0.13031100480854371
 0.12945099668357951
 0.29362810746808687
 1.3242231671630187
 80.367119591168063
 65893.626878848605
 7055617363123615


