# Created by Octave 5.1.0, Wed Apr 22 03:13:24 2020 GMT <unknown@Thomas-PC>
# name: equilibriumConvergence
# type: matrix
# rows: 6
# columns: 1
 2.0413534001980995
 1.0927364658604148
 0.14724098067150032
 0.0028355410124152633
 1.6250408940022311e-06
 5.4365350061310947e-13


