# Created by Octave 5.1.0, Wed Apr 22 03:12:01 2020 GMT <unknown@Thomas-PC>
# name: lambda_sol
# type: matrix
# rows: 3
# columns: 1
 0
 -4.7191221396870535
 0


