# Created by Octave 5.1.0, Wed Apr 22 03:13:24 2020 GMT <unknown@Thomas-PC>
# name: lambda_sol
# type: matrix
# rows: 9
# columns: 1
 0
 0
 0
 0
 -3.0104431668681859
 0
 0
 0
 0


