# Created by Octave 5.1.0, Wed Apr 22 03:24:40 2020 GMT <unknown@Thomas-PC>
# name: lambda_sol
# type: matrix
# rows: 17
# columns: 1
 0
 0
 0
 0
 0
 0
 -0.74298086808994412
 0
 -3.6152011156082153
 0
 -0.74298086808994412
 0
 0
 0
 0
 0
 0


