# Created by Octave 5.1.0, Wed Apr 22 11:04:31 2020 GMT <unknown@Thomas-PC>
# name: lambda_sol
# type: matrix
# rows: 33
# columns: 1
 0
 0
 0
 0
 0
 0
 0
 0
 0
 0
 0
 0
 -0.064259354852740813
 -1.3654004823340387
 0
 -2.4857098150722496
 -1.8873938598185056
 -2.4857098150722523
 0
 -1.3654004823340538
 -0.064259354852726602
 0
 0
 0
 0
 0
 0
 0
 0
 0
 0
 0
 0


