# Created by Octave 5.1.0, Wed Apr 22 03:12:01 2020 GMT <unknown@Thomas-PC>
# name: u_sol
# type: matrix
# rows: 18
# columns: 1
 0.010075321326220387
 -0.010075321326220407
 0
 0
 -1.1113010914838558e-17
 -0.030969373964326419
 0
 0.030969373964326408
 -4.7804571965746484e-18
 -0.19375068322974939
 -0.19375068322974939
 0
 0
 -0.099999999999999992
 -0.12682019552200066
 0
 -0.12682019552200066
 -0.12223624855668545


