# Created by Octave 5.1.0, Wed Apr 22 03:12:20 2020 GMT <unknown@Thomas-PC>
# name: u_sol
# type: matrix
# rows: 50
# columns: 1
 0.019693748615935369
 -0.019693748615935338
 0
 0
 1.6107267752231073e-17
 -0.035597081310764153
 0
 0.03559708131076416
 4.9776494569421423e-18
 0.011612206535761003
 8.2225734673290278e-18
 0.0086579059894180497
 -0.011612206535760972
 -0.0086579059894180323
 -0.022864429341049292
 -0.016073548570119015
 -0.037660527794651157
 -0.013034290820264791
 0
 1.4638992402631042e-18
 0
 0.013034290820264792
 0.037660527794651157
 0.016073548570119025
 0.022864429341049312
 -0.20310949839003523
 -0.20310949839003523
 0
 0
 -0.099999999999999936
 -0.13645049841549439
 0
 -0.13645049841549439
 -0.1312682030528467
 -0.18898865196807679
 -0.15282506718847597
 -0.17618244015886755
 -0.18898865196807679
 -0.17618244015886753
 -0.18057807194747616
 -0.13683186417707668
 -0.08090178799817567
 -0.074673517973184167
 0
 -0.072333742373298468
 0
 -0.074673517973184167
 -0.08090178799817567
 -0.13683186417707668
 -0.18057807194747619


