# Created by Octave 5.1.0, Wed Apr 22 03:13:24 2020 GMT <unknown@Thomas-PC>
# name: u_sol
# type: matrix
# rows: 162
# columns: 1
 0.024478506730052852
 -0.024478506730052821
 0
 0
 4.7203638538879152e-17
 -0.04375415815095772
 0
 0.043754158150957727
 2.7938998697917801e-18
 0.020235902298259945
 6.3264016292142212e-18
 0.015571282191046368
 -0.02023590229825991
 -0.015571282191046353
 -0.03116277542740702
 -0.02069971775527471
 -0.045410581646845763
 -0.016667351242898139
 0
 1.477792176801275e-18
 0
 0.016667351242898139
 0.045410581646845763
 0.020699717755274717
 0.031162775427407037
 0.022228988114356481
 0.015187840421816199
 0.020788408452216439
 3.2328225865530362e-18
 0.0082220638217512867
 0.019709767432153656
 0.008470956198149868
 0.0073526850121395128
 4.8265522317579321e-18
 -0.019709767432153615
 -0.0082220638217512711
 -0.020788408452216415
 -0.015187840421816179
 -0.022228988114356446
 -0.0073526850121394998
 -0.0084709561981498576
 -0.025638834396142694
 -0.023458413694581993
 -0.032523256345511703
 -0.028077999614180706
 -0.038108777662116358
 -0.018117279496323982
 -0.0097188526853092677
 -0.047570599075159509
 -0.033704179962180246
 -0.016708975715370906
 -0.029254102948009997
 -0.033649765449098347
 -0.02054189439850786
 -0.0096378061158865699
 0
 -0.009298183812968595
 1.2144517281578182e-18
 -0.0042237316664460785
 0
 -0.0076577755862879647
 1.9771652384120148e-18
 0
 0.0042237316664460803
 0.016708975715370902
 0.0092981838129685933
 0
 0.0076577755862879682
 0.0096378061158865717
 0.033649765449098347
 0.029254102948009997
 0.03252325634551171
 0.033704179962180253
 0.047570599075159509
 0.020541894398507864
 0.0097188526853092729
 0.038108777662116372
 0.028077999614180719
 0.023458413694582011
 0.025638834396142715
 0.018117279496323996
 -0.21588013157082192
 -0.21588013157082192
 0
 0
 -0.099999999999999992
 -0.14783286765264769
 0
 -0.14783286765264772
 -0.14612812253148014
 -0.21332315474236907
 -0.18613456817589313
 -0.19454250783798138
 -0.21332315474236907
 -0.19454250783798138
 -0.19345623341400128
 -0.14858083288215113
 -0.087486137276803586
 -0.080406873227517481
 0
 -0.079211271736204861
 0
 -0.080406873227517481
 -0.087486137276803586
 -0.14858083288215113
 -0.19345623341400131
 -0.21550946540085689
 -0.20778949535688832
 -0.20967472026999803
 -0.19338736750666202
 -0.20181066166792408
 -0.20400794060187494
 -0.17178428924978253
 -0.19040254983849825
 -0.16989721360979224
 -0.20400794060187494
 -0.20181066166792408
 -0.20967472026999803
 -0.20778949535688832
 -0.21550946540085686
 -0.19040254983849825
 -0.17178428924978253
 -0.20839406446508971
 -0.19604865429571525
 -0.15004764496741843
 -0.17588631602722027
 -0.17297836965248803
 -0.17462374554999552
 -0.14647835346163754
 -0.12029413687737216
 -0.11896768823050517
 -0.041446651542088146
 -0.082582352715847449
 -0.048458603412237136
 -0.11681848314964585
 -0.11529071610528559
 0
 -0.040986070903567935
 -0.040738851421491251
 -0.040905543031345491
 0
 -0.079645181952896035
 -0.11468951539625108
 0
 -0.040905543031345498
 -0.041446651542088146
 -0.040986070903567935
 0
 -0.079645181952896035
 -0.11529071610528559
 -0.048458603412237136
 -0.082582352715847462
 -0.15004764496741843
 -0.11896768823050519
 -0.12029413687737216
 -0.11681848314964585
 -0.14647835346163754
 -0.17297836965248803
 -0.17588631602722027
 -0.19604865429571525
 -0.20839406446508973
 -0.17462374554999552


