# Created by Octave 5.1.0, Wed Apr 22 03:24:40 2020 GMT <unknown@Thomas-PC>
# name: u_sol
# type: matrix
# rows: 578
# columns: 1
 0.020732696531922556
 -0.020732696531922556
 0
 0
 -4.1065321953190955e-17
 -0.045596510844916338
 0
 0.045596510844916338
 -3.4717059822064965e-18
 0.019249052536906675
 -2.2800129815894332e-18
 0.016633987400382466
 -0.019249052536906675
 -0.016633987400382466
 -0.031976490678971459
 -0.021557840995228617
 -0.047239526549674338
 -0.017536755154651473
 0
 -3.0911840045249858e-18
 0
 0.017536755154651473
 0.047239526549674338
 0.021557840995228617
 0.031976490678971459
 0.019668797831400298
 0.016137799233547412
 0.021099670353578404
 -1.5288233322613326e-17
 0.0097772269800771028
 0.020235041331034154
 0.009146297143161064
 0.0080166833593011688
 -3.4109667302121871e-18
 -0.020235041331034154
 -0.0097772269800771028
 -0.021099670353578404
 -0.016137799233547412
 -0.019668797831400298
 -0.0080166833593011688
 -0.009146297143161064
 -0.025279879413574236
 -0.024647919664857909
 -0.033821498338511446
 -0.029513468614823068
 -0.039387255257679499
 -0.019241327130657737
 -0.010211552715190919
 -0.049334998759150039
 -0.035033791878959164
 -0.018105111241311533
 -0.030654020461952314
 -0.035579844123276416
 -0.021401665955636417
 -0.0099984835178474896
 0
 -0.0097853471061171149
 -1.6990938989373072e-18
 -0.0043935915855399799
 0
 -0.007984102109730884
 -3.0655400355179524e-18
 0
 0.0043935915855399799
 0.018105111241311533
 0.0097853471061171149
 0
 0.007984102109730884
 0.0099984835178474896
 0.035579844123276416
 0.030654020461952314
 0.033821498338511446
 0.035033791878959164
 0.049334998759150039
 0.021401665955636417
 0.010211552715190919
 0.039387255257679499
 0.029513468614823068
 0.024647919664857909
 0.025279879413574236
 0.019241327130657737
 0.020155521757260431
 0.020204904045385774
 0.021400969410024118
 0.017457889262004755
 0.018890460778493434
 0.019361401558853686
 0.019430355110671371
 0.018779687394271605
 0.015941875499265734
 6.7254071904856625e-17
 0.01479829935124144
 0.0076529915677383542
 0.0040941791867226129
 0.005915218160225777
 -3.2151964470731901e-18
 0.019412692519836128
 0.01480877649737522
 0.015984018100425601
 0.0047545073412038619
 0.0044379204273354844
 -3.781001427744415e-18
 0.012336058075106848
 0.0084873273226548918
 0.013119403257405793
 -2.6673288779851776e-18
 0.0040966561655295664
 0.0038689674458964873
 0.013135570952726994
 0.0081470724271639483
 0.01214598913975351
 -0.0076529915677383542
 -0.01479829935124144
 -0.015984018100425601
 -0.01480877649737522
 -0.019412692519836128
 -0.005915218160225777
 -0.0040941791867226129
 -0.021400969410024118
 -0.020204904045385774
 -0.020155521757260431
 -0.015941875499265734
 -0.018779687394271605
 -0.019430355110671371
 -0.019361401558853686
 -0.018890460778493434
 -0.017457889262004755
 -0.0044379204273354844
 -0.0047545073412038619
 -0.0038689674458964873
 -0.0040966561655295664
 -0.013119403257405793
 -0.0084873273226548918
 -0.012336058075106848
 -0.013135570952726994
 -0.01214598913975351
 -0.0081470724271639483
 -0.022604932644753717
 -0.02319288896251237
 -0.028340686214505695
 -0.02554489755857503
 -0.028447930359106977
 -0.022602887052926235
 -0.020758059024046815
 -0.039890130468847929
 -0.037393456512290868
 -0.042812909967324231
 -0.026198930441751145
 -0.031848747783442377
 -0.02763834040160873
 -0.035693610150246968
 -0.034494254088713205
 -0.031398184150702946
 -0.0097723529688664712
 -0.0050004049508061144
 -0.017842791431576188
 -0.014112797873167438
 -0.015726568248283002
 -0.01505174488920602
 -0.020558497773890849
 -0.027032387235294664
 -0.02441042552163708
 -0.022510409575261292
 -0.048077929604914971
 -0.041681420047098072
 -0.041525805805576965
 -0.042332493943831651
 -0.049178490709891776
 -0.034960493543621851
 -0.028270535607589409
 -0.012993380535590404
 -0.025361461219290504
 -0.023265830469426874
 -0.023523213363660034
 -0.025506469235551776
 -0.019097321364824893
 -0.042986356340406928
 -0.033707839502312709
 -0.038840299494040664
 -0.010320136789232492
 -0.0051057936580036767
 -0.021868143267056439
 -0.015880424718488939
 -0.014302108262199908
 -0.015437403924806858
 -0.019988325335361878
 -0.033714509838318918
 -0.026446496114658657
 -0.027959203089267248
 0
 -0.0091755593912239419
 -0.0049663322829474055
 -0.006766874294498848
 0
 -0.013351828767554252
 -0.014076904144530999
 -1.0885857224376754e-18
 -0.0010853636539422951
 0
 -0.003095137081345456
 -0.0021384414289968845
 -2.0524824784460033e-18
 0
 -0.0022322969330161868
 -0.0034989021910405427
 -0.0049251250111410627
 -3.3501436744820684e-18
 -0.01245019759699062
 -0.0092157293511263561
 -2.6651710998091506e-18
 -0.0045193045243649976
 -0.003901780565684021
 -0.0068873438376613194
 -0.0063491197852272308
 -0.0099353190880719922
 0
 0.0010853636539422951
 0.0034989021910405427
 0.0022322969330161868
 0
 0.0021384414289968845
 0.003095137081345456
 0.012993380535590404
 0.0091755593912239419
 0
 0.014076904144530999
 0.013351828767554252
 0.019097321364824893
 0
 0.006766874294498848
 0.0049663322829474055
 0.0049251250111410627
 0.0051057936580036767
 0.003901780565684021
 0.0045193045243649976
 0.014302108262199908
 0.0092157293511263561
 0.01245019759699062
 0.0068873438376613194
 0.0099353190880719922
 0.0063491197852272308
 0.023265830469426874
 0.025361461219290504
 0.038840299494040664
 0.033707839502312709
 0.042986356340406928
 0.025506469235551776
 0.023523213363660034
 0.039890130468847929
 0.041681420047098072
 0.048077929604914971
 0.028270535607589409
 0.034960493543621851
 0.02763834040160873
 0.049178490709891776
 0.042332493943831651
 0.041525805805576965
 0.010320136789232492
 0.0050004049508061144
 0.019988325335361878
 0.015437403924806858
 0.015726568248283002
 0.015880424718488939
 0.021868143267056439
 0.033714509838318918
 0.027959203089267248
 0.026446496114658657
 0.042812909967324231
 0.037393456512290868
 0.031398184150702946
 0.034494254088713205
 0.035693610150246968
 0.031848747783442377
 0.026198930441751145
 0.02319288896251237
 0.022604932644753717
 0.020758059024046815
 0.022602887052926235
 0.028447930359106977
 0.02554489755857503
 0.028340686214505695
 0.0097723529688664712
 0.020558497773890849
 0.01505174488920602
 0.014112797873167438
 0.017842791431576188
 0.027032387235294664
 0.022510409575261292
 0.02441042552163708
 -0.21254108112043468
 -0.21254108112043468
 0
 0
 -0.09999999999999995
 -0.14884492920100456
 0
 -0.14884492920100456
 -0.14695233902602922
 -0.21465083738439716
 -0.18945384812832344
 -0.19609020455391146
 -0.21465083738439716
 -0.19609020455391146
 -0.19281044080344145
 -0.14952322749741143
 -0.088518593307526316
 -0.080970572027581511
 0
 -0.079854094146867283
 0
 -0.080970572027581511
 -0.088518593307526316
 -0.14952322749741143
 -0.19281044080344145
 -0.21520699369284557
 -0.20959756441880018
 -0.21009026098909089
 -0.19894677805132233
 -0.20440959469124209
 -0.20476495864568278
 -0.17331745747651439
 -0.19251370748679619
 -0.17185958630579989
 -0.20476495864568278
 -0.20440959469124209
 -0.21009026098909089
 -0.20959756441880018
 -0.21520699369284557
 -0.19251370748679619
 -0.17331745747651439
 -0.20652265224271105
 -0.19676518384221708
 -0.15101696090641781
 -0.1767863099121314
 -0.17326344167304342
 -0.17586068242962938
 -0.14752392665104708
 -0.12102802561639692
 -0.11975313595394255
 -0.042049923864396987
 -0.083177249867731007
 -0.050192637541840668
 -0.1175698543083854
 -0.11606033839780139
 0
 -0.041245024358431692
 -0.041079764077949221
 -0.04114785437923274
 0
 -0.080164495531789726
 -0.11550757237273501
 0
 -0.04114785437923274
 -0.042049923864396987
 -0.041245024358431692
 0
 -0.080164495531789726
 -0.11606033839780139
 -0.050192637541840668
 -0.083177249867731007
 -0.15101696090641781
 -0.11975313595394255
 -0.12102802561639692
 -0.1175698543083854
 -0.14752392665104708
 -0.17326344167304342
 -0.1767863099121314
 -0.19676518384221708
 -0.20652265224271105
 -0.17586068242962938
