# Created by Octave 5.1.0, Wed Apr 22 11:04:31 2020 GMT <unknown@Thomas-PC>
# name: u_sol
# type: matrix
# rows: 2178
# columns: 1
 0.016473703694531897
 -0.016473703694531883
 0
 0
 1.2359582246443188e-17
 -0.045993739770807146
 0
 0.045993739770807146
 5.4966998554495647e-18
 0.01613859241897117
 9.2918947373797768e-18
 0.015917398866771411
 -0.016138592418971115
 -0.01591739886677139
 -0.031096143370680097
 -0.021733421248652636
 -0.048035326467396222
 -0.017950091354755733
 0
 1.8918553153996095e-18
 0
 0.01795009135475574
 0.048035326467396236
 0.021733421248652643
 0.031096143370680143
 0.015964599628509157
 0.014232066020009634
 0.019200019141463603
 1.1432385432755223e-17
 0.0076880732743740826
 0.019111283404350976
 0.009141952768856227
 0.0074850866468028007
 7.2403187981452037e-18
 -0.019111283404350948
 -0.0076880732743740627
 -0.019200019141463576
 -0.014232066020009598
 -0.015964599628509143
 -0.0074850866468027964
 -0.0091419527688562097
 -0.023234417392750853
 -0.023912362130135784
 -0.034051484404867327
 -0.029457727725443819
 -0.039207302936439065
 -0.019181516778263793
 -0.010348866875818877
 -0.049853955484035845
 -0.035490092636475415
 -0.018781160916316535
 -0.031299438221915742
 -0.036569780906598404
 -0.021752665308153354
 -0.010172622218447079
 0
 -0.010069964296529732
 8.3945696421720178e-19
 -0.0045138218955587846
 0
 -0.0081715304122317173
 3.315794993417464e-18
 0
 0.0045138218955587863
 0.018781160916316542
 0.010069964296529735
 0
 0.0081715304122317207
 0.010172622218447086
 0.03656978090659839
 0.031299438221915742
 0.034051484404867341
 0.035490092636475429
 0.049853955484035858
 0.021752665308153368
 0.010348866875818891
 0.039207302936439078
 0.02945772772544383
 0.023912362130135811
 0.023234417392750867
 0.01918151677826381
 0.01614195224226582
 0.017473628608137268
 0.018565954343239321
 0.014807922213193492
 0.016251850457111292
 0.015936099049576158
 0.018197074817072417
 0.016903027170105403
 0.014700643599077488
 -2.0072075714182569e-18
 0.010831992925488088
 -0.0016284867116770629
 0.003375105456183105
 0.0040138930878872089
 9.9592870397347644e-18
 0.016911839940132317
 0.011041061125215787
 0.013004893085763941
 0.0048429337669395126
 0.0044690521476533811
 6.295667056996783e-18
 0.011664612766148066
 0.0082872521594103028
 0.012828684917740554
 8.3628435874425715e-18
 0.0040164497420419696
 0.0035801872602929546
 0.011119116875073304
 0.0070556766783765254
 0.010915506118548718
 0.0016284867116770701
 -0.010831992925488088
 -0.013004893085763927
 -0.011041061125215759
 -0.016911839940132317
 -0.0040138930878871812
 -0.0033751054561830846
 -0.018565954343239294
 -0.01747362860813724
 -0.016141952242265806
 -0.014700643599077476
 -0.016903027170105389
 -0.018197074817072403
 -0.01593609904957613
 -0.016251850457111278
 -0.014807922213193478
 -0.0044690521476533672
 -0.0048429337669395004
 -0.0035801872602929316
 -0.004016449742041954
 -0.01282868491774054
 -0.0082872521594102855
 -0.011664612766148046
 -0.011119116875073276
 -0.01091550611854869
 -0.0070556766783765124
 -0.019650794408775138
 -0.021247827818994619
 -0.027558995303960457
 -0.024260730084446777
 -0.027066015197170782
 -0.021360149905460854
 -0.020034732966453653
 -0.040176704328242163
 -0.037533804366679864
 -0.042894330227498396
 -0.026322983452638095
 -0.031992021656580161
 -0.027835516601933445
 -0.035203141383152226
 -0.034405064964014478
 -0.03100588352902113
 -0.0098705503494392298
 -0.005090385425420417
 -0.017514430013241239
 -0.014067755955928851
 -0.015885968809721571
 -0.015148023538293049
 -0.020662660050858442
 -0.026685632868378932
 -0.024355209303992553
 -0.022174986710720025
 -0.048495382161083955
 -0.042049365481834605
 -0.042142192416471019
 -0.042816131105620422
 -0.049830835722184913
 -0.035306611081603059
 -0.028589138781887034
 -0.013831848831311538
 -0.026237081909567167
 -0.024286496749330363
 -0.024055357005454178
 -0.026200069537775449
 -0.019631021742435757
 -0.04391019258157064
 -0.034567353359356817
 -0.03959245840472736
 -0.010474715497142153
 -0.0051612981047601779
 -0.022148830496222079
 -0.016109064243482546
 -0.014598581321050644
 -0.01570931385740636
 -0.020385372632140172
 -0.034274328952688685
 -0.026931194919407514
 -0.028370922521174395
 0
 -0.0095397328349645857
 -0.0051128598238273214
 -0.0069855013263068096
 0
 -0.013780735243048323
 -0.014457037696644214
 1.696482821289513e-19
 -0.0011185014850946026
 0
 -0.0031746155135881464
 -0.0021982084870615804
 1.5260686832159503e-18
 0
 -0.0022966405435346448
 -0.0035987892943592677
 -0.0049979383110804586
 4.4934195119668381e-18
 -0.012745895032209836
 -0.009405194248579371
 2.55688284595816e-18
 -0.0046061740033762188
 -0.0039910602855777267
 -0.0070781102338792496
 -0.006512622958736957
 -0.010195628282099117
 0
 0.0011185014850946034
 0.0035987892943592694
 0.0022966405435346461
 0
 0.002198208487061583
 0.003174615513588149
 0.013831848831311538
 0.0095397328349645857
 0
 0.014457037696644214
 0.013780735243048327
 0.019631021742435757
 0
 0.0069855013263068096
 0.0051128598238273214
 0.0049979383110804639
 0.0051612981047601883
 0.003991060285577731
 0.004606174003376224
 0.014598581321050651
 0.009405194248579378
 0.012745895032209836
 0.0070781102338792513
 0.010195628282099117
 0.0065126229587369622
 0.024286496749330363
 0.026237081909567167
 0.03959245840472736
 0.034567353359356817
 0.043910192581570653
 0.026200069537775456
 0.024055357005454178
 0.040176704328242191
 0.042049365481834605
 0.048495382161083983
 0.028589138781887048
 0.035306611081603073
 0.027835516601933459
 0.049830835722184927
 0.04281613110562045
 0.042142192416471033
 0.01047471549714216
 0.0050903854254204257
 0.020385372632140179
 0.015709313857406367
 0.015885968809721575
 0.016109064243482553
 0.022148830496222092
 0.034274328952688685
 0.028370922521174409
 0.026931194919407521
 0.042894330227498424
 0.037533804366679857
 0.031005883529021148
 0.034405064964014478
 0.035203141383152226
 0.031992021656580188
 0.026322983452638109
 0.021247827818994647
 0.019650794408775166
 0.020034732966453674
 0.021360149905460868
 0.027066015197170834
 0.024260730084446791
 0.027558995303960471
 0.0098705503494392402
 0.020662660050858456
 0.015148023538293063
 0.014067755955928862
 0.01751443001324126
 0.026685632868378949
 0.022174986710720046
 0.02435520930399257
 0.016297371532617899
 0.01733584489845047
 0.017643639379969003
 0.016718658168822828
 0.017027058005660914
 0.016033004820203395
 0.019095161594342713
 0.018031425597215586
 0.018288441245801618
 0.01544162033186082
 0.015775829185381299
 0.015994636007878316
 0.01549358214796967
 0.01556557090840012
 0.014384444554079889
 0.015931285028315395
 0.016096039723060701
 0.016409182952554044
 0.017184702806574741
 0.016491071135843319
 0.01523948387195498
 0.018091353218059936
 0.017470189388970089
 0.018888336370637901
 0.014349145625031728
 0.015959008945031328
 0.015620676263546948
 0.016883651047913284
 0.01650282444887137
 0.017429237821926236
 1.1903419811656335e-17
 -0.00046305810633893996
 0.0023361903729609036
 0.0011252857611166941
 -0.0025074975076144132
 1.0916916684984067e-17
 0.015374702603971238
 0.0039401648917440218
 0.01217129292562541
 0.0016642883553670221
 0.0016253057086023665
 9.7233915852981974e-18
 0.0059252107678864213
 0.0035176563219991124
 0.0053443969153908408
 1.0488806697708951e-17
 0.0016750583595504245
 0.0018105149488902986
 0.016419403368263169
 0.014640202900145172
 0.015076146010797958
 0.013255322631953892
 0.014061123039934093
 0.017725682411548482
 0.01036294787973685
 0.011976226983558019
 0.0088664293625907442
 0.0052936476459593818
 0.0073246632213467833
 0.010578257003156649
 0.0024725873158971774
 0.0024040848620501647
 5.8759038285901265e-18
 0.0067738716796242222
 0.0046696806101563879
 0.0070702678533522099
 6.7387617077475481e-18
 0.0023185021163485398
 0.0022174472422242545
 0.013796805050698087
 0.012219428853178588
 0.014452914004948013
 0.0078645080608615095
