# Created by Octave 5.1.0, Tue Apr 21 22:18:19 2020 GMT <unknown@Thomas-PC>
# name: contactConvergence
# type: matrix
# rows: 4
# columns: 1
 1.2748516154799321
 1.6213480804186274e-06
 3.6892389882286465e-11
 8.9316519387841984e-18


