# Created by Octave 5.1.0, Tue Apr 21 22:16:08 2020 GMT <unknown@Thomas-PC>
# name: contactConvergence
# type: matrix
# rows: 6
# columns: 1
 0
 0.172836545744086
 0.16648466725021357
 3.8395426558946247e-05
 1.5718844074562484e-07
 5.0198560586078855e-16


