# Created by Octave 5.1.0, Tue Apr 21 22:16:17 2020 GMT <unknown@Thomas-PC>
# name: contactConvergence
# type: matrix
# rows: 5
# columns: 1
 4.3483500932733543
 0.00050509802941850024
 2.0836063216369016e-07
 5.4221545864296817e-12
 2.7676013365460548e-17


