# Created by Octave 5.1.0, Tue Apr 21 22:16:44 2020 GMT <unknown@Thomas-PC>
# name: contactConvergence
# type: matrix
# rows: 5
# columns: 1
 2.3347609210317204
 1.9498133012780718
 1.0519641989591615e-05
 1.9718988272795832e-10
 7.596326156805046e-17


