# Created by Octave 5.1.0, Tue Apr 21 23:25:14 2020 GMT <unknown@Thomas-PC>
# name: contactConvergence
# type: matrix
# rows: 5
# columns: 1
 0.36622815871575354
 0.77369527241909564
 1.317671634478872e-07
 7.9142537216822164e-13
 4.6575048221026082e-18


