# Created by Octave 5.1.0, Wed Feb 19 12:54:25 2020 GMT <unknown@Thomas-PC>
# name: contactConvergence
# type: matrix
# rows: 4
# columns: 1
 0.52981967691529253
 2.0645419712339105e-07
 9.5941709536244351e-13
 1.8073370367316183e-18


