# Created by Octave 5.1.0, Wed Feb 19 09:24:36 2020 GMT <unknown@Thomas-PC>
# name: contactConvergence
# type: matrix
# rows: 3
# columns: 1
 0.40551071475161271
 0.0018224973703505776
 2.0189742890665172e-14


