# Created by Octave 5.1.0, Tue Apr 21 22:18:19 2020 GMT <unknown@Thomas-PC>
# name: equilibriumConvergence
# type: matrix
# rows: 4
# columns: 1
 1.917899142505455
 0.00097784785394061245
 4.9264045359831636e-09
 9.3257004162729296e-15


