# Created by Octave 5.1.0, Tue Apr 21 22:16:44 2020 GMT <unknown@Thomas-PC>
# name: equilibriumConvergence
# type: matrix
# rows: 5
# columns: 1
 2.7866397946494814
 0.037263112261681018
 0.0081840579680168609
 5.5407061006665676e-07
 9.8510205611707402e-15


