# Created by Octave 5.1.0, Wed Feb 19 09:24:36 2020 GMT <unknown@Thomas-PC>
# name: equilibriumConvergence
# type: matrix
# rows: 3
# columns: 1
 0.66384914820930307
 6.7448323846539126e-05
 9.8665848255933935e-11


