# Created by Octave 5.1.0, Tue Apr 21 23:25:14 2020 GMT <unknown@Thomas-PC>
# name: equilibriumConvergence
# type: matrix
# rows: 5
# columns: 1
 1.1652724027417685
 0.5826255452997986
 3.8967366977341969e-05
 2.1004137026038871e-10
 1.8801044419268468e-14


