# Created by Octave 5.1.0, Tue Apr 21 22:16:08 2020 GMT <unknown@Thomas-PC>
# name: equilibriumConvergence
# type: matrix
# rows: 6
# columns: 1
 7.6376261582597467
 3.5785928408324265e-15
 7.1962466644169039e-05
 0.028526951526029531
 1.2256762870482758e-06
 1.0571473333709865e-13


