# Created by Octave 5.1.0, Wed Feb 19 12:54:25 2020 GMT <unknown@Thomas-PC>
# name: equilibriumConvergence
# type: matrix
# rows: 4
# columns: 1
 0.37044954410132974
 4.2712934189660213e-06
 5.8786845419661692e-09
 7.7963503549481793e-14


