# Created by Octave 5.1.0, Tue Apr 21 22:16:17 2020 GMT <unknown@Thomas-PC>
# name: equilibriumConvergence
# type: matrix
# rows: 5
# columns: 1
 5.4308117336917805
 0.04747303229762518
 0.00011235823561406553
 2.2704662190837892e-10
 1.9687637069414247e-15


