# Created by Octave 5.1.0, Tue Apr 21 22:16:08 2020 GMT <unknown@Thomas-PC>
# name: lambda_sol
# type: matrix
# rows: 3
# columns: 1
 0
 -12.298963935499746
 0


