# Created by Octave 5.1.0, Tue Apr 21 22:16:17 2020 GMT <unknown@Thomas-PC>
# name: lambda_sol
# type: matrix
# rows: 5
# columns: 1
 0
 -5.7289356928946438
 -12.24552481289342
 -5.7289356928946482
 0


