# Created by Octave 5.1.0, Tue Apr 21 22:16:44 2020 GMT <unknown@Thomas-PC>
# name: lambda_sol
# type: matrix
# rows: 9
# columns: 1
 0
 0
 -6.0129850337508062
 -11.022269451266494
 -11.884411006440464
 -11.022269451266489
 -6.0129850337508106
 0
 0


