# Created by Octave 5.1.0, Tue Apr 21 22:18:19 2020 GMT <unknown@Thomas-PC>
# name: lambda_sol
# type: matrix
# rows: 17
# columns: 1
 0
 0
 0
 -1.5019904820783903
 -6.3310663834626846
 -8.7587126857546949
 -10.746298494100653
 -12.047263972238159
 -12.150070010449873
 -12.047263972238159
 -10.746298494100655
 -8.7587126857546824
 -6.3310663834626979
 -1.5019904820783863
 0
 0
 0


