# Created by Octave 5.1.0, Tue Apr 21 23:25:14 2020 GMT <unknown@Thomas-PC>
# name: lambda_sol
# type: matrix
# rows: 33
# columns: 1
 0
 0
 0
 0
 0
 0
 -1.8612305003554013
 -4.5472055204890189
 -5.9828868117188767
 -7.2782423233306179
 -8.4895993365349991
 -9.6122324983349969
 -10.618886395849525
 -11.467877314844616
 -12.110546565447974
 -12.503051213910194
 -12.407092532196812
 -12.50305121391019
 -12.110546565447963
 -11.467877314844609
 -10.618886395849541
 -9.6122324983349827
 -8.4895993365350044
 -7.2782423233306313
 -5.9828868117188305
 -4.5472055204890873
 -1.8612305003553609
 0
 0
 0
 0
 0
 0


