# Created by Octave 5.1.0, Wed Feb 19 09:24:36 2020 GMT <unknown@Thomas-PC>
# name: lambda_sol
# type: matrix
# rows: 65
# columns: 1
 0
 0
 0
 0
 0
 0
 0
 0
 0
 0
 0
 0
 -2.6195193055684016
 -3.595189332185547
 -4.4144251808089283
 -5.165578007466233
 -5.8728389743928036
 -6.5475621218432227
 -7.1960160934556132
 -7.8214373431028896
 -8.4248819866698508
 -9.0056788512833617
 -9.5617069810726125
 -10.089595013275149
 -10.584899857813255
 -11.042303203635631
 -11.455851213106584
 -11.819250409008102
 -12.126220535928907
 -12.370899387794331
 -12.548331218961799
 -12.65553174950078
 -12.554486884848965
 -12.65553174950076
 -12.54833121896181
 -12.370899387794337
 -12.126220535928887
 -11.819250409008154
 -11.455851213106545
 -11.04230320363564
 -10.584899857813259
 -10.08959501327517
 -9.5617069810725486
 -9.0056788512833972
 -8.4248819866698774
 -7.8214373431028577
 -7.196016093455607
 -6.5475621218432387
 -5.872838974392808
 -5.1655780074662614
 -4.4144251808089008
 -3.5951893321855142
 -2.6195193055684283
 0
 0
 0
 0
 0
 0
 0
 0
 0
 0
 0
 0


