# Created by Octave 5.1.0, Wed Feb 19 12:54:25 2020 GMT <unknown@Thomas-PC>
# name: lambda_sol
# type: matrix
# rows: 129
# columns: 1
 0
 0
 0
 0
 0
 0
 0
 0
 0
 0
 0
 0
 0
 0
 0
 0
 0
 0
 0
 0
 0
 0
 -0.028197077697450963
 -1.843513164480628
 -2.4934594305972948
 -3.0244373560197415
 -3.5004137168547618
 -3.9403100317615087
 -4.3538052183206064
 -4.7470597154351504
 -5.1243139119142249
 -5.4885919680283184
 -5.8420951815997686
 -6.1864449158553754
 -6.5228396675283706
 -6.8521594943478386
 -7.175036960520818
 -7.4919062532250207
 -7.8030377836463813
 -8.1085629793116532
 -8.4084923717247353
 -8.7027290795346328
 -8.9910791479965297
 -9.273259791032423
 -9.5489063085045132
 -9.817578266378634
 -10.078765398555722
 -10.331893595129372
 -10.576331268785347
 -10.811396329613697
 -11.03636394247707
 -11.250475186125517
 -11.452946677080059
 -11.642981162941435
 -11.819779029570256
 -11.982550606139384
 -12.130529094464192
 -12.262983900510662
 -12.379234124993866
 -12.478662050543436
 -12.560726983782946
 -12.624982446291
 -12.671113713441375
 -12.699141267482203
 -12.632788804251753
 -12.699141267482204
 -12.671113713441361
 -12.624982446291009
 -12.560726983782976
 -12.478662050543383
 -12.379234124993898
 -12.26298390051064
 -12.130529094464208
 -11.98255060613938
 -11.819779029570247
 -11.642981162941428
 -11.452946677080076
 -11.250475186125536
 -11.036363942477042
 -10.81139632961372
 -10.576331268785294
 -10.33189359512942
 -10.07876539855565
 -9.8175782663786961
 -9.5489063085044918
 -9.2732597910324781
 -8.9910791479964072
 -8.7027290795347838
 -8.4084923717246216
 -8.1085629793116674
 -7.8030377836464364
 -7.4919062532250367
 -7.1750369605207593
 -6.8521594943478696
 -6.5228396675282703
 -6.1864449158556001
 -5.8420951815994915
 -5.4885919680284561
 -5.1243139119143173
 -4.7470597154350012
 -4.3538052183206659
 -3.9403100317615607
 -3.5004137168546885
 -3.0244373560197415
 -2.4934594305973716
 -1.8435131644805354
 -0.028197077697500458
 0
 0
 0
 0
 0
 0
 0
 0
 0
 0
 0
 0
 0
 0
 0
 0
 0
 0
 0
 0
 0
 0


