# Created by Octave 5.1.0, Tue Apr 21 22:16:08 2020 GMT <unknown@Thomas-PC>
# name: u_sol
# type: matrix
# rows: 18
# columns: 1
 0.016675935607351245
 -0.016675935607351314
 0
 0
 -3.9583398962340104e-17
 -0.04067076576006988
 0
 0.040670765760069845
 -1.3889409969743922e-17
 -0.26776743186165536
 -0.26776743186165541
 0
 0
 -0.061066308129829473
 -0.19030183427328171
 0
 -0.19030183427328168
 -0.16035065397864454


