# Created by Octave 5.1.0, Tue Apr 21 22:16:17 2020 GMT <unknown@Thomas-PC>
# name: u_sol
# type: matrix
# rows: 50
# columns: 1
 -0.030750413054283769
 0.030750413054283728
 0
 0
 -3.4023496281767523e-17
 -0.024377095254751648
 0
 0.024377095254751617
 -2.3513079775639576e-17
 -0.032001591648912184
 -3.0440208598031697e-17
 -0.01755505417344164
 0.032001591648912135
 0.017555054173441591
 0.01259671869084044
 -0.008191520531458444
 -0.045680417944795902
 -0.018260200833697369
 0
 -1.4561154505688021e-17
 0
 0.018260200833697345
 0.045680417944795881
 0.0081915205314584058
 -0.012596718690840482
 -0.22694978627046469
 -0.22694978627046467
 0
 0
 -0.08674585038458002
 -0.17644771356945435
 0
 -0.17644771356945438
 -0.18592067459514347
 -0.1677414915389297
 -0.17388850930807023
 -0.20254643918293869
 -0.16774149153892964
 -0.20254643918293866
 -0.21638360960145323
 -0.18445370766205971
 -0.11807397223291589
 -0.11330101022787574
 0
 -0.11104200465138238
 0
 -0.11330101022787575
 -0.11807397223291589
 -0.18445370766205971
 -0.21638360960145325


