# Created by Octave 5.1.0, Tue Apr 21 22:16:44 2020 GMT <unknown@Thomas-PC>
# name: u_sol
# type: matrix
# rows: 162
# columns: 1
 -0.019421690679815532
 0.019421690679815515
 0
 0
 -1.4159241511484396e-17
 -0.024220131113483055
 0
 0.024220131113483045
 -7.877202168268603e-18
 -0.023866093071928586
 -9.3048571562093381e-18
 -0.019429058138367615
 0.023866093071928569
 0.019429058138367598
 0.014015339452404026
 -0.0069259053536288098
 -0.050622395026131237
 -0.020164894839976411
 0
 -2.5842527674311533e-18
 0
 0.020164894839976407
 0.050622395026131237
 0.0069259053536287977
 -0.014015339452404041
 -0.019978550682222512
 -0.027152146201685438
 -0.02740194788816018
 -9.6692697537174658e-18
 -0.01747778869948028
 -0.016747061484626825
 -0.0057352268467664282
 -0.012685728479692609
 -8.6496710941491206e-18
 0.016747061484626805
 0.017477788699480256
 0.027401947888160163
 0.027152146201685417
 0.019978550682222495
 0.012685728479692588
 0.0057352268467664108
 0.02445821483581806
 0.018894044089732706
 -0.015163532702720344
 0.0029426484370685137
 -0.0043042583969863909
 0.0068416173625431044
 -0.0019423973069910816
 -0.041056488966147532
 -0.028893644328303651
 -0.025228276680853211
 -0.034601832085032522
 -0.044904799847187114
 -0.017139708414884335
 -0.0080602387582436874
 0
 -0.014216958120568023
 2.0919700700507746e-19
 -0.0064419402628273633
 0
 -0.0093141808540955721
 -4.2698673236835468e-18
 0
 0.0064419402628273625
 0.025228276680853211
 0.014216958120568021
 0
 0.0093141808540955669
 0.0080602387582436787
 0.044904799847187114
 0.034601832085032522
 0.015163532702720334
 0.028893644328303648
 0.041056488966147525
 0.017139708414884328
 0.0019423973069910676
 0.004304258396986377
 -0.0029426484370685272
 -0.018894044089732723
 -0.024458214835818077
 -0.00684161736254312
 -0.24473211522240385
 -0.24473211522240385
 0
 0
 -0.096651295093412262
 -0.1835167264926883
 0
 -0.1835167264926883
 -0.1884732035833846
 -0.1723256647764842
 -0.18161939607311464
 -0.20842515764222982
 -0.17232566477648417
 -0.2084251576422298
 -0.22536797162516253
 -0.19115366802730219
 -0.12108424557223915
 -0.1176347932320477
 0
 -0.11520491033336031
 0
 -0.1176347932320477
 -0.12108424557223917
 -0.19115366802730219
 -0.22536797162516256
 -0.22910182556790704
 -0.19615095467109531
 -0.23015773052222813
 -0.14901103886021919
 -0.16256200473421886
 -0.1169632571106021
 -0.19731526459924437
 -0.18932871631654635
 -0.19429789161963071
 -0.11696325711060211
 -0.16256200473421886
 -0.23015773052222813
 -0.19615095467109528
 -0.22910182556790704
 -0.18932871631654635
 -0.19731526459924437
 -0.23827476121563981
 -0.22632475450493578
 -0.19356129268543387
 -0.21468503921058699
 -0.20733086996272684
 -0.20702042709846061
 -0.18679793409177917
 -0.15698682816555734
 -0.16277364203008049
 -0.063202396539682931
 -0.11984751570237634
 -0.072648634417217778
 -0.16134729897448888
 -0.15905918102100139
 0
 -0.062395379832584287
 -0.061501938876782396
 -0.062150478674151674
 0
 -0.11625928646668444
 -0.15839587459958082
 0
 -0.062150478674151674
 -0.063202396539682931
 -0.062395379832584287
 0
 -0.11625928646668444
 -0.15905918102100139
 -0.072648634417217792
 -0.11984751570237634
 -0.19356129268543387
 -0.16277364203008052
 -0.15698682816555734
 -0.16134729897448888
 -0.18679793409177917
 -0.20733086996272684
 -0.21468503921058699
 -0.22632475450493578
 -0.23827476121563984
 -0.20702042709846064


