# Created by Octave 5.1.0, Tue Apr 21 22:18:19 2020 GMT <unknown@Thomas-PC>
# name: u_sol
# type: matrix
# rows: 578
# columns: 1
 -0.016530636568829499
 0.016530636568829478
 0
 0
 -1.1456106744422107e-17
 -0.024122414804553492
 0
 0.024122414804553478
 -5.7432233743697798e-18
 -0.023215023801372772
 -7.6085155570275669e-18
 -0.020344234614935786
 0.023215023801372758
 0.020344234614935765
 0.015888944132387488
 -0.0069677429372325293
 -0.053199698603740617
 -0.021338326153686086
 0
 -4.4957257839364487e-18
 0
 0.021338326153686079
 0.05319969860374061
 0.0069677429372325154
 -0.015888944132387506
 -0.016614573800264779
 -0.028507967274734095
 -0.028676483567446072
 -8.2862985379212682e-18
 -0.017849423252712292
 -0.019715278239005114
 -0.0052533943468876616
 -0.012610893373579712
 -7.6572793393816212e-18
 0.019715278239005089
 0.017849423252712271
 0.028676483567446051
 0.028507967274734074
 0.016614573800264758
 0.012610893373579695
 0.005253394346887646
 0.024883890168580051
 0.020748008261266965
 -0.014795512047784289
 0.0039657933763289268
 -0.002887302182243178
 0.0070208196954478419
 -0.0022648579363690057
 -0.042629278551626702
 -0.029883382801589382
 -0.027834801652064131
 -0.036593072109436527
 -0.047796245295024242
 -0.017624297173324387
 -0.0079580840122224494
 0
 -0.0152447842531994
 -3.8132338447530816e-18
 -0.006757199534953154
 0
 -0.0096380646954281179
 -4.2473989905361219e-18
 0
 0.0067571995349531479
 0.027834801652064131
 0.015244784253199396
 0
 0.0096380646954281092
 0.007958084012222439
 0.047796245295024235
 0.03659307210943652
 0.014795512047784275
 0.029883382801589371
 0.042629278551626688
 0.017624297173324376
 0.0022648579363689931
 0.0028873021822431637
 -0.0039657933763289407
 -0.020748008261266982
 -0.024883890168580069
 -0.0070208196954478566
 -0.016555777179491367
 -0.026132369291886455
 -0.024459168001653646
 -0.028376298872812584
 -0.028012775485685471
 -0.018975285396488715
 -0.026887829701883071
 -0.02960716951330921
 -0.02544163599908689
 -1.0250395671633688e-17
 -0.010334175176836375
 -0.010961935166915756
 -0.0082257255293525251
 -0.0094547215312987386
 -8.1909092390615012e-18
 -0.024015859631403395
 -0.019109067823024593
 -0.025251621779927288
 -0.0010136836631569495
 -0.0029193882556607948
 -7.0333539360774322e-18
 -0.017326402942711736
 -0.0090574116394402503
 -0.012226070076656891
 -8.0703453997855367e-18
 -0.0048367511464847031
 -0.0066508054279677351
 -0.024407770195228259
 -0.015637381064233027
 -0.021566991191165612
 0.010961935166915732
 0.010334175176836356
 0.025251621779927267
 0.019109067823024576
 0.024015859631403378
 0.0094547215312987213
 0.0082257255293525077
 0.024459168001653625
 0.026132369291886434
 0.016555777179491343
 0.025441635999086873
 0.029607169513309193
 0.026887829701883054
 0.018975285396488694
 0.02801277548568545
 0.028376298872812563
 0.0029193882556607796
 0.0010136836631569356
 0.0066508054279677186
 0.0048367511464846875
 0.012226070076656876
 0.0090574116394402347
 0.017326402942711719
 0.024407770195228239
 0.021566991191165594
 0.015637381064233007
 0.023067318931247908
 0.027016638848625686
 0.018816554949475525
 0.024720416738937857
 0.022149028671441945
 0.026388352035351913
 0.021409123773034045
 -0.019456634395437104
 -0.0093200381261256769
 -0.01360726062381255
 -0.0023333911425500765
 -0.0054743165991800466
 -0.010537809095362017
 0.0072175512377903248
 0.00088144464976088615
 0.010529896357993111
 0.0014145599275830806
 -0.00094269646649762224
 0.014003893823551217
 0.0066998114768573843
 -0.0042195998360415893
 0.0011070903299763364
 -0.00011321258422916055
 0.012955292013517099
 0.0060867526670641721
 0.014210865161812162
 -0.034029281083436766
 -0.02862990431430984
 -0.04221842261775717
 -0.036436117184622828
 -0.049294134040015029
 -0.023043915454931022
 -0.017713229015410236
 -0.02184900806963689
 -0.037140391954145549
 -0.033844214822108178
 -0.028514991668810274
 -0.034691582736720294
 -0.026490036678805898
 -0.053243262827309172
 -0.044010312115762035
 -0.045129496610737785
 -0.0055738234838570789
 -0.002773974804204373
 -0.012951177295142833
 -0.0089090638176936871
 -0.014600452181350311
 -0.012456971152083628
 -0.020560816016314293
 -0.034661566926283083
 -0.027298313457776106
 -0.023489349919264355
 0
 -0.015776344922410427
 -0.008484481172191128
 -0.011645281961123364
 0
 -0.020803704388814192
 -0.019608991649412818
 -3.8810758718708343e-20
 -0.0017984723199833204
 0
 -0.0042593050501378987
 -0.0032694616615795194
 -5.0802183595389343e-18
 0
 -0.0037343803474325747
 -0.0059159471574553278
 -0.0039135495028132647
 -4.5630074800938883e-18
 -0.015103122622437636
 -0.0093413304197474817
 -4.569875476314591e-18
 -0.004566820754342703
 -0.0046945705488354124
 -0.010668450700906142
 -0.0087728261527126126
 -0.013798682746073172
 0
 0.0017984723199833184
 0.0059159471574553243
 0.0037343803474325712
 0
 0.0032694616615795125
 0.0042593050501378901
 0.02184900806963689
 0.015776344922410427
 0
 0.019608991649412811
 0.020803704388814188
 0.026490036678805891
 0
 0.01164528196112336
 0.0084844811721911245
 0.003913549502813256
 0.0027739748042043635
 0.0046945705488354037
 0.0045668207543426952
 0.014600452181350303
 0.009341330419747473
 0.015103122622437628
 0.010668450700906136
 0.013798682746073165
 0.0087728261527126056
 0.033844214822108178
 0.037140391954145549
 0.045129496610737771
 0.044010312115762028
 0.053243262827309165
 0.034691582736720288
 0.028514991668810264
 0.01945663439543709
 0.028629904314309826
 0.034029281083436752
 0.017713229015410222
 0.023043915454931008
 0.010537809095362002
 0.049294134040015015
 0.036436117184622814
 0.042218422617757163
 0.0055738234838570684
 0.00094269646649761043
 0.020560816016314282
 0.012456971152083617
 0.0042195998360415763
 0.0089090638176936767
 0.012951177295142821
 0.034661566926283076
 0.023489349919264345
 0.027298313457776096
 0.013607260623812536
 0.009320038126125663
 -0.010529896357993127
 -0.00088144464976090025
 -0.0072175512377903404
 0.0054743165991800328
 0.0023333911425500622
 -0.027016638848625707
 -0.023067318931247929
 -0.021409123773034062
 -0.026388352035351934
 -0.022149028671441962
 -0.024720416738937875
 -0.018816554949475543
 -0.0014145599275830944
 0.000113212584229146
 -0.001107090329976351
 -0.0066998114768573999
 -0.014003893823551232
 -0.012955292013517115
 -0.01421086516181218
 -0.0060867526670641877
 -0.25119303016345657
 -0.25119303016345657
 0
 0
 -0.099100557346921997
 -0.18495746481410405
 0
 -0.18495746481410408
 -0.18881550261599406
 -0.1740463621524177
 -0.18567069724645235
 -0.21096233941873865
 -0.17404636215241767
 -0.21096233941873865
 -0.2270052828875761
 -0.19417027077848331
 -0.12155724835739816
 -0.11942098854272903
 0
 -0.11714771101029525
 0
 -0.11942098854272903
 -0.12155724835739815
 -0.19417027077848331
 -0.22700528288757613
 -0.23254520970687148
 -0.19810585487675117
 -0.23197805772406929
 -0.15362037583754012
 -0.16596876213203338
 -0.12014756537468338
 -0.20056708736189893
 -0.19294566487570561
 -0.19683368486345126
 -0.12014756537468339
 -0.16596876213203338
 -0.23197805772406929
 -0.19810585487675117
 -0.23254520970687148
 -0.19294566487570561
 -0.20056708736189893
 -0.2425633793860022
 -0.22788392862040704
 -0.19594847099969845
 -0.21661218439929933
 -0.20820904904558002
 -0.20994140315215223
 -0.18950527163731623
 -0.15737949364834711
 -0.16471814810812674
 -0.06454653303657043
 -0.12129044393548684
 -0.074583726040125781
 -0.16380982326977189
 -0.16123676035089957
 0
 -0.063279916986732535
 -0.062737602742050438
 -0.063038863879883583
 0
 -0.11796381639493425
 -0.16012004477696098
 0
 -0.063038863879883583
 -0.06454653303657043
 -0.063279916986732535
 0
 -0.11796381639493426
 -0.16123676035089957
 -0.074583726040125781
 -0.12129044393548684
 -0.19594847099969845
 -0.16471814810812674
 -0.15737949364834711
 -0.16380982326977189
 -0.18950527163731623
 -0.20820904904558002
 -0.21661218439929933
 -0.22788392862040704
 -0.2425633793860022
