# Created by Octave 5.1.0, Tue Apr 21 23:25:14 2020 GMT <unknown@Thomas-PC>
# name: u_sol
# type: matrix
# rows: 2178
# columns: 1
 -0.015933589032514694
 0.015933589032514687
 0
 0
 4.4007717005552986e-18
 -0.024145964026415154
 0
 0.024145964026415164
 5.8306760382621685e-18
 -0.023612710711393453
 5.6508498106969633e-18
 -0.020606742343221119
 0.023612710711393457
 0.020606742343221129
 0.016755432015298322
 -0.0070321707768573553
 -0.054208858571911114
 -0.021818461796786696
 0
 5.5138387337588506e-18
 0
 0.021818461796786707
 0.054208858571911121
 0.0070321707768573683
 -0.016755432015298312
 -0.01481567867324148
 -0.028938530205340499
 -0.029408661856165516
 6.0130892568317175e-18
 -0.018022456650228474
 -0.021410557208562175
 -0.0050881105693763532
 -0.012567712063654285
 5.9371828492473006e-18
 0.021410557208562185
 0.018022456650228481
 0.029408661856165523
 0.028938530205340509
 0.014815678673241474
 0.012567712063654297
 0.0050881105693763654
 0.025132489306438865
 0.021536375232228965
 -0.014732375502578502
 0.0042984004414297495
 -0.002366076394389217
 0.0070418933311565254
 -0.0023926578746438177
 -0.043179799704512085
 -0.030261437144867266
 -0.028901033426861161
 -0.037384389750505544
 -0.049091867618519698
 -0.017846465280905222
 -0.0079718418884614679
 0
 -0.015700092962038923
 4.4141989671704091e-18
 -0.0069232529698289615
 0
 -0.009810982125387991
 5.2794442618281066e-18
 0
 0.0069232529698289684
 0.028901033426861164
 0.01570009296203893
 0
 0.0098109821253880014
 0.0079718418884614801
 0.049091867618519705
 0.037384389750505558
 0.014732375502578514
 0.03026143714486728
 0.043179799704512099
 0.017846465280905235
 0.0023926578746438299
 0.0023660763943892278
 -0.0042984004414297382
 -0.021536375232228955
 -0.025132489306438861
 -0.0070418933311565133
 -0.015680250352685037
 -0.026172217190192998
 -0.02406574195710302
 -0.028777471801653385
 -0.028625514028751475
 -0.017568993583500399
 -0.027603881016675904
 -0.030408195518933593
 -0.025808492128122015
 6.7454165716051909e-18
 -0.010688687841500118
 -0.012197495882845053
 -0.0082119707007819072
 -0.009536401123664438
 5.2696134607342085e-18
 -0.025408575939277464
 -0.019658174294658777
 -0.025786753108010381
 -0.00082517239854851211
 -0.0027703720122625062
 5.9898510594590288e-18
 -0.017389462801550959
 -0.008950201721894523
 -0.012203465161407714
 6.0842409484080211e-18
 -0.0047335885673211358
 -0.0065889158944441263
 -0.024665633077027311
 -0.015668956976195195
 -0.02171408970635268
 0.012197495882845067
 0.010688687841500129
 0.025786753108010388
 0.019658174294658787
 0.025408575939277478
 0.0095364011236644484
 0.0082119707007819176
 0.02406574195710302
 0.026172217190192998
 0.015680250352685034
 0.025808492128122026
 0.030408195518933603
 0.027603881016675914
 0.017568993583500385
 0.028625514028751482
 0.028777471801653388
 0.0027703720122625179
 0.00082517239854852425
 0.0065889158944441376
 0.004733588567321147
 0.012203465161407726
 0.0089502017218945351
 0.017389462801550969
 0.024665633077027321
 0.021714089706352687
 0.015668956976195206
 0.022503690314133962
 0.027471477609782319
 0.019697997243624671
 0.025585891143541581
 0.022904854704951082
 0.027278852891917782
 0.021964027753035329
 -0.019395456557464216
 -0.009108689509236944
 -0.013317905424135138
 -0.0022890133439608419
 -0.0053330457420427916
 -0.010530544813764919
 0.0079577375897089495
 0.0013203203000558309
 0.011220665591832808
 0.001230999192483384
 -0.0010329038738972824
 0.014142248971633738
 0.0066019465739760108
 -0.0043353211363691274
 0.00097130088913858711
 -0.00017021571547837848
 0.013525779602126467
 0.0062661331382653273
 0.0145741669173865
 -0.034333263770727936
 -0.028834381395076068
 -0.04289578095748732
 -0.036882658593829325
 -0.050077314892091385
 -0.023209727553104686
 -0.017858846336681729
 -0.023203701804028001
 -0.038425812332225494
 -0.035030773420836082
 -0.029161295965786607
 -0.035663266039075346
 -0.027254398703730778
 -0.054452515339514396
 -0.045140928898902519
 -0.046038698279596661
 -0.0055642203885323972
 -0.0026752789422263539
 -0.013069113663390437
 -0.0089771189671116122
 -0.014821673884796728
 -0.012577242154783534
 -0.020916123407156074
 -0.035248067189441484
 -0.027778058827869049
 -0.023796789073636127
 0
 -0.016443666913982542
 -0.0087235812628635792
 -0.012031601508935581
 0
 -0.021513998991459067
 -0.020145061293535323
 2.8032403882884547e-18
 -0.0018468141851825561
 0
 -0.0043482608143793344
 -0.0033489162087999898
 5.0810517181690641e-18
 0
 -0.0038259970727951803
 -0.0060657005365384285
 -0.0038656155643475754
 5.8701846364554619e-18
 -0.015416889620909573
 -0.0094413264874910283
 5.4573606969201707e-18
 -0.0045866776921859942
 -0.0047635682800438138
 -0.010952017659217463
 -0.008971037007804156
 -0.014143064545588068
 0
 0.001846814185182562
 0.006065700536538432
 0.0038259970727951846
 0
 0.0033489162087999985
 0.004348260814379344
 0.023203701804028004
 0.016443666913982545
 0
 0.02014506129353533
 0.021513998991459074
 0.027254398703730788
 0
 0.012031601508935582
 0.0087235812628635809
 0.0038656155643475862
 0.0026752789422263652
 0.0047635682800438242
 0.0045866776921860055
 0.01482167388479674
 0.0094413264874910387
 0.015416889620909584
 0.01095201765921747
 0.014143064545588079
 0.0089710370078041664
 0.035030773420836082
 0.038425812332225501
 0.046038698279596668
 0.045140928898902526
 0.054452515339514403
 0.03566326603907536
 0.029161295965786618
 0.019395456557464226
 0.028834381395076079
 0.034333263770727949
 0.017858846336681743
 0.023209727553104697
 0.010530544813764933
 0.050077314892091392
 0.036882658593829339
 0.042895780957487334
 0.0055642203885324093
 0.0010329038738972941
 0.020916123407156088
 0.012577242154783546
 0.0043353211363691404
 0.0089771189671116244
 0.01306911366339045
 0.035248067189441498
 0.023796789073636138
 0.027778058827869059
 0.01331790542413515
 0.0091086895092369561
 -0.011220665591832798
 -0.0013203203000558199
 -0.0079577375897089391
 0.0053330457420428046
 0.0022890133439608549
 -0.027471477609782313
 -0.022503690314133962
 -0.021964027753035319
 -0.027278852891917772
 -0.022904854704951075
 -0.025585891143541574
 -0.019697997243624664
 -0.0012309991924833717
 0.00017021571547839106
 -0.00097130088913857475
 -0.0066019465739759987
 -0.014142248971633726
 -0.013525779602126456
 -0.014574166917386489
 -0.0062661331382653151
 -0.015973046575372327
 -0.020319269822199212
 -0.019927650784577085
 -0.021761032007951753
 -0.020871087671153227
 -0.015164958812741835
 -0.027506689706995303
 -0.025006152083835869
 -0.028595791585358726
 -0.026899126333115399
 -0.026250126847710775
 -0.020861905446388867
 -0.030222013387730028
 -0.029124672255293194
 -0.029372510925902356
 -0.015303231652474214
 -0.02485103048329523
 -0.023133534768390633
 -0.024500252939942412
 -0.027000882196923481
 -0.02341017913711323
 -0.030123878250674696
 -0.029444370739984453
 -0.029393190655829515
 -0.027694726948732165
 -0.028899866388481365
 -0.030043061816032519
 -0.027480580192624272
 -0.030257643789225915
 -0.029606728458367294
 6.729387252608157e-18
 -0.0058250363051940372
 -0.0062748851596751785
 -0.0051452460288703827
 -0.005461040053104738
 6.4157625161787884e-18
 -0.017354105551920157
 -0.011345678649592024
 -0.016284599491820276
 -0.0037616512070220019
 -0.0041550334085239428
 5.3958494878899774e-18
 -0.013967841489534527
 -0.0089104300677804154
 -0.013087554419855594
 5.609625814044174e-18
 -0.0045123643356804076
 -0.004837862926022357
 -0.025205968284068701
 -0.025688664601415639
 -0.026766456859440031
 -0.02041316422664147
 -0.02357344677409395
 -0.024136481236436944
 -0.022502102173493368
 -0.023115158627019402
 -0.018905833226003674
 -0.010112842487581625
 -0.014743537945060642
 -0.015476931174580363
 7.4614141097831714e-06
 -0.00045162870703559509
 5.9840807708289279e-18
 -0.0040093386294218301
 -0.0017886708360767116
 -0.0025403717777130186
 6.0527140313652924e-18
 -0.0009277979465487161
 -0.001417191597837532
