# Created by Octave 5.1.0, Tue Jan 14 11:06:36 2020 GMT <unknown@Thomas-PC>
# name: edges
# type: matrix
# rows: 3136
# columns: 2
 1 290
 290 82
 82 291
 291 84
 84 292
 292 1
 290 291
 291 292
 292 290
 26 293
 293 83
 83 294
 294 82
 82 295
 295 26
 293 294
 294 295
 295 293
 28 296
 296 84
 84 297
 297 83
 83 298
 298 28
 296 297
 297 298
 298 296
 294 297
 297 291
 291 294
 10 299
 299 85
 85 300
 300 87
 87 301
 301 10
 299 300
 300 301
 301 299
 27 302
 302 86
 86 303
 303 85
 85 304
 304 27
 302 303
 303 304
 304 302
 26 305
 305 87
 87 306
 306 86
 86 307
 307 26
 305 306
 306 307
 307 305
 303 306
 306 300
 300 303
 12 308
 308 88
 88 309
 309 90
 90 310
 310 12
 308 309
 309 310
 310 308
 28 311
 311 89
 89 312
 312 88
 88 313
 313 28
 311 312
 312 313
 313 311
 27 314
 314 90
 90 315
 315 89
 89 316
 316 27
 314 315
 315 316
 316 314
 312 315
 315 309
 309 312
 86 317
 317 83
 307 317
 317 293
 293 307
 89 318
 318 86
 316 318
 318 302
 302 316
 83 319
 319 89
 298 319
 319 311
 311 298
 318 319
 319 317
 317 318
 5 320
 320 91
 91 321
 321 93
 93 322
 322 5
 320 321
 321 322
 322 320
 29 323
 323 92
 92 324
 324 91
 91 325
 325 29
 323 324
 324 325
 325 323
 31 326
 326 93
 93 327
 327 92
 92 328
 328 31
 326 327
 327 328
 328 326
 324 327
 327 321
 321 324
 11 329
 329 94
 94 330
 330 96
 96 331
 331 11
 329 330
 330 331
 331 329
 30 332
 332 95
 95 333
 333 94
 94 334
 334 30
 332 333
 333 334
 334 332
 29 335
 335 96
 96 336
 336 95
 95 337
 337 29
 335 336
 336 337
 337 335
 333 336
 336 330
 330 333
 10 338
 338 97
 97 339
 339 99
 99 340
 340 10
 338 339
 339 340
 340 338
 31 341
 341 98
 98 342
 342 97
 97 343
 343 31
 341 342
 342 343
 343 341
 30 344
 344 99
 99 345
 345 98
 98 346
 346 30
 344 345
 345 346
 346 344
 342 345
 345 339
 339 342
 95 347
 347 92
 337 347
 347 323
 323 337
 98 348
 348 95
 346 348
 348 332
 332 346
 92 349
 349 98
 328 349
 349 341
 341 328
 348 349
 349 347
 347 348
 9 350
 350 100
 100 351
 351 102
 102 352
 352 9
 350 351
 351 352
 352 350
 32 353
 353 101
 101 354
 354 100
 100 355
 355 32
 353 354
 354 355
 355 353
 34 356
 356 102
 102 357
 357 101
 101 358
 358 34
 356 357
 357 358
 358 356
 354 357
 357 351
 351 354
 12 359
 359 103
 103 360
 360 105
 105 361
 361 12
 359 360
 360 361
 361 359
 33 362
 362 104
 104 363
 363 103
 103 364
 364 33
 362 363
 363 364
 364 362
 32 365
 365 105
 105 366
 366 104
 104 367
 367 32
 365 366
 366 367
 367 365
 363 366
 366 360
 360 363
 11 368
 368 106
 106 369
 369 108
 108 370
 370 11
 368 369
 369 370
 370 368
 34 371
 371 107
 107 372
 372 106
 106 373
 373 34
 371 372
 372 373
 373 371
 33 374
 374 108
 108 375
 375 107
 107 376
 376 33
 374 375
 375 376
 376 374
 372 375
 375 369
 369 372
 104 377
 377 101
 367 377
 377 353
 353 367
 107 378
 378 104
 376 378
 378 362
 362 376
 101 379
 379 107
 358 379
 379 371
 371 358
 378 379
 379 377
 377 378
 99 380
 380 85
 340 380
 380 299
 299 340
 30 381
 381 109
 109 382
 382 99
 381 382
 382 344
 344 381
 85 383
 383 109
 109 384
 384 27
 304 383
 383 384
 384 304
 382 383
 383 380
 380 382
 108 385
 385 94
 370 385
 385 329
 329 370
 33 386
 386 110
 110 387
 387 108
 386 387
 387 374
 374 386
 94 388
 388 110
 110 389
 389 30
 334 388
 388 389
 389 334
 387 388
 388 385
 385 387
 90 390
 390 103
 310 390
 390 359
 359 310
 27 391
 391 111
 111 392
 392 90
 391 392
 392 314
 314 391
 103 393
 393 111
 111 394
 394 33
 364 393
 393 394
 394 364
 392 393
 393 390
 390 392
 110 395
 395 109
 389 395
 395 381
 381 389
 111 396
 396 110
 394 396
 396 386
 386 394
 109 397
 397 111
 384 397
 397 391
 391 384
 396 397
 397 395
 395 396
 5 398
 398 112
 112 399
 399 91
 398 399
 399 320
 320 398
 35 400
 400 113
 113 401
 401 112
 112 402
 402 35
 400 401
 401 402
 402 400
 91 403
 403 113
 113 404
 404 29
 325 403
 403 404
 404 325
 401 403
 403 399
 399 401
 13 405
 405 114
 114 406
 406 116
 116 407
 407 13
 405 406
 406 407
 407 405
 36 408
 408 115
 115 409
 409 114
 114 410
 410 36
 408 409
 409 410
 410 408
 35 411
 411 116
 116 412
 412 115
 115 413
 413 35
 411 412
 412 413
 413 411
 409 412
 412 406
 406 409
 96 414
 414 118
 118 415
 415 11
 331 414
 414 415
 415 331
 29 416
 416 117
 117 417
 417 96
 416 417
 417 335
 335 416
 36 418
 418 118
 118 419
 419 117
 117 420
 420 36
 418 419
 419 420
 420 418
 417 419
 419 414
 414 417
 115 421
 421 113
 413 421
 421 400
 400 413
 117 422
 422 115
 420 422
 422 408
 408 420
 113 423
 423 117
 404 423
 423 416
 416 404
 422 423
 423 421
 421 422
 2 424
 424 119
 119 425
 425 121
 121 426
 426 2
 424 425
 425 426
 426 424
 37 427
 427 120
 120 428
 428 119
 119 429
 429 37
 427 428
 428 429
 429 427
 39 430
 430 121
 121 431
 431 120
 120 432
 432 39
 430 431
 431 432
 432 430
 428 431
 431 425
 425 428
 14 433
 433 122
 122 434
 434 124
 124 435
 435 14
 433 434
 434 435
 435 433
 38 436
 436 123
 123 437
 437 122
 122 438
 438 38
 436 437
 437 438
 438 436
 37 439
 439 124
 124 440
 440 123
 123 441
 441 37
 439 440
 440 441
 441 439
 437 440
 440 434
 434 437
 13 442
 442 125
 125 443
 443 127
 127 444
 444 13
 442 443
 443 444
 444 442
 39 445
 445 126
 126 446
 446 125
 125 447
 447 39
 445 446
 446 447
 447 445
 38 448
 448 127
 127 449
 449 126
 126 450
 450 38
 448 449
 449 450
 450 448
 446 449
 449 443
 443 446
 123 451
 451 120
 441 451
 451 427
 427 441
 126 452
 452 123
 450 452
 452 436
 436 450
 120 453
 453 126
 432 453
 453 445
 445 432
 452 453
 453 451
 451 452
 102 454
 454 129
 129 455
 455 9
 352 454
 454 455
 455 352
 34 456
 456 128
 128 457
 457 102
 456 457
 457 356
 356 456
 41 458
 458 129
 129 459
 459 128
 128 460
 460 41
 458 459
 459 460
 460 458
 457 459
 459 454
 454 457
 11 461
 461 130
 130 462
 462 106
 461 462
 462 368
 368 461
 40 463
 463 131
 131 464
 464 130
 130 465
 465 40
 463 464
 464 465
 465 463
 106 466
 466 131
 131 467
 467 34
 373 466
 466 467
 467 373
 464 466
 466 462
 462 464
 14 468
 468 132
 132 469
 469 134
 134 470
 470 14
 468 469
 469 470
 470 468
 41 471
 471 133
 133 472
 472 132
 132 473
 473 41
 471 472
 472 473
 473 471
 40 474
 474 134
 134 475
 475 133
 133 476
 476 40
 474 475
 475 476
 476 474
 472 475
 475 469
 469 472
 131 477
 477 128
 467 477
 477 456
 456 467
 133 478
 478 131
 476 478
 478 463
 463 476
 128 479
 479 133
 460 479
 479 471
 471 460
 478 479
 479 477
 477 478
 127 480
 480 114
 444 480
 480 405
 405 444
 38 481
 481 135
 135 482
 482 127
 481 482
 482 448
 448 481
 114 483
 483 135
 135 484
 484 36
 410 483
 483 484
 484 410
 482 483
 483 480
 480 482
 134 485
 485 122
 470 485
 485 433
 433 470
 40 486
 486 136
 136 487
 487 134
 486 487
 487 474
 474 486
 122 488
 488 136
 136 489
 489 38
 438 488
 488 489
 489 438
 487 488
 488 485
 485 487
 118 490
 490 130
 415 490
 490 461
 461 415
 36 491
 491 137
 137 492
 492 118
 491 492
 492 418
 418 491
 130 493
 493 137
 137 494
 494 40
 465 493
 493 494
 494 465
 492 493
 493 490
 490 492
 136 495
 495 135
 489 495
 495 481
 481 489
 137 496
 496 136
 494 496
 496 486
 486 494
 135 497
 497 137
 484 497
 497 491
 491 484
 496 497
 497 495
 495 496
 2 498
 498 138
 138 499
 499 119
 498 499
 499 424
 424 498
 42 500
 500 139
 139 501
 501 138
 138 502
 502 42
 500 501
 501 502
 502 500
 119 503
 503 139
 139 504
 504 37
 429 503
 503 504
 504 429
 501 503
 503 499
 499 501
 15 505
 505 140
 140 506
 506 142
 142 507
 507 15
 505 506
 506 507
 507 505
 43 508
 508 141
 141 509
 509 140
 140 510
 510 43
 508 509
 509 510
 510 508
 42 511
 511 142
 142 512
 512 141
 141 513
 513 42
 511 512
 512 513
 513 511
 509 512
 512 506
 506 509
 124 514
 514 144
 144 515
 515 14
 435 514
 514 515
 515 435
 37 516
 516 143
 143 517
 517 124
 516 517
 517 439
 439 516
 43 518
 518 144
 144 519
 519 143
 143 520
 520 43
 518 519
 519 520
 520 518
 517 519
 519 514
 514 517
 141 521
 521 139
 513 521
 521 500
 500 513
 143 522
 522 141
 520 522
 522 508
 508 520
 139 523
 523 143
 504 523
 523 516
 516 504
 522 523
 523 521
 521 522
