# Created by Octave 5.1.0, Tue Apr 21 17:24:51 2020 GMT <unknown@Thomas-PC>
# name: contactConvergence
# type: matrix
# rows: 5
# columns: 1
 1.9719616864945744
 5.1582729229909676e-18
 1.3078439850658231e-17
 1.0090946949463291e-17
 7.4603553954162788e-18


