# Created by Octave 5.1.0, Tue Apr 21 17:27:12 2020 GMT <unknown@Thomas-PC>
# name: contactConvergence
# type: matrix
# rows: 5
# columns: 1
 1.0046403497493772
 1.8365156272102705e-18
 1.6136244202487896e-18
 1.9217751025599665e-18
 2.2960664542398832e-18


