# Created by Octave 5.1.0, Tue Apr 21 17:38:02 2020 GMT <unknown@Thomas-PC>
# name: contactConvergence
# type: matrix
# rows: 5
# columns: 1
 0.52824032585868774
 2.4293191332608947e-18
 2.2688950895605635e-18
 1.418018963072372e-18
 1.6556149339582116e-18


