# Created by Octave 5.1.0, Sat Feb 15 14:04:33 2020 GMT <unknown@Thomas-PC>
# name: contactConvergence
# type: matrix
# rows: 5
# columns: 1
 0.17122204542475797
 0.22979219305281412
 1.3698538246258027e-18
 1.9240651671966323e-18
 1.1153393231990665e-18


