# Created by Octave 5.1.0, Sat Feb 15 15:45:46 2020 GMT <unknown@Thomas-PC>
# name: contactConvergence
# type: matrix
# rows: 5
# columns: 1
 0.18848098835347543
 8.1657774218077135e-19
 9.31572996169376e-19
 9.0175298062969007e-19
 9.3277642833660636e-19


