# Created by Octave 5.1.0, Tue Apr 21 17:24:41 2020 GMT <unknown@Thomas-PC>
# name: contactConvergence
# type: matrix
# rows: 6
# columns: 1
 0
 0.067582419354645179
 1.0408340855860843e-17
 1.7347234759768071e-18
 1.7347234759768071e-18
 0


