# Created by Octave 5.1.0, Tue Apr 21 17:25:24 2020 GMT <unknown@Thomas-PC>
# name: contactConvergence
# type: matrix
# rows: 5
# columns: 1
 0.47104354390598724
 1.6226970493722699
 6.6093768425350542e-19
 4.3637826987026658e-18
 4.5640087010877355e-18


