# Created by Octave 5.1.0, Sat Feb 15 15:45:46 2020 GMT <unknown@Thomas-PC>
# name: equilibriumConvergence
# type: matrix
# rows: 5
# columns: 1
 0.23326253559525559
 0.011279672525807255
 0.00010488844059817185
 1.4510313149283334e-08
 6.4063578724732124e-14


