# Created by Octave 5.1.0, Tue Apr 21 17:38:02 2020 GMT <unknown@Thomas-PC>
# name: equilibriumConvergence
# type: matrix
# rows: 5
# columns: 1
 0.70364810681636669
 0.017490067376960482
 3.1660937155850845e-05
 2.2540747199623376e-10
 1.7375803029979124e-14


