# Created by Octave 5.1.0, Sat Feb 15 14:04:33 2020 GMT <unknown@Thomas-PC>
# name: equilibriumConvergence
# type: matrix
# rows: 5
# columns: 1
 0.41011839919665449
 0.20459420637857009
 0.0027435721842955394
 2.7468874238297968e-06
 4.6946277767870257e-12


