# Created by Octave 5.1.0, Tue Apr 21 17:25:23 2020 GMT <unknown@Thomas-PC>
# name: equilibriumConvergence
# type: matrix
# rows: 5
# columns: 1
 1.8183429187557496
 0.91665753451505128
 0.023374562203210537
 1.3544676212915862e-05
 6.493672448837457e-12


