# Created by Octave 5.1.0, Tue Apr 21 17:27:12 2020 GMT <unknown@Thomas-PC>
# name: equilibriumConvergence
# type: matrix
# rows: 5
# columns: 1
 1.1876429142163871
 0.032168349228651104
 6.6317147608160702e-05
 3.3403911039789086e-10
 8.4740423030339909e-15


