# Created by Octave 5.1.0, Tue Apr 21 17:24:51 2020 GMT <unknown@Thomas-PC>
# name: equilibriumConvergence
# type: matrix
# rows: 5
# columns: 1
 2.5873849197146703
 0.11431053969517489
 0.00019952628989728239
 5.2528645316749817e-10
 4.1564125999196186e-15


