# Created by Octave 5.1.0, Tue Apr 21 17:24:41 2020 GMT <unknown@Thomas-PC>
# name: equilibriumConvergence
# type: matrix
# rows: 6
# columns: 1
 3.8188130791298733
 0.53917085524523012
 0.34122601890122833
 0.0010926219819790408
 5.9013007055618136e-09
 2.8525717362142066e-15


