# Created by Octave 5.1.0, Tue Apr 21 17:24:51 2020 GMT <unknown@Thomas-PC>
# name: lambda_sol
# type: matrix
# rows: 5
# columns: 1
 0
 -0.56510269183759076
 -7.2094756446325077
 -0.56510269183759221
 0


