# Created by Octave 5.1.0, Tue Apr 21 17:25:23 2020 GMT <unknown@Thomas-PC>
# name: lambda_sol
# type: matrix
# rows: 9
# columns: 1
 0
 0
 0
 -5.003088814258267
 -6.6024575923647912
 -5.0030888142582697
 0
 0
 0


