# Created by Octave 5.1.0, Tue Apr 21 17:27:12 2020 GMT <unknown@Thomas-PC>
# name: lambda_sol
# type: matrix
# rows: 17
# columns: 1
 0
 0
 0
 0
 0
 -2.5124471491599549
 -4.8490472358126997
 -5.9474834896815221
 -6.5070678539462756
 -5.9474834896815212
 -4.8490472358127006
 -2.5124471491599576
 0
 0
 0
 0
 0


