# Created by Octave 5.1.0, Tue Apr 21 17:38:02 2020 GMT <unknown@Thomas-PC>
# name: lambda_sol
# type: matrix
# rows: 33
# columns: 1
 0
 0
 0
 0
 0
 0
 0
 0
 0
 -0.72192548706503601
 -2.7073342353555341
 -3.8372655025905682
 -4.7404078629033997
 -5.4573482866937573
 -5.9762330465386295
 -6.2732143314173188
 -6.5045439649859889
 -6.2732143314173161
 -5.9762330465386251
 -5.4573482866937688
 -4.7404078629033979
 -3.8372655025905682
 -2.7073342353555252
 -0.72192548706503923
 0
 0
 0
 0
 0
 0
 0
 0
 0


