# Created by Octave 5.1.0, Sat Feb 15 14:04:33 2020 GMT <unknown@Thomas-PC>
# name: lambda_sol
# type: matrix
# rows: 65
# columns: 1
 0
 0
 0
 0
 0
 0
 0
 0
 0
 0
 0
 0
 0
 0
 0
 0
 0
 0
 -0.87856286296195407
 -1.9373823557604206
 -2.6338693037738001
 -3.2347376220984385
 -3.7751983837798555
 -4.2648293080920245
 -4.7066926050844913
 -5.1012646133453741
 -5.4477017812803616
 -5.74445008416712
 -5.9896087771232178
 -6.1811385695987244
 -6.3168720475105307
 -6.3938596422318081
 -6.4926219777040659
 -6.3938596422317966
 -6.3168720475105182
 -6.1811385695987475
 -5.9896087771232098
 -5.7444500841671218
 -5.4477017812803705
 -5.1012646133453394
 -4.7066926050845304
 -4.264829308091989
 -3.7751983837798857
 -3.2347376220984274
 -2.6338693037738117
 -1.9373823557604033
 -0.87856286296196107
 0
 0
 0
 0
 0
 0
 0
 0
 0
 0
 0
 0
 0
 0
 0
 0
 0
 0


