# Created by Octave 5.1.0, Sat Feb 15 15:45:46 2020 GMT <unknown@Thomas-PC>
# name: lambda_sol
# type: matrix
# rows: 129
# columns: 1
 0
 0
 0
 0
 0
 0
 0
 0
 0
 0
 0
 0
 0
 0
 0
 0
 0
 0
 0
 0
 0
 0
 0
 0
 0
 0
 0
 0
 0
 0
 0
 0
 0
 0
 0
 -0.16129153381162015
 -1.0257504176717771
 -1.5075678496267846
 -1.9099660100471074
 -2.2727905990377626
 -2.6082990182717842
 -2.9223574873765052
 -3.2184609459285038
 -3.4988712970592699
 -3.7650884244258171
 -4.0181028438282418
 -4.258550729933126
 -4.4868156389163509
 -4.7030980303976175
 -4.9074643275362897
 -5.0998825645292971
 -5.2802490191836498
 -5.4484086362795496
 -5.6041710590558642
 -5.7473234555001182
 -5.8776409091308599
 -5.9948948484750533
 -6.0988597434352769
 -6.1893180127340033
 -6.2660625850892213
 -6.3288953275062063
 -6.3776158359019082
 -6.4119814369730115
 -6.4315268756035566
 -6.4761389427937486
 -6.4315268756035575
 -6.4119814369730062
 -6.3776158359019535
 -6.3288953275061015
 -6.266062585089327
 -6.1893180127339642
 -6.0988597434352707
 -5.9948948484750559
 -5.8776409091308661
 -5.7473234555001129
 -5.6041710590558687
 -5.4484086362795336
 -5.2802490191836595
 -5.0998825645293229
 -4.9074643275362657
 -4.7030980303975944
 -4.4868156389163723
 -4.2585507299331091
 -4.0181028438282658
 -3.7650884244257981
 -3.4988712970592952
 -3.2184609459285105
 -2.922357487376424
 -2.6082990182718597
 -2.2727905990377475
 -1.9099660100471045
 -1.5075678496267726
 -1.0257504176717585
 -0.16129153381164843
 0
 0
 0
 0
 0
 0
 0
 0
 0
 0
 0
 0
 0
 0
 0
 0
 0
 0
 0
 0
 0
 0
 0
 0
 0
 0
 0
 0
 0
 0
 0
 0
 0
 0
 0


