# Created by Octave 5.1.0, Tue Apr 21 17:24:41 2020 GMT <unknown@Thomas-PC>
# name: u_sol
# type: matrix
# rows: 18
# columns: 1
 0.012102260903856858
 -0.012102260903856974
 0
 0
 -4.989236582459935e-17
 -0.024285225127208807
 0
 0.024285225127208744
 -1.9158826428449506e-17
 -0.15281990713707766
 -0.15281990713707774
 0
 0
 -0.060350376817309495
 -0.11005000403503654
 0
 -0.11005000403503648
 -0.096792947306249488


