# Created by Octave 5.1.0, Tue Apr 21 17:24:51 2020 GMT <unknown@Thomas-PC>
# name: u_sol
# type: matrix
# rows: 50
# columns: 1
 0.0070621224690619678
 -0.0070621224690619704
 0
 0
 -3.8761617523374064e-18
 -0.024768325600477453
 0
 0.024768325600477446
 -4.7600381254293454e-18
 0.0044454660718654792
 -7.9382981971774178e-18
 -0.00012832820874177946
 -0.0044454660718654783
 0.0001283282087417758
 -0.0074541199475830541
 -0.011104356419391523
 -0.036187971420918286
 -0.014833187864955041
 0
 2.2655226118459612e-18
 0
 0.014833187864955034
 0.036187971420918279
 0.011104356419391521
 0.0074541199475830567
 -0.17294964178606054
 -0.17294964178606051
 0
 0
 -0.089953788839322119
 -0.12639742824695729
 0
 -0.12639742824695729
 -0.12264557330559329
 -0.1501548554002782
 -0.12396654321971573
 -0.15176624637475947
 -0.15015485540027818
 -0.15176624637475944
 -0.15959659832944711
 -0.12878696061365505
 -0.082618892784753498
 -0.075671302684012356
 0
 -0.070979134861876167
 0
 -0.075671302684012356
 -0.082618892784753498
 -0.12878696061365502
 -0.15959659832944711


