# Created by Octave 5.1.0, Tue Apr 21 17:25:23 2020 GMT <unknown@Thomas-PC>
# name: u_sol
# type: matrix
# rows: 162
# columns: 1
 0.01108079789898782
 -0.011080797898987855
 0
 0
 -9.4991144380082829e-18
 -0.023012142976053727
 0
 0.023012142976053709
 -1.3459239656113256e-17
 0.0090470256341272648
 -1.6565168040233806e-17
 -0.0025701720525448087
 -0.0090470256341273012
 0.0025701720525447814
 -0.0051679479769401746
 -0.008792939518812817
 -0.038645506570272631
 -0.016714168071099756
 0
 -5.3251085566292359e-18
 0
 0.016714168071099749
 0.03864550657027261
 0.0087929395188127962
 0.005167947976940146
 0.010377003936598621
 -0.0018696218157435586
 0.0011063206777490388
 -1.3064089667862972e-17
 -0.0035911738075919139
 0.0043550548562022919
 -0.00056176772717104096
 -0.0033835671486949661
 -1.6157455531871965e-17
 -0.0043550548562023301
 0.0035911738075918805
 -0.001106320677749065
 0.0018696218157435247
 -0.010377003936598657
 0.0033835671486949375
 0.00056176772717101342
 -0.0039477005591301373
 -0.00064732244220886673
 -0.015544506173145489
 -0.0064640404565283133
 -0.012673364268508925
 -0.0018741336101877324
 -0.0034824214721721277
 -0.03244810217298822
 -0.023588545025092514
 -0.020984142112771987
 -0.027610291505424558
 -0.035614776788841174
 -0.014705170026408249
 -0.0070736827810083816
 0
 -0.012264816628782071
 -2.682082187577113e-18
 -0.005672812627036573
 0
 -0.0078759528061572055
 -8.1877478355071089e-18
 0
 0.0056728126270365669
 0.020984142112771983
 0.012264816628782062
 0
 0.0078759528061571916
 0.0070736827810083582
 0.035614776788841167
 0.027610291505424548
 0.015544506173145472
 0.023588545025092496
 0.032448102172988207
 0.014705170026408233
 0.0034824214721721029
 0.012673364268508904
 0.0064640404565282899
 0.00064732244220884418
 0.0039477005591301096
 0.0018741336101877101
 -0.17924782950921256
 -0.17924782950921256
 0
 0
 -0.09757729395234177
 -0.12879136631130592
 0
 -0.12879136631130592
 -0.12720512966504022
 -0.15163280457947226
 -0.130789310091322
 -0.15240410745213823
 -0.15163280457947226
 -0.15240410745213825
 -0.1630939941532889
 -0.13137858101461991
 -0.082821226816314583
 -0.078827215151986735
 0
 -0.075747841809451211
 0
 -0.078827215151986735
 -0.082821226816314569
 -0.13137858101461991
 -0.1630939941532889
 -0.17031167951519416
 -0.15402421608620334
 -0.16850653393422813
 -0.11789361313387178
 -0.12965311161480644
 -0.11212054931999374
 -0.13727189299683365
 -0.13781284300178315
 -0.13396704385773853
 -0.11212054931999374
 -0.12965311161480644
 -0.16850653393422813
 -0.15402421608620337
 -0.17031167951519416
 -0.13781284300178318
 -0.13727189299683368
 -0.17420891879048486
 -0.16197524278486944
 -0.13376085724113421
 -0.15057534575930662
 -0.14776442291946662
 -0.14540244071342354
 -0.12710666087945416
 -0.10840402081038791
 -0.11135089174635539
 -0.041860367158360348
 -0.081389319030374926
 -0.049900805266664336
 -0.10950058304047489
 -0.10692371411100755
 0
 -0.040778565730881344
 -0.039333714919722561
 -0.040257996631443471
 0
 -0.077083978231365077
 -0.10578293994215418
 0
 -0.040257996631443457
 -0.041860367158360341
 -0.040778565730881344
 0
 -0.077083978231365063
 -0.10692371411100755
 -0.049900805266664322
 -0.081389319030374913
 -0.13376085724113421
 -0.11135089174635537
 -0.1084040208103879
 -0.10950058304047489
 -0.12710666087945416
 -0.14776442291946659
 -0.15057534575930662
 -0.16197524278486941
 -0.17420891879048483
 -0.14540244071342351


