# Created by Octave 5.1.0, Tue Apr 21 17:27:12 2020 GMT <unknown@Thomas-PC>
# name: u_sol
# type: matrix
# rows: 578
# columns: 1
 0.011467257097455708
 -0.011467257097455689
 0
 0
 2.3125277218493427e-18
 -0.022352591605005689
 0
 0.022352591605005693
 -2.9218721683520463e-19
 0.01049758080916772
 4.521963037053087e-18
 -0.0036070832042324756
 -0.010497580809167703
 0.0036070832042324821
 -0.004062224274845299
 -0.0083122145203640019
 -0.040083681808505384
 -0.017594635477906385
 0
 1.0461641534403391e-18
 0
 0.017594635477906382
 0.040083681808505384
 0.0083122145203640037
 0.0040622242748453094
 0.011334847720739729
 -0.0028517615514711981
 0.00074498454203943837
 -5.2230570837919693e-19
 -0.0039390222631195092
 0.0040490484022435687
 -0.00050809260874879348
 -0.0035941700724225734
 1.68689067232408e-18
 -0.0040490484022435574
 0.003939022263119517
 -0.00074498454203942666
 0.0028517615514712115
 -0.011334847720739711
 0.0035941700724225743
 0.00050809260874879565
 -0.0038737648155852738
 0.00052742687178429482
 -0.014744812059164955
 -0.0053607417395407711
 -0.011413052201598535
 -0.0012255994638529603
 -0.0034779497233256448
 -0.033017043421026078
 -0.023775452871398116
 -0.023236328859788071
 -0.028749075280825338
 -0.037495984366614818
 -0.014788653534954481
 -0.0069850046115564213
 0
 -0.013266238455553934
 1.5390175829333383e-18
 -0.0060325221083732438
 0
 -0.0082173094597203719
 9.0284553528497374e-19
 0
 0.0060325221083732403
 0.023236328859788071
 0.013266238455553936
 0
 0.0082173094597203736
 0.0069850046115564205
 0.037495984366614818
 0.028749075280825338
 0.014744812059164957
 0.023775452871398116
 0.033017043421026078
 0.014788653534954481
 0.0034779497233256465
 0.01141305220159854
 0.0053607417395407763
 -0.00052742687178428582
 0.0038737648155852942
 0.0012255994638529649
 0.01119332626094395
 0.0049571508486883197
 0.0059888071665161018
 0.0014589997990047054
 0.0034987340003166363
 0.011427754180712025
 -0.002753797818090827
 -0.0010220391444588485
 -0.0042155568113120961
 1.1147272067702029e-18
 -0.0011307668165193639
 0.0017541810766208781
 -0.0025110165754529371
 -0.0023404165329447015
 2.2309493646018362e-18
 0.0073522983348938385
 -0.0016434936419097927
 -0.00078207020615058266
 0.00052243094904279384
 -0.00046044540979545639
 8.5784567754825825e-19
 -0.0041255197620815743
 -0.0022394956381639681
 -0.0023610887423819297
 1.1664297515878452e-18
 -0.0013632633550082496
 -0.0020970481219962809
 -0.0041329790790112291
 -0.0043109427174549122
 -0.0049047876573457385
 -0.001754181076620872
 0.0011307668165193678
 0.00078207020615059198
 0.0016434936419098
 -0.0073522983348938238
 0.0023404165329447024
 0.0025110165754529436
 -0.0059888071665160827
 -0.004957150848688305
 -0.011193326260943933
 0.0042155568113121057
 0.0010220391444588626
 0.0027537978180908361
 -0.011427754180712006
 -0.0034987340003166212
 -0.0014589997990046909
 0.00046044540979545926
 -0.00052243094904279135
 0.0020970481219962848
 0.0013632633550082545
 0.0023610887423819314
 0.0022394956381639707
 0.0041255197620815795
 0.0041329790790112396
 0.0049047876573457437
 0.0043109427174549148
 -0.006936241821636476
 -0.002296747622210374
 -0.0015642055553850679
 -0.00082747015907380628
 -0.0029018982250876226
 0.0010075280057378153
 0.0023022567242801384
 -0.018431248609216754
 -0.013049003171412115
 -0.01668137222532675
 -0.0070121895515945411
 -0.0098276033830523891
 -0.011349967040392817
 -0.0070485238880101239
 -0.0081471613489150618
 -0.0041598484801194579
 -0.0014398512519700499
 -0.0016265609365573876
 0.0016448928109416689
 -3.1065991195633432e-05
 -0.0056854094567706497
 -0.0027896711104880589
 -0.0046485518535971599
 -0.0017554281733269195
 -0.0030334281115506397
 0.00021252165586232907
 -0.027863103815538227
 -0.023662228508234313
 -0.032315888264779713
 -0.028452018445880266
 -0.037292157776714373
 -0.019503212663011308
 -0.015516349064771418
 -0.018752616034010336
 -0.030159637518325937
 -0.028425593450359592
 -0.022977621948289961
 -0.027904699250637828
 -0.021850917938053466
 -0.040572377291475364
 -0.034399469112309809
 -0.034608713184156759
 -0.0054564961373709505
 -0.0027307327104031005
 -0.011811001847573329
 -0.0084563004799290357
 -0.012232895667570359
 -0.010726322060415244
 -0.01686165870487737
 -0.027071587213902282
 -0.021845659612654486
 -0.019168965347590727
 0
 -0.013845741419146698
 -0.0076909505741409936
 -0.010405583469146102
 0
 -0.017767771052187332
 -0.016522613445559244
 5.0964357470419203e-19
 -0.0016669672877335923
 0
 -0.0037284370960383182
 -0.0029388267699777416
 2.8407315476249425e-18
 0
 -0.0034489456873389918
 -0.0054224854481490252
 -0.0034637971547215839
 -1.0763728630998012e-18
 -0.012693986312581
 -0.0079527372613109135
 1.3232804663199885e-18
 -0.0039237841318953241
 -0.0040386238719276922
 -0.0094221581275673923
 -0.0076163364758083689
 -0.01182800845809719
 0
 0.0016669672877335942
 0.0054224854481490243
 0.0034489456873389931
 0
 0.0029388267699777446
 0.003728437096038319
 0.018752616034010336
 0.013845741419146696
 0
 0.016522613445559244
 0.017767771052187332
 0.021850917938053466
 0
 0.010405583469146105
 0.0076909505741409945
 0.0034637971547215856
 0.0027307327104031005
 0.004038623871927694
 0.0039237841318953241
 0.012232895667570359
 0.0079527372613109135
 0.012693986312580998
 0.0094221581275673941
 0.01182800845809719
 0.0076163364758083706
 0.028425593450359599
 0.030159637518325937
 0.034608713184156759
 0.034399469112309809
 0.040572377291475364
 0.027904699250637828
 0.022977621948289961
 0.018431248609216758
 0.023662228508234313
 0.027863103815538231
 0.01551634906477142
 0.019503212663011305
 0.011349967040392817
 0.037292157776714373
 0.028452018445880262
 0.032315888264779706
 0.0054564961373709522
 0.0016265609365573904
 0.01686165870487737
 0.010726322060415244
 0.0056854094567706523
 0.0084563004799290374
 0.011811001847573331
 0.027071587213902282
 0.019168965347590723
 0.021845659612654483
 0.01668137222532675
 0.013049003171412122
 0.0041598484801194614
 0.0081471613489150687
 0.0070485238880101282
 0.0098276033830523909
 0.0070121895515945437
 0.0022967476222103909
 0.0069362418216364933
 -0.0023022567242801323
 -0.0010075280057378038
 0.0029018982250876382
 0.00082747015907381832
 0.0015642055553850781
 0.0014398512519700536
 0.0046485518535971625
 0.0027896711104880611
 3.1065991195637091e-05
 -0.0016448928109416615
 0.0017554281733269282
 -0.0002125216558623227
 0.0030334281115506449
 -0.18149112514689494
 -0.18149112514689494
 0
 0
 -0.099385503772429606
 -0.12947196683079404
 0
 -0.12947196683079404
 -0.12820861419771251
 -0.15162726383180339
 -0.13372613439684305
 -0.15274080936060447
 -0.15162726383180339
 -0.15274080936060447
 -0.16427565946791986
 -0.13294720694109882
 -0.082656018151593097
 -0.080337302240848035
 0
 -0.077811512013589046
 0
 -0.080337302240848049
 -0.082656018151593097
 -0.13294720694109882
 -0.16427565946791986
 -0.17191425812092623
 -0.15391300493692625
 -0.16974509571005567
 -0.12089509289701611
 -0.13128375364684799
 -0.11402000995421278
 -0.13926907938468611
 -0.13972765236797641
 -0.13617541910025657
 -0.11402000995421278
 -0.13128375364684799
 -0.16974509571005567
 -0.15391300493692625
 -0.1719142581209262
 -0.13972765236797641
 -0.13926907938468611
 -0.17637819888522924
 -0.16282415432483741
 -0.13504019790226129
 -0.15150287261339412
 -0.14834544995484428
 -0.14640620310997504
 -0.1290892097407863
 -0.10831864436517398
 -0.11250661030781244
 -0.043179140161584077
 -0.082385762068697369
 -0.050717387393401113
 -0.11115747897229623
 -0.10876656669396291
 0
 -0.041665516140189263
 -0.040708730839942468
 -0.04116240311687671
 0
 -0.078699687112705655
 -0.10769823126036322
 0
 -0.04116240311687671
 -0.043179140161584077
 -0.041665516140189263
 0
 -0.078699687112705655
 -0.10876656669396291
 -0.050717387393401113
 -0.082385762068697369
 -0.13504019790226132
 -0.11250661030781244
 -0.10831864436517398
 -0.11115747897229623
 -0.1290892097407863
