# Created by Octave 5.1.0, Tue Apr 21 17:38:02 2020 GMT <unknown@Thomas-PC>
# name: u_sol
# type: matrix
# rows: 2178
# columns: 1
 0.011804409495256527
 -0.011804409495256473
 0
 0
 2.1542188605066609e-17
 -0.022183915583073907
 0
 0.022183915583073924
 1.1870224175314213e-17
 0.012346412082455068
 1.8704646689780996e-17
 -0.0038652439396976539
 -0.01234641208245502
 0.0038652439396976855
 -0.0039534216707397037
 -0.0082030938194030678
 -0.040695397811568008
 -0.017917392006399396
 0
 3.3351847003130827e-18
 0
 0.017917392006399403
 0.040695397811568015
 0.0082030938194030904
 0.0039534216707397358
 0.012153449226728934
 -0.0029937063027860801
 0.001116891298357567
 2.0286304793855335e-17
 -0.0039878036221772731
 0.003933623840270923
 -0.00048694263847238729
 -0.0036402910939951618
 1.5074712286666133e-17
 -0.0039336238402708848
 0.0039878036221773173
 -0.0011168912983575254
 0.0029937063027861192
 -0.012153449226728882
 0.0036402910939951978
 0.00048694263847241722
 -0.0044303060172681324
 0.00074443887498051875
 -0.014529498164333942
 -0.0050586885414678918
 -0.011104172957151983
 -0.0010540472994252465
 -0.0034867430332352197
 -0.033276014433378666
 -0.023874191682958623
 -0.024108790971746136
 -0.029212429391221491
 -0.038360622549063465
 -0.014830431280881785
 -0.0069551516145974377
 0
 -0.013677075914761399
 9.3561148423437255e-19
 -0.0061895242161329441
 0
 -0.0083534743188517138
 8.2704876537250056e-18
 0
 0.0061895242161329475
 0.02410879097174614
 0.013677075914761399
 0
 0.0083534743188517224
 0.0069551516145974525
 0.038360622549063479
 0.029212429391221498
 0.014529498164333961
 0.02387419168295864
 0.03327601443337868
 0.014830431280881797
 0.0034867430332352414
 0.011104172957152008
 0.0050586885414679204
 -0.00074443887498048731
 0.0044303060172681732
 0.001054047299425273
 0.01165863480583983
 0.0057397251583533272
 0.0067542773903271174
 0.0017566883679392168
 0.0041743304126100212
 0.012846252012310589
 -0.0029074215590087328
 -0.0008945749685657611
 -0.0044688180203865209
 2.1172105501604877e-17
 -0.0011762686707953696
 0.0014039440590440989
 -0.0025036401603246035
 -0.0023360427833560896
 1.9244710054907839e-17
 0.0083172700819495165
 -0.0016451409720227683
 -0.00077152310789324011
 0.00060570512066858418
 -0.00040329720670398265
 1.349949281792191e-17
 -0.0042827449391247127
 -0.0022540871491374482
 -0.0024738702582842225
 1.7894337665642811e-17
 -0.0013320151512841638
 -0.0020828185476287177
 -0.0043009415022178385
 -0.0043729530454131166
 -0.0050904437705194374
 -0.0014039440590440588
 0.0011762686707954108
 0.00077152310789328326
 0.0016451409720228125
 -0.0083172700819494766
 0.0023360427833561295
 0.0025036401603246443
 -0.0067542773903270696
 -0.0057397251583532804
 -0.011658634805839781
 0.0044688180203865573
 0.00089457496856580002
 0.0029074215590087697
 -0.012846252012310537
 -0.0041743304126099778
 -0.0017566883679391732
 0.00040329720670401447
 -0.0006057051206685561
 0.0020828185476287559
 0.0013320151512841996
 0.0024738702582842529
 0.0022540871491374794
 0.0042827449391247465
 0.0043009415022178792
 0.0050904437705194747
 0.0043729530454131556
 -0.007662245984907958
 -0.0028051050915803622
 -0.001404846880526297
 -0.00095259063269263441
 -0.0030924347948258239
 0.0010009216723236686
 0.002572098741824568
 -0.018215022356763325
 -0.012774554516361863
 -0.016402076516630847
 -0.0068079694253078485
 -0.0095731919745146391
 -0.011175147302927364
 -0.0067810651397153072
 -0.0078302177755227836
 -0.0038639138703320773
 -0.0014771087414194978
 -0.0016493280189290142
 0.0018669206912568753
 3.6963373222353046e-05
 -0.0056454009760806088
 -0.002750677452234015
 -0.0045217390974168596
 -0.0014495245058601114
 -0.0027785604778899722
 0.00050138190232337614
 -0.027929530648001868
 -0.023629444369298119
 -0.032653653965328801
 -0.028604744988528615
 -0.03773170081514874
 -0.019436381340594337
 -0.015450085848944731
 -0.020018936042293482
 -0.03105561615737332
 -0.02923424449693314
 -0.023378166060458262
 -0.028564665630053946
 -0.02242452840884597
 -0.04133972593388708
 -0.03511879733106222
 -0.035135854946599987
 -0.0053916668814939124
 -0.0026435821496733065
 -0.01175628675091373
 -0.0084052929121644464
 -0.012348308799671406
 -0.01073515966005005
 -0.017036380926836667
 -0.027347082394531975
 -0.022071333661517232
 -0.019236831068702324
 0
 -0.014472641185898135
 -0.0078999066182739858
 -0.010755087395640022
 0
 -0.018387608424929522
 -0.016955213551338433
 1.818226924492605e-18
 -0.0017114012965841645
 0
 -0.0038103197565484809
 -0.003014561177808274
 2.6783022733671469e-18
 0
 -0.0035298083407119423
 -0.0055520106278740405
 -0.0034187929264316744
 9.9605966380627118e-18
 -0.012922501403143178
 -0.0080079218686607521
 5.9267389852330096e-18
 -0.0039350181059231775
 -0.0040965820876617915
 -0.0096844685210745966
 -0.0077941721985079065
 -0.012122472407650388
 0
 0.0017114012965841654
 0.0055520106278740397
 0.0035298083407119423
 0
 0.0030145611778082766
 0.0038103197565484848
 0.020018936042293486
 0.014472641185898137
 0
 0.016955213551338437
 0.018387608424929525
 0.022424528408845974
 0
 0.010755087395640024
 0.0078999066182739892
 0.00341879292643169
 0.0026435821496733252
 0.0040965820876617976
 0.0039350181059231888
 0.012348308799671416
 0.0080079218686607608
 0.012922501403143185
 0.0096844685210746
 0.012122472407650393
 0.00779417219850791
 0.02923424449693315
 0.031055616157373327
 0.035135854946600001
 0.035118797331062226
 0.041339725933887086
 0.028564665630053953
 0.023378166060458269
 0.018215022356763342
 0.023629444369298133
 0.027929530648001886
 0.015450085848944748
 0.019436381340594354
 0.011175147302927388
 0.037731700815148754
 0.028604744988528628
 0.032653653965328815
 0.0053916668814939306
 0.001649328018929037
 0.017036380926836677
 0.010735159660050064
 0.0056454009760806313
 0.0084052929121644637
 0.011756286750913746
 0.027347082394531989
 0.019236831068702335
 0.022071333661517242
 0.016402076516630865
 0.012774554516361884
 0.0038639138703321051
 0.0078302177755228061
 0.0067810651397153384
 0.0095731919745146617
 0.0068079694253078736
 0.0028051050915804047
 0.0076622459849080039
 -0.0025720987418245355
 -0.0010009216723236324
 0.0030924347948258612
 0.00095259063269266997
 0.00140484688052633
 0.0014771087414195238
 0.0045217390974168856
 0.0027506774522340397
 -3.6963373222323054e-05
 -0.001866920691256846
 0.0014495245058601402
 -0.00050138190232334719
 0.0027785604778900004
 0.011663317244594283
 0.0092105869987280792
 0.0094197575529099634
 0.0088283085069172547
 0.0090278185499618625
 0.01183372857227412
 0.0038913603292916152
 0.0062890391863460538
 0.0031298510938027571
 0.0060591590623852954
 0.0072716790673585715
 0.012886934612454536
 5.9876221928287556e-05
 0.0030697292523807459
 -0.0011391229855952571
 0.01253479843416206
 0.0080614411908396383
 0.008539752259257927
 -0.003770078331507277
 -0.003765013737953027
 -0.004377018447144887
 0.00015043800128185843
 -0.0022368520587519106
 -0.0012377159604497966
 -0.0040480718897415975
 -0.0032021994932164115
 -0.0019727832214501669
 0.0050523849733314008
 0.0012118101891608901
 0.0022414512055304284
 2.1514465450599655e-17
 -9.1482510525093638e-05
 0.0006488289173292944
 -0.00099919269360181149
 -0.00063387281408627664
 2.0721467838587126e-17
 0.0024543850189105306
 -8.1754286384551426e-05
 0.00013977307995970224
 -0.0012131170989511618
 -0.0012941475479077958
 1.9121096938240294e-17
 -0.0032892024193152498
 -0.0025153320300439755
 -0.0035615065764902079
 1.9542257242719314e-17
 -0.0013016758983285972
 -0.001212400942572067
 0.010785334741701985
 0.0027523667152155149
 0.0044291493271732402
 0.00065899301746757792
 0.0015246362056899679
 0.0059076188539711688
 -0.003276896636847354
 -0.0014188822916909106
 -0.0031342120073666363
 -0.001909813652191075
 -0.002649354528857421
 -0.0015397883056100551
 0.00053052159409344723
 0.00027813087494493825
 1.2316400314933998e-17
 -0.00050068086335966055
 9.5824094707938658e-05
