# Created by Octave 5.1.0, Fri Feb 21 11:34:37 2020 GMT <unknown@DESKTOP-8DF2H9O>
# name: contactConvergence
# type: matrix
# rows: 5
# columns: 1
 2.0613469345676867
 1.9345241188855977
 1.9167944786712634
 1.796994786736152
 1.6846830298619881


