# Created by Octave 5.1.0, Thu Feb 27 19:18:45 2020 GMT <unknown@Thomas-PC>
# name: contactConvergence
# type: matrix
# rows: 101
# columns: 1
 1.0848322489427593
 1.0678817450530287
 1.4404512333334818
 0.54242227788120589
 0.52547158169741826
 3.4198924426768031
 0.26717475400388885
 5.5124402759297277
 2.7859966906024534
 2.7424654923117897
 5.6584395228732589
 0.045176056653173625
 0.044470180767967785
 4.3814111822370529
 0.034799946232557506
 3.0750174417604539
 0.014389374329532068
 0.014164540355633132
 0.014168053386475305
 0.014167998495368393
 0.01416799935304194
 0.01416799933964079
 0.014167999339850182
 0.013946624350165025
 0.013950083334378853
 6.8503768896379871
 6.268607198683763
 5.4850318420126278
 5.3146915137948163
 2.6573457568974082
 1.3286728784487041
 0.99650465883652806
 0.98093427354220741
 0.92425365238341017
 0.0021292372993900184
 0.55001024697485179
 0.0016574101157349156
 0.19522245598549259
 0.5334494147162443
 0.0055587847460093348
 0.0054719287343529387
 0.0057588185414780653
 0.027702436397581048
 0.027343591761664777
 0.026866197117833255
 0.026520730616292249
 0.026056623125297163
 0.025724125377002263
 0.025272909169489242
 0.024878019963715973
 0.02459032926684341
 0.024131636413506082
 0.023855916797641475
 0.023409210868525626
 0.023145093589047403
 0.022710023810170066
 0.022457151259874037
 0.19124530711549326
 0.021828319262559688
 3.1099963267133042
 0.021159455981095143
 0.02045925463108739
 0.12105085151828142
 0.11726196725355124
 0.11361485404312573
 0.11005870911097536
 0.10663707136899657
 0.1032993704028473
 0.10008935991818738
 0.096956688586297385
 0.093945310653055239
 0.091005081551622458
 0.088180142549711821
 0.085420544430370698
 0.08277060263558203
 0.080180552762319807
 0.077694872187170361
 0.075263971630268642
 0.072932478709123671
 0.070650970395525148
 0.068464213338879185
 0.066322942689434686
 0.06427205334293043
 0.063267802509447135
 0.06227795683861205
 0.061316599124257992
 0.060357407073492332
 0.059426224332175238
 0.058496740714064417
 0.057594802459404577
 0.05669411155562637
 0.055820516302665615
 0.054947730954837265
 0.05410160532453627
 0.05325586605332662
 0.05243636390484778
 0.051616838056473303
 0.050823139646379661
 0.050029020565629863
 0.049247317119291888
 0.048504052328472755


