# Created by Octave 5.1.0, Fri Feb 14 16:55:00 2020 GMT <unknown@Thomas-PC>
# name: contactConvergence
# type: matrix
# rows: 6
# columns: 1
 1.1092393906439422
 6.5052130349130266e-19
 3.0665868333667484e-19
 3.0665868333667484e-19
 9.1997605001002456e-19
 0


