# Created by Octave 5.1.0, Fri Feb 14 17:40:15 2020 GMT <unknown@Thomas-PC>
# name: contactConvergence
# type: matrix
# rows: 100
# columns: 1
 1.122489117798237
 0.009949737165987519
 0.0077162146117973705
 0.014253001937021345
 0.01336218931595751
 0.011691915651462822
 0.010230426195029972
 0.0091594863222688068
 0.011241494501218426
 0.0098363076885661215
 0.0095043400154246737
 0.010982854231351523
 0.0096099974524325865
 0.0097023614720415201
 0.0096215429548837019
 0.0096922591573967935
 0.0096303824801978397
 0.0096845245727469227
 0.0096371502417664755
 0.0096786027813743677
 0.0084687774337025706
 0.010700928988430284
 0.010032120926653391
 0.0093330034320983097
 0.0099447312398340086
 0.009409469408065271
 0.0082332857320571128
 0.010906984227370057
 0.010225297713159432
 0.0085248926368330612
 0.010651828185691103
 0.0081250203188346238
 0.011001716463939736
 0.010314109184943505
 0.0084416318820354948
 0.010724681346138973
 0.0080567204809147436
 0.011061478822119631
 0.007740972847182879
 0.011337758001635011
 0.010629148126532826
 0.0081462828742955053
 0.010983111727911464
 0.0078144419980030327
 0.011273472494667378
 0.0075422287791693616
 0.01151165906114684
 0.010792180369825164
 0.0079934401462089383
 0.011116849114987207
 0.0076890631976195218
 0.01138317894500295
 0.0074393789819797657
 0.011601652633687736
 0.011239100988884991
 0.0075744520658403555
 0.011483463685309725
 0.011124605445143791
 0.0076817916380977269
 0.011389541559584521
 0.0110336183858475
 0.0077670920061879969
 0.011314903737505532
 0.010961312995708485
 0.0078348783094433216
 0.011255590722157123
 0.0075589929408977317
 0.011496990419634517
 0.011137709469020941
 0.0076695066157129012
 0.011400290954171244
 0.011044031861853395
 0.0077573293724324732
 0.011323446042041619
 0.010969588353227819
 0.0078271201617689506
 0.011262379101372202
 0.010910429754454326
 0.0078825813481190974
 0.01121385056331582
 0.0072476915097078303
 0.011769379171925682
 0.011401586072803005
 0.011045286508027915
 0.0077561531416438616
 0.011324475243981653
 0.010970585392607229
 0.007826185437350754
 0.0073370488475163319
 0.01169119150134324
 0.011325841766926262
 0.010971909211709815
 0.0074820721940761495
 0.011096666560973642
 0.0073612135119768118
 0.011209971575441771
 0.0072514492792108151
 0.011312875543659895
 0.0071517610599995101
 0.011406333249170489


