# Created by Octave 5.1.0, Fri Feb 14 16:50:44 2020 GMT <unknown@Thomas-PC>
# name: contactConvergence
# type: matrix
# rows: 7
# columns: 1
 2.5774990872785928
 1.2887495436392964
 0.8909843891371908
 3.0357660829594124e-18
 4.3368086899420177e-18
 2.6020852139652106e-18
 3.0357660829594124e-18


