# Created by Octave 5.1.0, Fri Feb 14 16:50:44 2020 GMT <unknown@Thomas-PC>
# name: equilibriumConvergence
# type: matrix
# rows: 7
# columns: 1
 3.5773774875592781
 2.5359955738126718
 1.2725766089581936
 0.24211450950714453
 0.0026501176599565014
 3.9091237060959057e-07
 1.686586352194024e-14


