# Created by Octave 5.1.0, Fri Feb 21 11:34:37 2020 GMT <unknown@DESKTOP-8DF2H9O>
# name: equilibriumConvergence
# type: matrix
# rows: 5
# columns: 1
 1.1990488368831771
 1.2088264141675633
 1.2000850116264989
 1.3047586905131716
 1.4461590685977497


