# Created by Octave 5.1.0, Fri Feb 14 17:40:15 2020 GMT <unknown@Thomas-PC>
# name: equilibriumConvergence
# type: matrix
# rows: 100
# columns: 1
 1.2307017314266817
 0.44324843610528059
 1.128266071051524
 1.0239066234916889
 1.0064386788977124
 1.0150464978334803
 0.97694735710148783
 0.91740146626776686
 0.86927457434672628
 0.84347255831035051
 0.79621104199927284
 0.80105516112965314
 0.77915606913400448
 0.73688814682061798
 0.69546328794942158
 0.66336273737261509
 0.63146677350561065
 0.60711791242874447
 0.58244890696999907
 0.56405714873156199
 0.54488240452016901
 0.52156202271479679
 0.50714829773569914
 0.5039307641692089
 0.4905705247193558
 0.4880814830532258
 0.4771128473650974
 0.46056010544620996
 0.45104347342373574
 0.43899383409093895
 0.42889896105677566
 0.42013939748364848
 0.4098498082981395
 0.40407800788926734
 0.39533884253542861
 0.39009892230615395
 0.38415778981106263
 0.37786693367801905
 0.37449046637815048
 0.36749840864472483
 0.36645246486170391
 0.36145014544527321
 0.3585476921558578
 0.35590734199366791
 0.3516555488383955
 0.35117922629262655
 0.34595495858205488
 0.3474364122146516
 0.34433255672795954
 0.34259042544881757
 0.34163592586151331
 0.33841814853817376
 0.33942327562554381
 0.33509846809880833
 0.33052673923486026
 0.33102127027461248
 0.32847021156702871
 0.3238918600727505
 0.32407282715887598
 0.3229720502050718
 0.31841012118509415
 0.3184013864369068
 0.31848225038427014
 0.31394668435927198
 0.31382542791007451
 0.3148634944148303
 0.31650406681319831
 0.31561859006129928
 0.31148331729944362
 0.31255594329508146
 0.31277509550574911
 0.3085615496207384
 0.30925104199570358
 0.31037964690539654
 0.30611906949172463
 0.30654723756402219
 0.30841799152190558
 0.3041290092150955
 0.30437643340061488
 0.30684685082676311
 0.30254039446235093
 0.30169493003783632
 0.29855813910991852
 0.29481102160997485
 0.29641371964561231
 0.29912328421908813
 0.29523021582411602
 0.29637690572225367
 0.28784539255451658
 0.28928996181798194
 0.28640126614732969
 0.28291913121263307
 0.27900345745479876
 0.27112697691195276
 0.26778028661196079
 0.26046067894039027
 0.25764299211989511
 0.25083127759674834
 0.24850557743520982
 0.24215712216102217


