# Created by Octave 5.1.0, Thu Feb 27 19:18:45 2020 GMT <unknown@Thomas-PC>
# name: equilibriumConvergence
# type: matrix
# rows: 101
# columns: 1
 0.73571448934569483
 0.72701141843852557
 0.71968753273314934
 0.85441173089198619
 0.86747964222070928
 0.86572865202465188
 0.94018137401737267
 1.013461017465769
 0.67779435564816026
 0.73876505380687385
 0.82108330693936493
 1.6751976160734874
 1.6581071272341974
 1.6503324402010875
 1.5344718417373127
 1.5246288680492983
 0.36066846943087827
 0.4862286540905052
 0.52201077098310233
 0.53466865089058146
 0.53926103088888899
 0.54094398019631562
 0.5415628861308982
 0.57398686608981564
 0.5721352734329912
 0.62923123026350369
 0.79692642926243951
 1.0906291548386715
 1.0917032910871114
 2.6612667236689851
 1.805608086912365
 1.6191594626757857
 1.6017321985488508
 1.5104038896398662
 1.2208875398090862
 1.2453261751127869
 0.96135770011256461
 0.91423743218511899
 0.90017035820521196
 0.57935991999258096
 0.57949490857264263
 0.57651996927772176
 0.57409844217552619
 0.57131537466688864
 0.56928424991051285
 0.56693007928263306
 0.56534434417143953
 0.563391727949065
 0.56223438642753099
 0.56065813885351645
 0.55754914452727977
 0.55637965906602382
 0.55359542123176952
 0.55229062004903784
 0.55003040742645992
 0.54930340167273017
 0.54725446811380474
 0.54845942515807455
 0.55268854669673706
 1.9693808959395009
 1.1412612823763542
 1.1253893445267051
 1.1151751759522552
 1.1025643299603114
 1.0949772518028207
 1.0852591562240523
 1.0796916235529759
 1.0724765182505704
 1.068689349459514
 1.0636287609770509
 1.0613695022854499
 1.0581506523423378
 1.0571755568855341
 1.0555185812050722
 1.0556024338788839
 1.0552583650712275
 1.0561988241648692
 1.0569479637395887
 1.0585664972002649
 1.0602172359661566
 1.0623576095292588
 1.0647455037055025
 1.0672707605481111
 1.0597864839030615
 1.0536132277349879
 1.046066949854964
 1.0402378845746962
 1.0330116039191375
 1.0275163166106906
 1.0205896361652451
 1.0154400202896083
 1.0091985029145456
 1.0042809486744249
 0.99791751214999191
 0.99326711196806194
 0.98713211867684958
 0.98271948144119725
 0.97607107821922556
 0.97218902918555128
 0.96666236765302282
 0.95967329453841277


