# Created by Octave 5.1.0, Fri Feb 14 16:55:00 2020 GMT <unknown@Thomas-PC>
# name: lambda_sol
# type: matrix
# rows: 9
# columns: 1
 0
 0
 0
 -5.7439218379751535
 -5.2213502535436387
 -5.7439218379751535
 0
 0
 0


