# Created by Octave 5.1.0, Fri Feb 14 17:40:15 2020 GMT <unknown@Thomas-PC>
# name: lambda_sol
# type: matrix
# rows: 17
# columns: 1
 0
 0
 0
 0
 -5.4887238710743667
 -5.9453548766136768
 -4.8549140514546218
 -4.5877208970280039
 -4.5019811689131179
 -4.5877208970280039
 -4.8549140514546263
 -5.9453548766136697
 -5.4887238710743684
 0
 0
 0
 0


