# Created by Octave 5.1.0, Thu Feb 27 19:18:45 2020 GMT <unknown@Thomas-PC>
# name: lambda_sol
# type: matrix
# rows: 33
# columns: 1
 0
 0
 0
 0
 0
 0
 0
 -3.9857470574457943
 -9.2595565948652698
 0.0054288796020576244
 0.00058071098239493224
 0.033698901456272391
 -2.7974705790564505
 -4.5135095776016971
 -5.3340088047455794
 -5.5982304812777404
 -5.4450413577477024
 -5.5982305366098766
 -5.3340104798973744
 -4.5135057258918128
 -2.7974771649970291
 0.033698887759170439
 0.00058071099453966657
 0.0054288794857098224
 -9.2595519222427427
 -3.9857491703123062
 0
 0
 0
 0
 0
 0
 0


