# Created by Octave 5.1.0, Fri Feb 21 11:34:37 2020 GMT <unknown@DESKTOP-8DF2H9O>
# name: lambda_sol
# type: matrix
# rows: 65
# columns: 1
 1.2863347091006752e-07
 2.572669418201352e-07
 9.0043429637047335e-07
 3.3444702436617602e-06
 1.247744667827657e-05
 4.6565316469444535e-05
 0.00017378381919950169
 0.00064856996032856265
 0.0024204960221147504
 0.0090334141281304403
 0.03371316049040704
 0.1258192278334978
 0.46956375084358437
 0.13585067767052478
 -15.569932593498379
 -4.881174236536026
 -5.6691491020530975
 -4.1545958560003555
 0.97075708127095206
 0.26608199830526535
 0.088691455512297845
 0.11856740481195518
 0.3577450071753584
 -1.4527318477630615
 -3.1995160579681396
 -3.7883607149124146
 -4.6461772000575365
 -5.4699457287788391
 -5.5624458491802216
 -5.4602574519813061
 -5.1599510087664839
 -4.4436958721817064
 -2.863096165805473
 -4.4447598457245476
 -5.1608890270313168
 -5.4610956721007824
 -5.5624107122421265
 -5.4688371419906616
 -4.6451918563002437
 -3.7882125377655029
 -3.1952276229858398
 -1.4500795602798462
 0.35774562865437387
 0.11856756101265328
 0.088691469947505819
 0.2660818885901956
 0.97075662806007235
 -4.1514426311309194
 -5.6710351168360376
 -4.8794617652893066
 -15.570216508116573
 0.13585230572430756
 0.46956393030758559
 0.125819275920732
 0.033713173375342617
 0.0090334175806385201
 0.0024204969472115022
 0.00064857020820749238
 0.00017378388561846924
 4.6565334266384766e-05
 1.2477451447069944e-05
 3.3444715218950337e-06
 9.0043464051020137e-07
 2.5726704014577155e-07
 1.2863352007288572e-07


