# Created by Octave 5.1.0, Fri Feb 14 16:50:44 2020 GMT <unknown@Thomas-PC>
# name: u_sol
# type: matrix
# rows: 50
# columns: 1
 0.019693748616412963
 -0.019693748616412991
 0
 0
 -1.4727149568449953e-17
 -0.03559708131083985
 0
 0.035597081310839836
 -5.8993647504275374e-18
 0.011612206536221883
 -1.1341840212371078e-17
 0.0086579059895540086
 -0.011612206536221914
 -0.0086579059895540312
 -0.022864429341243355
 -0.016073548570149785
 -0.037660527794658935
 -0.013034290820259165
 0
 -1.057353648975601e-18
 0
 0.01303429082025916
 0.037660527794658928
 0.016073548570149768
 0.022864429341243334
 -0.20310949839015524
 -0.20310949839015524
 0
 0
 -0.099999999999999992
 -0.13645049841557286
 0
 -0.13645049841557286
 -0.13126820305277653
 -0.18898865196800402
 -0.15282506718834341
 -0.17618244015886575
 -0.18898865196800405
 -0.17618244015886578
 -0.18057807194760178
 -0.13683186417707288
 -0.080901787998206534
 -0.074673517973179615
 0
 -0.072333742373272808
 0
 -0.074673517973179615
 -0.08090178799820652
 -0.13683186417707288
 -0.18057807194760175


