# Created by Octave 5.1.0, Fri Feb 14 17:40:15 2020 GMT <unknown@Thomas-PC>
# name: u_sol
# type: matrix
# rows: 578
# columns: 1
 0.014414107502248379
 -0.014414107502248525
 0
 0
 -6.082813829270496e-17
 -0.026229455206372473
 0
 0.026229455206372397
 -1.8806977177324341e-17
 0.011850847305325103
 -4.0250166270359214e-17
 -0.00091984166365969514
 -0.011850847305325228
 0.000919841663659616
 -0.0084694186780240096
 -0.0096820112852392132
 -0.035219290322253356
 -0.012152880358149558
 0
 -5.2381514829041294e-18
 0
 0.012152880358149551
 0.035219290322253322
 0.0096820112852391681
 0.0084694186780239124
 0.014497809190571278
 -0.0027981712142548169
 0.0017111234182440305
 -5.3375761634298234e-17
 -0.00086583719618679071
 0.0065372110122659671
 0.0013634063338269665
 -0.0011083004289641884
 -2.8575174192417879e-17
 -0.0065372110122660955
 0.00086583719618668674
 -0.0017111234182441498
 0.0027981712142547094
 -0.014497809190571434
 0.0011083004289641084
 -0.0013634063338270237
 -0.0060363010161003771
 -0.0027904636822120464
 -0.017499002012092601
 -0.0097012700560334415
 -0.016940308192644579
 -0.0042984943499012086
 -0.004041638286993947
 -0.033295307783244882
 -0.022505455086058293
 -0.014263181320422759
 -0.022304676797834853
 -0.028395818169159977
 -0.012818808680368084
 -0.0056586480983623509
 0
 -0.0073445909804234558
 -1.676362723157551e-18
 -0.0031565536377048892
 0
 -0.005293730331398367
 -1.0865846748868933e-17
 0
 0.0031565536377048866
 0.014263181320422763
 0.0073445909804234514
 0
 0.0052937303313983549
 0.0056586480983623266
 0.028395818169159971
 0.022304676797834846
 0.017499002012092552
 0.022505455086058276
 0.033295307783244854
 0.012818808680368063
 0.004041638286993908
 0.016940308192644513
 0.0097012700560333807
 0.0027904636822119644
 0.0060363010161002591
 0.004298494349901147
 0.014143466353233382
 0.0058269307430820995
 0.0075188575963409162
 -9.1509140551398137e-05
 0.0032539103938678073
 0.014477048733510068
 -0.0011089350189904196
 -0.00077262221273850687
 -0.0025669983355407038
 -5.913101452183115e-17
 0.0011642097855213032
 0.0029748201131456859
 -0.00068967499213054356
 -0.00013262403279257109
 -4.6543879788222862e-17
 0.011469282952367193
 0.0018207956149270995
 0.00069890693494141162
 0.001232156697305408
 0.00055825837821846865
 -2.3618330965858355e-17
 -0.0013644019115548007
 -2.2527516364978353e-07
 0.00044863106994255891
 -3.4143276791400657e-17
 -9.0554825067210273e-05
 -0.0005817826015746604
 -0.0023885257593843521
 -0.0016124077726324833
 -0.0025115621102297079
 -0.0029748201131458078
 -0.0011642097855214231
 -0.00069890693494153652
 -0.0018207956149272184
 -0.011469282952367313
 0.00013262403279246413
 0.00068967499213045064
 -0.0075188575963410515
 -0.0058269307430822218
 -0.014143466353233538
 0.0025669983355406088
 0.00077262221273839151
 0.001108935018990324
 -0.01447704873351021
 -0.0032539103938679275
 9.1509140551280718e-05
 -0.00055825837821852611
 -0.0012321566973054552
 0.00058178260157457995
 9.0554825067141982e-05
 -0.00044863106994262744
 2.2527516358121198e-07
 0.0013644019115547211
 0.0023885257593842459
 0.0025115621102296155
 0.0016124077726323884
 -0.0088916085043821858
 -0.003906677928755934
 -0.0054196789260341589
 -0.003468652474346147
 -0.0061062822811819512
 -0.0010894140529688432
 -0.00056729345707426046
 -0.021890928477550444
 -0.017607491078543442
 -0.021761918248413507
 -0.010145662809536412
 -0.013696182251578268
 -0.013351582378444369
 -0.012318290214123524
 -0.013138286082851669
 -0.0088874400218541347
 -0.0027664427479802065
 -0.0018995117268742661
 -0.0015090155669535135
 -0.0025551632534928795
 -0.0065928208425560372
 -0.0046807692952401279
 -0.0071168774165929682
 -0.0058928015631146101
 -0.0067045587286729338
 -0.0033670031795338712
 -0.030258253518838023
 -0.02542476537588623
 -0.029212672701702455
 -0.027978207699669438
 -0.035073069034428521
 -0.020485536222495319
 -0.015810097069590932
 -0.010740838600045747
 -0.02026769330417057
 -0.019150016071157131
 -0.016729117173057171
 -0.01939147561591547
 -0.014206490018948244
 -0.033242372588084809
 -0.025979803672705061
 -0.028721874793829642
 -0.0050929336746587421
 -0.0024987164615971847
 -0.011650573013053615
 -0.0080950841660119531
 -0.009067015845395961
 -0.0089486432407938996
 -0.013021047936589477
 -0.023226266036323127
 -0.017738225862561262
 -0.017358989139332349
 0
 -0.0074349891794151159
 -0.003816723289935057
 -0.0053439463670802391
 0
 -0.010279390120356943
 -0.010214424775898429
 -7.9796973218196113e-19
 -0.00078480068002724002
 0
 -0.0021248944675817706
 -0.001516281055149627
 -3.1685491995138531e-18
 0
 -0.0016378151469391171
 -0.0026214493293503951
 -0.0027582295012335001
 -1.4575375868495642e-17
 -0.0084182794053708938
 -0.0057215082820121308
 -7.7293785571617305e-18
 -0.0027733302722897112
 -0.0025561074453192001
 -0.0050465901299791005
 -0.0044132470488741568
 -0.0070402135299209917
 0
 0.00078480068002723872
 0.0026214493293503938
 0.0016378151469391158
 0
 0.0015162810551496233
 0.0021248944675817637
 0.010740838600045745
 0.0074349891794151142
 0
 0.010214424775898416
 0.010279390120356934
 0.014206490018948238
 0
 0.0053439463670802382
 0.0038167232899350562
 0.0027582295012334771
 0.0024987164615971548
 0.0025561074453191897
 0.0027733302722896948
 0.0090670158453959471
 0.0057215082820121169
 0.0084182794053708817
 0.005046590129979097
 0.0070402135299209865
 0.0044132470488741499
 0.019150016071157124
 0.02026769330417056
 0.028721874793829628
 0.02597980367270504
 0.033242372588084795
 0.019391475615915459
 0.016729117173057157
 0.021890928477550406
 0.025424765375886196
 0.030258253518837975
 0.015810097069590898
 0.020485536222495295
 0.013351582378444341
 0.035073069034428486
 0.027978207699669397
 0.029212672701702441
 0.0050929336746587135
 0.0018995117268742288
 0.013021047936589458
 0.0089486432407938753
 0.0065928208425559999
 0.0080950841660119253
 0.011650573013053582
 0.023226266036323103
 0.017358989139332311
 0.017738225862561234
 0.021761918248413465
 0.0176074910785434
 0.0088874400218540723
 0.013138286082851607
 0.012318290214123437
 0.013696182251578216
 0.01014566280953636
 0.0039066779287558083
 0.0088916085043820505
 0.00056729345707417687
 0.0010894140529687409
 0.0061062822811818462
 0.0034686524743460468
 0.0054196789260340687
 0.0027664427479801579
 0.0071168774165929214
 0.0046807692952400793
 0.0025551632534928236
 0.0015090155669534428
 0.0058928015631145381
 0.0033670031795337996
 0.0067045587286728662
 -0.17740330738994944
 -0.1774033073899495
 0
 0
 -0.10000000000000001
 -0.12121802583724767
 0
 -0.12121802583724765
 -0.11721937595158777
 -0.12095207057660738
 -0.13208805866527626
 -0.14509553086565133
 -0.12095207057660738
 -0.14509553086565138
 -0.15688570941679059
 -0.12151353559233097
 -0.073752406257573747
 -0.069100586626232974
 0
 -0.067587584605345641
 0
 -0.06910058662623296
 -0.073752406257573705
 -0.12151353559233097
 -0.15688570941679042
 -0.16484039673810413
 -0.14166538499354525
 -0.16310006866953294
 -0.12209525036297234
 -0.12556304523617723
 -0.10000000000000001
 -0.13194762881446584
 -0.135565758664663
 -0.12979642541676609
 -0.10000000000000001
 -0.12556304523617726
 -0.163100068669533
 -0.14166538499354528
 -0.16484039673810413
 -0.135565758664663
 -0.13194762881446584
 -0.17054336318996213
 -0.15566189405054481
 -0.12445006428564712
 -0.14284939924242909
 -0.14038982198540709
 -0.13760851007610694
 -0.11805152393587169
 -0.099639974116745494
 -0.10050525629065955
 -0.036390932599534957
 -0.070975954969315649
 -0.042352047785647697
 -0.098238613874121569
 -0.096108035255079133
 0
 -0.035768106134035568
 -0.035452432657004422
 -0.035579911041889026
 0
 -0.068037622479506885
 -0.095323701930026566
 0
 -0.035579911041889012
 -0.036390932599534936
 -0.035768106134035568
 0
 -0.068037622479506898
 -0.096108035255079202
 -0.042352047785647697
 -0.070975954969315622
 -0.12445006428564716
 -0.10050525629065954
 -0.099639974116745494
 -0.098238613874121555
