# Created by Octave 5.1.0, Thu Feb 27 19:18:45 2020 GMT <unknown@Thomas-PC>
# name: u_sol
# type: matrix
# rows: 2178
# columns: 1
 0.028239065072472196
 -0.028239076237919877
 0
 0
 -1.2311351315563616e-08
 -0.032575052864279218
 0
 0.03257505294375837
 -3.7752638381806888e-10
 0.022344707900204673
 -3.188376565381559e-10
 0.0069502334649333038
 -0.022344719497300505
 -0.0069502340500392215
 -0.018362551953891533
 -0.013211410842436476
 -0.039232950757318662
 -0.01365759294639249
 0
 -1.0395908387606119e-10
 0
 0.013657592968085617
 0.039232950868152962
 0.013211410831074759
 0.018362550097873957
 0.030281936162775868
 0.010230655680458283
 0.013298338351946434
 2.962375322716051e-09
 0.0036811180716846427
 -0.015574670710934903
 0.0038611556885107799
 0.0021400597787179995
 -5.3317634889652389e-10
 0.015574649881888031
 -0.0036811165600131061
 -0.013298343342203738
 -0.01023065821279498
 -0.030281947240529544
 -0.0021400603662220467
 -0.0038611564062633083
 -0.018328227060580224
 -0.011972225164070947
 -0.022486359940102094
 -0.016581701386816305
 -0.024826348976537054
 -0.0095094431409460632
 -0.0058063722975650219
 -0.038366588544692298
 -0.026212298976595012
 -0.015741541078244034
 -0.02491931237284916
 -0.031225078596891689
 -0.015193061890335995
 -0.0067523985886942823
 0
 -0.0080402645838280034
 -4.3099816075015358e-11
 -0.0034471697567812899
 0
 -0.0059558369659111886
 -2.0712731531808178e-10
 0
 0.0034471697026369403
 0.015741541135571708
 0.0080402645974010575
 0
 0.0059558368307664582
 0.00675239831501651
 0.031225078649809935
 0.024919312500367528
 0.02248636015935709
 0.026212299179023645
 0.038366588698590165
 0.015193061911227934
 0.0058063718178052101
 0.024826348654638772
 0.016581701342269793
 0.011972223905357158
 0.018328221264321966
 0.0095094429750602234
 0.028227638824569898
 0.018699864878933103
 0.020874671083495711
 0.014046745285950193
 0.015058970399585651
 0.034609072591253238
 0.0092303752242074537
 0.010901273920117161
 0.007478606866191265
 -9.1488249159899449e-10
 -0.0040079855135395194
 -0.0057894111968838317
 0.00038034464466022463
 0.00086231969344534862
 5.2533438087761925e-10
 -0.018818183041679752
 -0.008508851204574782
 -0.0020136185979850452
 0.0022991867714098955
 0.0017520318041968452
 -4.6053241295112301e-10
 0.0044413875447323016
 0.0028695289927495042
 0.005171101841040698
 -5.3375724402715408e-10
 0.0011847985301914807
 0.00067658292044175993
 0.0077254596411252064
 0.0020577716086924787
 0.0049105298334092672
 0.0057893854537015817
 0.0040079891496459553
 0.0020136225771092411
 0.0085088424064760707
 0.018818154989669499
 -0.00086231595278630504
 -0.00038034422787373943
 -0.020874679490619531
 -0.018699873300989708
 -0.02822764982194895
 -0.007478607994696687
 -0.010901277998119248
 -0.0092303771929718222
 -0.03460908373956003
 -0.015058978982559482
 -0.014046752633159033
 -0.0017520327741906404
 -0.0022991876055808652
 -0.00067658360517818818
 -0.001184799518184457
 -0.0051711023138144522
 -0.0028695297414942501
 -0.0044413880266654234
 -0.0077254602903093252
 -0.0049105302759998096
 -0.0020577716220144845
 -0.02240584017741229
 -0.015899913316095405
 -0.014963789207873926
 -0.014196952679316616
 -0.017144242903934528
 -0.011523263372525232
 -0.0093281772218601379
 -0.027538662960342887
 -0.024110073013955655
 -0.028788320050616909
 -0.015334661510527217
 -0.019596993342185523
 -0.017651402194077188
 -0.0211627264525307
 -0.020562720062411999
 -0.017326260408077335
 -0.0048953694151127108
 -0.0027756698618731151
 -0.007854290789522737
 -0.0064663405600471364
 -0.0092592787318547913
 -0.0079258417502813591
 -0.011420842564301504
 -0.013866898289511308
 -0.012890412137435329
 -0.010727082793354971
 -0.035921322396281201
 -0.030402713350622546
 -0.033046901873122508
 -0.032360135146416343
 -0.039604617346426993
 -0.024796830475217514
 -0.019433955236045214
 -0.012050714423556579
 -0.022338348967090908
 -0.021178827527113812
 -0.018748051670608681
 -0.021455979397606347
 -0.015739112696032068
 -0.036715075367382104
 -0.028722716473900633
 -0.032026467497411448
 -0.0064718447894146613
 -0.003134118828907231
 -0.014548508776316383
 -0.01023611016746428
 -0.010437941497901324
 -0.010671344862528701
 -0.014941052439600751
 -0.026377753885862523
 -0.020249602894343844
 -0.020395958975251427
 0
 -0.0081378412559531474
 -0.0041308746061119233
 -0.0058032465447943543
 0
 -0.01128687374835232
 -0.01131503194812283
 -2.1089000963252476e-11
 -0.00084915314115781282
 0
 -0.0023499983199663618
 -0.0016564149452685567
 -6.9660614939134559e-11
 0
 -0.0017689151356622894
 -0.0028324069098617961
 -0.0032689740818764267
 -2.8096109269288744e-10
 -0.0094733545184822136
 -0.0065873142016339616
 -1.4890979049676288e-10
 -0.0031828803619113181
 -0.0028715677918173419
 -0.00551556146299191
 -0.0048835310127442249
 -0.0077954701378868518
 0
 0.00084915310322663021
 0.002832406900834509
 0.001768915109840366
 0
 0.0016564148674449283
 0.0023499981937089329
 0.01205071445062309
 0.008137841283692878
 0
 0.011315031966157093
 0.011286873789907564
 0.015739112759796219
 0
 0.0058032465661797409
 0.0041308746142525296
 0.003268973704169707
 0.0031341183174528097
 0.0028715676028552586
 0.0031828800906905097
 0.010437941409070985
 0.0065873140060737894
 0.0094733544594599508
 0.005515561441989017
 0.0077954701007762568
 0.004883530923476492
 0.021178827551993192
 0.022338349026738109
 0.032026467629368865
 0.028722716568647753
 0.036715075449285123
 0.021455979488270421
 0.018748051759304121
 0.027538663151452987
 0.030402713567904045
 0.035921322542896046
 0.019433955391412669
 0.024796830701313763
 0.017651402344511506
 0.039604617483489063
 0.032360135348671451
 0.033046902042736297
 0.0064718444191406025
 0.0027756691938503578
 0.014941052463009582
 0.010671344733902468
 0.0092592784927987837
 0.010236109988043494
 0.014548508787123032
 0.026377754052147807
 0.02039595911480542
 0.020249603009443045
 0.028788320009312002
 0.024110073114683786
 0.017326259775700362
 0.020562719927261337
 0.021162725580434978
 0.019596993491431867
 0.015334661604489531
 0.015899907844219102
 0.022405831588821513
 0.009328176321988315
 0.011523260707510807
 0.017144239439007617
 0.014196949554649126
 0.014963787647886214
 0.0048953688058383489
 0.011420842494149821
 0.0079258414255245595
 0.0064663401501006256
 0.0078542904693295681
 0.013866897827495705
 0.010727082454995897
 0.012890412090663895
 0.028048494451292271
 0.024516776814190337
 0.024845842018498071
 0.023707179103110813
 0.024191925974523493
 0.028950566010153132
 0.016773621007995784
 0.01994002099346184
 0.015394876288883575
 0.020254728856013614
 0.017640684030397331
 0.036999683578795031
 0.011946016240480561
 0.013622455220712369
 0.012378463112021983
 0.032225556737811932
 0.020768540191286981
 0.022742510397290517
 0.0080275568924278069
 0.0083359780676906352
 0.006984191083928384
 0.011974427757689129
 0.0098232846377400724
 0.010842000095051018
 0.0085411165870176182
 0.0091122938225747553
 0.010357973284361978
 0.017044763972428587
 0.012524435208520212
 0.013879741015408108
 -1.1555086551855254e-08
 -0.002875990417649773
 -0.0022338641169637402
 0.0012801360156078432
 -0.0024567347353663571
 3.6032726382124729e-09
 -0.0095376513712239295
 -0.0056245371985381154
 -0.0075198091214050758
 0.00014459169067917925
 4.0056332767487675e-05
 -2.4367571769765117e-11
 0.0011732673359238386
 0.00043532288910096291
 0.0010202148968160979
 1.5353601736103356e-09
 -3.1692258816582038e-05
 -0.0001839891863759779
 -0.016859852912833651
 -0.0087474286411717891
 0.0042151625586776143
 -0.0085212103301154588
 -0.010579727527041031
 -0.018157586035932236
 0.0090755493373168364
 -0.0025379240747595583
 0.0056274888629034882
 0.0012971389978277202
 0.0012881706075744
 -0.0045967301756172398
 0.0012455399213047887
 0.0011237940099285029
 -4.1725126255758172e-10
 0.0027476244188734504
 0.0020320404987951143
 0.0031554464290146429
 -5.0112812534299461e-10
 0.00099085122484808682
