# Created by Octave 5.1.0, Fri Feb 14 16:50:38 2020 GMT <unknown@Thomas-PC>
# name: contactConvergence
# type: matrix
# rows: 5
# columns: 1
 4.3505512128115127
 3.6472905277883334
 5.2041704279304213e-18
 0
 2.6020852139652106e-18


