# Created by Octave 5.1.0, Sun Feb 16 23:37:27 2020 GMT <unknown@Thomas-PC>
# name: contactConvergence
# type: matrix
# rows: 11
# columns: 1
 3.6445177276348213
 0.0015861414574825262
 0.0077630675916837465
 0.0077436218822893015
 0.0029977316012613697
 0.0030276191561799662
 0.0030304976716989361
 0.0030308302269501722
 0.0036257751964289082
 2.2433424146701092e-19
 4.7915419271355442e-20


