# Created by Octave 5.1.0, Fri Feb 14 17:00:13 2020 GMT <unknown@Thomas-PC>
# name: contactConvergence
# type: matrix
# rows: 15
# columns: 1
 0.52803198017971065
 0.032589723870595617
 0.031571294999639503
 0.027054818988344758
 0.028917661163637979
 0.028465822707956133
 0.030556572924995709
 0.031102630500414646
 0.10212004541179671
 0.032034998895518564
 0.032089588674496468
 0.03209707314219061
 0.002284375673910675
 1.3584930651286401e-18
 1.0978383540291697e-18


