# Created by Octave 5.1.0, Fri Feb 14 17:49:55 2020 GMT <unknown@Thomas-PC>
# name: contactConvergence
# type: matrix
# rows: 8
# columns: 1
 8.5563846972055764
 8.2889976754179031
 8.2067624026887813
 0.00065553629959341591
 3.2974721750313767e-19
 1.1499700625125307e-19
 3.0665868333667484e-19
 7.3419307231400891e-19


