# Created by Octave 5.1.0, Thu Feb 27 14:15:33 2020 GMT <unknown@Thomas-PC>
# name: contactConvergence
# type: matrix
# rows: 10
# columns: 1
 4.5920320365123368
 0.0016572815184059707
 0.0049981055853881148
 3.2479385353602872
 0.0039678139762696456
 0.00066794267332018599
 0.0039885178836393557
 0.0039386222470989231
 0.0061255324458416834
 0.0061909865844612024


