# Created by Octave 5.1.0, Fri Feb 14 16:54:46 2020 GMT <unknown@Thomas-PC>
# name: contactConvergence
# type: matrix
# rows: 101
# columns: 1
 2.7489012030695341
 0.024639930084812849
 0.023902253443433639
 0.017926690082575223
 0.022777200923908645
 0.019139317792908579
 0.021867730141158632
 0.019821420879971088
 0.02135615282586174
 0.020205103866443759
 0.021068390586007242
 0.020420925546334633
 0.020906524326089082
 0.020542325241273252
 0.020815474554885121
 0.020610612569676213
 0.020764259058582903
 0.020649024191902884
 0.020735450341912889
 0.020670630729405393
 0.020719245438786012
 0.020682784406750553
 0.02071013018077715
 0.020689620850257197
 0.02070500284814716
 0.02069346634972969
 0.020702118723542797
 0.020695629443182963
 0.020700496403452836
 0.02069684618325043
 0.020699583848402234
 0.020697530599538383
 0.020699070536186269
 0.020697915583700374
 0.020698781798064787
 0.020698132137291474
 0.020698619382871455
 0.020698253948686473
 0.020698528024325202
 0.020698322467596154
 0.020698476635142942
 0.020698361009482857
 0.020698447728727917
 0.020698382689294116
 0.020698431468869471
 0.020698394884187957
 0.020698422322699094
 0.020698401743815747
 0.020698417177978261
 0.020698405602356376
 0.020698414284072781
 0.020698407772785476
 0.020698412656250959
 0.020698408993651846
 0.020698411740601177
 0.020698409680389177
 0.020698411225548181
 0.020698410066678927
 0.020698410935830868
 0.020698410283966916
 0.020698410772864877
 0.020698410406191407
 0.020698410681196506
 0.02069841047494269
 0.020698410629633058
 0.020698410513615276
 0.02069841060062862
 0.020698410535368601
 0.020698410584313608
 0.020698410547604858
 0.020698410575136422
 0.020698410554487748
 0.020698410569974252
 0.02069841055835938
 0.02069841056707053
 0.020698410560537169
 0.020698410565437184
 0.020698410561762168
 0.020698410564518432
 0.020698410562451242
 0.020698410564001637
 0.020698410562838838
 0.020698410563710936
 0.020698410563056859
 0.020698410563547424
 0.020698410563179503
 0.020698410563455432
 0.02069841056324849
 0.020698410563403699
 0.020698410563287285
 0.020698410563374597
 0.020698410563309119
 0.020698410563358225
 0.020698410563321397
 0.020698410563349014
 0.020698410563328305
 0.020698410563343834
 0.020698410563332187
 0.020698410563340919
 0.02069841056333438
 0.020698410563339278


