# Created by Octave 5.1.0, Fri Feb 14 17:00:13 2020 GMT <unknown@Thomas-PC>
# name: equilibriumConvergence
# type: matrix
# rows: 15
# columns: 1
 2.0160772295600182
 1.6268972445650771
 1.5705443457174419
 1.46769604965612
 0.7163426911734353
 0.7045947252206648
 0.37567736937046359
 0.28464625209023348
 0.26722520705917835
 0.028324493275758367
 0.0068989458618353913
 0.0087510498125716145
 0.00010794646533707265
 8.9896319140373955e-09
 9.0641845087719681e-15


