# Created by Octave 5.1.0, Fri Feb 14 16:54:46 2020 GMT <unknown@Thomas-PC>
# name: equilibriumConvergence
# type: matrix
# rows: 101
# columns: 1
 3.6113684746352961
 0.36367163557464066
 0.34602947136340284
 0.32827638963147676
 0.28810723972520563
 0.28788159663233093
 0.26724039680637279
 0.27042913326481605
 0.25943499853245827
 0.26273472586225433
 0.25651020133268021
 0.2592269163196752
 0.25542150817742537
 0.2575768150417207
 0.25503175929900912
 0.2567810283785405
 0.25490647552862972
 0.25638967751940328
 0.25487723942194351
 0.25619400497917483
 0.25487929465759385
 0.25609462633996793
 0.25488880126365232
 0.25604333534858548
 0.25489788813422243
 0.25601640590029906
 0.25490463768511529
 0.25600200767192238
 0.25490912386211395
 0.25599416356383992
 0.25491191781467104
 0.25598980981138036
 0.25491358161575622
 0.25598735035539477
 0.25491453861592628
 0.25598593873301595
 0.25491507298682842
 0.25598511738176816
 0.25491536320740149
 0.25598463410797323
 0.25491551642999993
 0.25598434726881031
 0.25491559481500081
 0.25598417592280265
 0.25491563340329892
 0.25598407311237736
 0.25491565143982919
 0.2559840112523552
 0.25491565922602194
 0.25598397397742179
 0.25491566212671296
 0.25598395150707615
 0.25491566284831391
 0.25598393796609509
 0.25491566270221883
 0.25598392981364326
 0.25491566228897095
 0.25598392491194688
 0.25491566185974496
 0.25598392196954567
 0.25491566150221878
 0.25598392020645633
 0.25491566123304876
 0.25598391915202939
 0.2549156610419428
 0.25598391852266156
 0.25491566091139645
 0.25598391814774973
 0.25491566082463279
 0.25598391792485303
 0.2549156607681427
 0.25598391779259455
 0.25491566073194888
 0.25598391771426376
 0.25491566070905969
 0.25598391766795403
 0.25491566069473193
 0.25598391764062517
 0.2549156606858457
 0.25598391762452577
 0.25491566068037552
 0.25598391761505318
 0.25491566067702981
 0.25598391760949185
 0.25491566067499477
 0.25598391760623018
 0.25491566067376592
 0.25598391760432199
 0.25491566067302396
 0.25598391760320249
 0.25491566067257798
 0.2559839176025509
 0.25491566067231286
 0.25598391760216976
 0.25491566067215293
 0.25598391760194927
 0.2549156606720599
 0.25598391760181843
 0.25491566067200466
 0.25598391760174499
 0.25491566067197274


