# Created by Octave 5.1.0, Thu Feb 27 14:15:33 2020 GMT <unknown@Thomas-PC>
# name: equilibriumConvergence
# type: matrix
# rows: 10
# columns: 1
 0.60727060705402591
 0.31540009766965615
 1.1344105206154977
 1.6967458567653095
 0.73398878633710318
 0.73208623856819122
 0.68258550070043289
 0.73471870381223947
 1.3152590476593717
 1.3020719516513934


