# Created by Octave 5.1.0, Fri Feb 14 17:49:55 2020 GMT <unknown@Thomas-PC>
# name: equilibriumConvergence
# type: matrix
# rows: 8
# columns: 1
 2.8162980386350118
 2.710206811460524
 2.6058157412176732
 0.6670867162295443
 0.095235714962001214
 0.00095477725253930292
 1.1930637424925123e-07
 1.8055213416575657e-14


