# Created by Octave 5.1.0, Sun Feb 16 23:37:27 2020 GMT <unknown@Thomas-PC>
# name: equilibriumConvergence
# type: matrix
# rows: 11
# columns: 1
 0.94353541225335358
 0.25486927256217656
 0.24477796949568389
 0.060689328246083703
 0.034563249046414356
 0.0033229667012200353
 0.005620026089375391
 0.0057274996546778532
 1.7660959811689285e-05
 5.0706988904973776e-09
 3.4825364539721627e-14


