# Created by Octave 5.1.0, Fri Feb 14 16:50:32 2020 GMT <unknown@Thomas-PC>
# name: equilibriumConvergence
# type: matrix
# rows: 5
# columns: 1
 5.7282196186947996
 0.94045726923190265
 0.0021427259031126548
 2.4260913637312357e-08
 5.0394693510977062e-15


