# Created by Octave 5.1.0, Fri Feb 14 16:50:38 2020 GMT <unknown@Thomas-PC>
# name: lambda_sol
# type: matrix
# rows: 5
# columns: 1
 0
 0
 -14.812631085850008
 0
 0


