# Created by Octave 5.1.0, Fri Feb 14 16:54:46 2020 GMT <unknown@Thomas-PC>
# name: lambda_sol
# type: matrix
# rows: 9
# columns: 1
 0
 0
 -1.9652603274389091
 -11.582975757052587
 -7.9133546746012744
 -11.582975757052587
 -1.965260327438922
 0
 0


