# Created by Octave 5.1.0, Fri Feb 14 17:00:13 2020 GMT <unknown@Thomas-PC>
# name: lambda_sol
# type: matrix
# rows: 17
# columns: 1
 0
 0
 0
 0
 -31.623195297854284
 0
 -3.8394795688965679
 -5.5556496940886637
 -5.4609032756509075
 -5.5556496940886655
 -3.8394795688965644
 0
 -31.623195297854291
 0
 0
 0
 0


