# Created by Octave 5.1.0, Fri Feb 14 17:49:55 2020 GMT <unknown@Thomas-PC>
# name: lambda_sol
# type: matrix
# rows: 33
# columns: 1
 0
 0
 0
 0
 0
 0
 0
 0
 -19.150160088776698
 -10.689601422193142
 -8.690828848175018
 -7.8167118278000931
 -7.3365846469821951
 -7.0493715488015045
 -6.8788243676854073
 -6.7953008184651411
 -6.7405667785535961
 -6.7953008184651402
 -6.8788243676854082
 -7.0493715488015045
 -7.336584646982196
 -7.8167118278000975
 -8.6908288481750038
 -10.689601422193148
 -19.150160088776701
 0
 0
 0
 0
 0
 0
 0
 0


