# Created by Octave 5.1.0, Sun Feb 16 23:37:27 2020 GMT <unknown@Thomas-PC>
# name: lambda_sol
# type: matrix
# rows: 65
# columns: 1
 0
 0
 0
 0
 0
 0
 0
 0
 0
 0
 0
 0
 0
 0
 0
 -24.073095082802393
 -14.227273000793776
 -11.214905536030644
 -9.779449270728243
 -8.9121892143237567
 -8.3282314881697204
 -7.9111555638310342
 -7.6021034622552035
 -7.367409149548994
 -7.1862919187052583
 -7.0452548036661709
 -6.9352180540355777
 -6.8499374718604908
 -6.7850944074739417
 -6.737783020976031
 -6.7063176421070212
 -6.690632206481963
 -6.6581260128801043
 -6.690632206481963
 -6.7063176421070212
 -6.737783020976031
 -6.7850944074739425
 -6.8499374718604917
 -6.9352180540355777
 -7.0452548036661709
 -7.1862919187052583
 -7.367409149548994
 -7.6021034622552044
 -7.9111555638310422
 -8.3282314881696955
 -8.9121892143237655
 -9.7794492707282448
 -11.214905536030644
 -14.227273000793776
 -24.073095082802393
 0
 0
 0
 0
 0
 0
 0
 0
 0
 0
 0
 0
 0
 0
 0


