# Created by Octave 5.1.0, Thu Feb 27 14:15:33 2020 GMT <unknown@Thomas-PC>
# name: lambda_sol
# type: matrix
# rows: 129
# columns: 1
 0
 0
 0
 0
 0
 0
 0
 0
 0
 0
 0
 0
 0
 0
 0
 0
 0
 0
 0
 0
 0
 0
 0
 0
 0
 0
 0
 0
 -35.05117541522759
 -20.130712349299301
 -14.159498487613291
 -19.833828521776013
 -9.1080899082371616
 -9.292320309963543
 -8.926195997177274
 -8.5960897480108542
 -8.312933384666394
 -8.0720587900214014
 -7.8666966770470026
 -7.6906075016013347
 -7.5386532894735865
 -7.4067215614595625
 -7.2915478285431163
 -7.1905265706045611
 -7.1015638868593669
 -7.0229605672539037
 -6.9533263121193158
 -6.891513755732376
 -6.8365695211559796
 -6.7876962071059097
 -6.7442235484541015
 -6.7055856518818473
 -6.6713033688683936
 -6.640970193546309
 -6.6142411954097042
 -6.5908241278748392
 -6.570472476490977
 -6.5529800300437273
 -6.538176982033292
 -6.5259276633978516
 -6.5161308224851382
 -6.5087253923411481
 -6.5037133573141546
 -6.5012579447939061
 -6.4830378841243146
 -6.5012579447939061
 -6.5037133573141546
 -6.5087253923411481
 -6.5161308224851382
 -6.5259276633978516
 -6.538176982033292
 -6.5529800300437273
 -6.5704724764900675
 -6.5908241278748392
 -6.6142411954097042
 -6.64097019354449
 -6.6713033688665746
 -6.7055856518800283
 -6.7442235484541015
 -6.7876962071040907
 -6.8365695211559796
 -6.891513755732376
 -6.9533263121174969
 -7.0229605672539037
 -7.1015638868593669
 -7.1905265706045611
 -7.2915478285394784
 -7.4067215614559245
 -7.5386532894735865
 -7.6906075015940587
 -7.8666966770397266
 -8.0720587900141254
 -8.312933384666394
 -8.5960897480108542
 -8.926195997177274
 -9.2923203099489911
 -9.1080899082153337
 -19.833828521776013
 -14.159498487592373
 -20.130712349503028
 -35.051175415168473
 0
 0
 0
 0
 0
 0
 0
 0
 0
 0
 0
 0
 0
 0
 0
 0
 0
 0
 0
 0
 0
 0
 0
 0
 0
 0
 0
 0


