# Created by Octave 5.1.0, Fri Feb 14 16:50:32 2020 GMT <unknown@Thomas-PC>
# name: u_sol
# type: matrix
# rows: 18
# columns: 1
 -0.018758144058108783
 0.018758144058108658
 0
 0
 -5.1852575273683094e-17
 -0.022178565884750617
 0
 0.022178565884750572
 -2.3851507515279109e-17
 -0.16333110712463342
 -0.1633311071246335
 0
 0
 0.0098076211353315783
 -0.12402244003049157
 0
 -0.12402244003049151
 -0.099331026394344948


