# Created by Octave 5.1.0, Fri Feb 14 16:54:45 2020 GMT <unknown@Thomas-PC>
# name: u_sol
# type: matrix
# rows: 162
# columns: 1
 0.032162371528715275
 -0.032162371528715608
 0
 0
 -1.5663250615526445e-16
 -0.022845437759588978
 0
 0.022845437759588791
 -8.4739657839894992e-17
 0.026734707515450248
 -1.2660005316145683e-16
 -0.0087917816330910035
 -0.026734707515450581
 0.0087917816330907398
 -0.0007057502907405434
 -0.0051655112146536388
 -0.049374598136351991
 -0.020793414766322429
 0
 -3.9573916129684369e-17
 0
 0.020793414766322342
 0.049374598136351887
 0.005165511214653461
 0.00070575029074027105
 0.030287843335671853
 -0.0016774090943670484
 0.00354110157530461
 -1.4838045976206414e-16
 -0.0034177237397867814
 0.019011371673111458
 -0.0048524057608486867
 -0.0073564907558965453
 -1.0548005648279685e-16
 -0.019011371673111788
 0.0034177237397864822
 -0.0035411015753049136
 0.0016774090943667522
 -0.0302878433356722
 0.0073564907558962877
 0.0048524057608484742
 -0.0081853008408619751
 0.0052747662641839674
 -0.012741024004169578
 0.00036310702424622709
 -0.0076440454205438033
 0.0048100657588358133
 -0.00090695004819700575
 -0.037389204261854318
 -0.026002295555503485
 -0.029003944589689853
 -0.035008461346767474
 -0.049063153547333788
 -0.015431309202853157
 -0.0072036142738978867
 0
 -0.016812315250598137
 -1.8097826173440742e-17
 -0.0077061859980372127
 0
 -0.0096484528017807027
 -5.9411478347218486e-17
 0
 0.0077061859980371763
 0.029003944589689808
 0.016812315250598096
 0
 0.0096484528017806229
 0.0072036142738977644
 0.049063153547333732
 0.035008461346767376
 0.012741024004169401
 0.026002295555503343
 0.03738920426185418
 0.015431309202853037
 0.00090695004819683531
 0.0076440454205435821
 -0.00036310702424644631
 -0.0052747662641842398
 0.0081853008408616611
 -0.0048100657588360319
 -0.24189871025040199
 -0.24189871025040213
 0
 0
 -0.10000000000000001
 -0.17356960511791036
 0
 -0.17356960511791025
 -0.16239307660480046
 -0.16218408118529798
 -0.14974987610752497
 -0.18776635964781715
 -0.16218408118529798
 -0.18776635964781724
 -0.22106362831124707
 -0.1720905914865101
 -0.11303929145769034
 -0.10835559467968066
 0
 -0.10267795087441925
 0
 -0.10835559467968066
 -0.11303929145769029
 -0.1720905914865101
 -0.22106362831124701
 -0.21457747984767161
 -0.18126784941107799
 -0.2169415891513076
 -0.12579425896578458
 -0.13786347717940906
 -0.10000000000000001
 -0.16853929370375659
 -0.15983052635993872
 -0.1627210651742296
 -0.10000000000000001
 -0.13786347717940906
 -0.21694158915130768
 -0.18126784941107801
 -0.21457747984767164
 -0.15983052635993877
 -0.16853929370375664
 -0.23667245386226679
 -0.21149874859448109
 -0.17910261085080031
 -0.19906663441941083
 -0.19944353125663489
 -0.18518547446120404
 -0.16294768155227191
 -0.14665262661243306
 -0.15136364416312445
 -0.058428891898766155
 -0.11250563095594127
 -0.068949592623383751
 -0.14724054930753433
 -0.14197141714954098
 0
 -0.056794062838822247
 -0.054047367445859605
 -0.055740938018175853
 0
 -0.10503434422976161
 -0.13981093032759245
 0
 -0.05574093801817584
 -0.058428891898766135
 -0.056794062838822247
 0
 -0.10503434422976161
 -0.14197141714954095
 -0.06894959262338371
 -0.11250563095594118
 -0.17910261085080026
 -0.15136364416312439
 -0.146652626612433
 -0.1472405493075343
 -0.16294768155227191
 -0.19944353125663478
 -0.19906663441941078
 -0.21149874859448106
 -0.23667245386226657
 -0.18518547446120398


