# Created by Octave 5.1.0, Fri Feb 14 17:00:13 2020 GMT <unknown@Thomas-PC>
# name: u_sol
# type: matrix
# rows: 578
# columns: 1
 0.038807113825516285
 -0.038807113825516229
 0
 0
 1.3313611842281492e-17
 -0.012719204755110229
 0
 0.012719204755110243
 5.5207177736990275e-18
 0.012346506707189991
 8.9657080509285588e-18
 -0.0093561612323679235
 -0.01234650670718997
 0.0093561612323679461
 0.011338036632321085
 -0.0029991243370461719
 -0.042045408627766748
 -0.018442468418510317
 0
 1.8004114070637157e-18
 0
 0.018442468418510317
 0.042045408627766748
 0.0029991243370461784
 -0.011338036632321059
 0.03326744329291962
 -0.0056089694465799988
 -0.0056462713380662959
 1.0849710312875276e-17
 0.0016007874519427124
 -0.0050899316213688884
 -0.0020356101588627443
 -0.001931540861758295
 7.6832388971850406e-18
 0.0050899316213689197
 -0.001600787451942691
 0.0056462713380663306
 0.0056089694465800257
 -0.033267443292919571
 0.0019315408617583132
 0.0020356101588627586
 -0.00032052762705907061
 0.014179153570794316
 -0.0062722150567385698
 0.0072601977421781951
 0.0034040775288191917
 0.0055568831969051088
 -0.0014680331284077867
 -0.029206932685461564
 -0.020450896617679949
 -0.027137093913986346
 -0.030172206971373235
 -0.043239621434421283
 -0.012644119085957745
 -0.0060496399101763638
 0
 -0.01551991948887874
 3.5953893003146868e-19
 -0.0070562988740537607
 0
 -0.0086210102391077181
 1.9408752478628113e-18
 0
 0.0070562988740537633
 0.027137093913986349
 0.015519919488878741
 0
 0.0086210102391077216
 0.0060496399101763699
 0.04323962143442129
 0.030172206971373239
 0.0062722150567385802
 0.020450896617679952
 0.029206932685461567
 0.01264411908595775
 0.001468033128407793
 -0.0034040775288191809
 -0.0072601977421781778
 -0.014179153570794292
 0.00032052762705911614
 -0.0055568831969050967
 0.035970627299649935
 0.0088709692906801061
 0.013228055736083478
 0.00036092037458946424
 0.0034551643394581913
 0.026734997558811313
 -0.012153381148109408
 -0.0075571118176907433
 -0.0085475423080764116
 9.8490484484522962e-18
 -0.00047733960111701133
 -0.0020548841994695818
 0.00013476238661756264
 0.00043390475804978661
 1.0684300948320578e-17
 -0.0065651698751887705
 0.00047941113309272603
 0.0052888522168080777
 -0.00031818913077774017
 -0.00089415160757499144
 8.5605955757461426e-18
 -0.0047860235443317372
 -0.0025365439611510924
 -0.0049811715187142039
 8.3806933266404141e-18
 -0.0010006240863260397
 -0.00059177670900852465
 0.0010919823128145508
 -0.00026594593909358405
 -0.0027635323703803787
 0.0020548841994695991
 0.0004773396011170335
 -0.0052888522168080586
 -0.00047941113309270115
 0.0065651698751887999
 -0.00043390475804976596
 -0.00013476238661754177
 -0.013228055736083428
 -0.0088709692906800627
 -0.035970627299649879
 0.0085475423080764376
 0.0075571118176907745
 0.012153381148109429
 -0.026734997558811265
 -0.0034551643394581536
 -0.00036092037458943291
 0.0008941516075750064
 0.00031818913077775448
 0.00059177670900854417
 0.0010006240863260575
 0.0049811715187142187
 0.0025365439611511106
 0.0047860235443317554
 -0.0010919823128145273
 0.0027635323703803982
 0.00026594593909360476
 -0.016902354432520583
 0.0028140823874065021
 0.013571237677747532
 0.011315049330179674
 0.0088167384721259366
 0.012611720350599044
 0.012887369622707532
 -0.0091008890473349285
 -0.0010133125548147199
 -0.004143608649649683
 0.0017476819879839217
 0.00093758968875715045
 -0.004277006364648824
 0.008985258868878826
 0.0060663782110583469
 0.011314369979482108
 0.00061688540904884911
 -0.00075625933526293646
 0.0082602025052834899
 0.0036304274136537123
 -0.002169234247394616
 0.0011095804574313029
 0.0016489434927004477
 0.011984728892129507
 0.0070017613034161538
 0.010921588022786994
 -0.020999314976509167
 -0.017091507752200266
 -0.031460627271436593
 -0.024774092695309859
 -0.036490146854474173
 -0.013587355349538968
 -0.010591540787286646
 -0.022771461624884328
 -0.035084570000476746
 -0.034162683029615254
 -0.024099429917218612
 -0.031059630663569621
 -0.024332149607393862
 -0.044831659076158846
 -0.038191633620270518
 -0.036325594632907611
 -0.0038804414892090197
 -0.0019987264188107028
 -0.008063880139607708
 -0.005868046371944889
 -0.011840570090197358
 -0.009217974402127552
 -0.016300001571395051
 -0.026247598977405587
 -0.021128609736689917
 -0.016385408022409009
 0
 -0.016904232225431873
 -0.0094115881017662727
 -0.012730217678741147
 0
 -0.020780645466735571
 -0.018394301107820716
 -2.8216289214943686e-18
 -0.0020355160542416418
 0
 -0.0041550048338458729
 -0.0034388225524052255
 -3.188054566797837e-19
 0
 -0.0042154664120098596
 -0.0066324867880308619
 -0.0030261397306987248
 4.0727282098334449e-18
 -0.013306345843876294
 -0.0077176227127473849
 2.2184147143928269e-18
 -0.0038205290925665582
 -0.0042437383668479144
 -0.011021549459529996
 -0.0084801352881326252
 -0.013165851016554231
 0
 0.0020355160542416409
 0.0066324867880308653
 0.0042154664120098587
 0
 0.0034388225524052264
 0.004155004833845879
 0.022771461624884332
 0.016904232225431876
 0
 0.018394301107820716
 0.020780645466735574
 0.024332149607393865
 0
 0.012730217678741149
 0.0094115881017662779
 0.0030261397306987296
 0.0019987264188107107
 0.0042437383668479196
 0.0038205290925665625
 0.011840570090197362
 0.0077176227127473893
 0.013306345843876298
 0.011021549459529999
 0.013165851016554235
 0.0084801352881326304
 0.034162683029615261
 0.035084570000476753
 0.036325594632907618
 0.038191633620270525
 0.044831659076158853
 0.031059630663569624
 0.024099429917218612
 0.0091008890473349389
 0.017091507752200277
 0.020999314976509177
 0.010591540787286651
 0.013587355349538977
 0.0042770063646488336
 0.036490146854474173
 0.024774092695309866
 0.031460627271436593
 0.0038804414892090219
 0.00075625933526294882
 0.016300001571395054
 0.009217974402127559
 0.0021692342473946208
 0.005868046371944895
 0.0080638801396077132
 0.026247598977405591
 0.016385408022409013
 0.02112860973668992
 0.0041436086496496943
 0.0010133125548147342
 -0.011314369979482085
 -0.0060663782110583278
 -0.0089852588688788051
 -0.00093758968875713668
 -0.0017476819879839124
 -0.0028140823874064605
 0.016902354432520635
 -0.012887369622707512
 -0.012611720350599012
 -0.0088167384721259019
 -0.011315049330179643
 -0.013571237677747506
 -0.00061688540904883881
 -0.0016489434927004411
 -0.0011095804574312938
 -0.0036304274136536975
 -0.0082602025052834708
 -0.01198472889212949
 -0.010921588022786978
 -0.0070017613034161416
 -0.18416684361527677
 -0.18416684361527674
 0
 0
 -0.10000000000000001
 -0.13647726971820212
 0
 -0.13647726971820212
 -0.13947691478313992
 -0.045096189432334205
 -0.1337594372809075
 -0.13451724304276999
 -0.045096189432334205
 -0.13451724304276996
 -0.16750694603810989
 -0.14213299424133452
 -0.093237264654312785
 -0.094472751576659575
 0
 -0.092104496565152294
 0
 -0.094472751576659575
 -0.093237264654312785
 -0.14213299424133452
 -0.16750694603810992
 -0.1365991985341159
 -0.10603984905455115
 -0.14938425773402481
 -0.12059424202585091
 -0.11629685193339251
 -0.10000000000000001
 -0.14184646674451273
 -0.13264164738264353
 -0.14117757666802058
 -0.10000000000000001
 -0.11629685193339249
 -0.14938425773402478
 -0.10603984905455113
 -0.13659919853411587
 -0.13264164738264353
 -0.14184646674451273
 -0.18148406080509449
 -0.15471745350654498
 -0.14428501236867453
 -0.15351760086607563
 -0.15248441120433107
 -0.14536448523516893
 -0.13951580566761315
 -0.11816007850114235
 -0.12582574976281716
 -0.051857525623470145
 -0.095818661398908739
 -0.058914667808718596
 -0.12534705132492557
 -0.12341549195731007
 0
 -0.050622711885827024
 -0.049677900615298157
 -0.05023084933568963
 0
 -0.093004528476817352
 -0.12260036793008446
 0
 -0.050230849335689644
 -0.051857525623470145
 -0.050622711885827031
 0
 -0.093004528476817352
 -0.12341549195731007
 -0.058914667808718603
 -0.095818661398908739
 -0.14428501236867453
 -0.12582574976281716
 -0.11816007850114237
 -0.12534705132492557
 -0.13951580566761315
