# Created by Octave 5.1.0, Fri Feb 14 17:49:55 2020 GMT <unknown@Thomas-PC>
# name: u_sol
# type: matrix
# rows: 2178
# columns: 1
 0.049365325160710363
 -0.04936532516071037
 0
 0
 -7.0742510756418171e-18
 -0.015952402539539605
 0
 0.015952402539539595
 -5.804169601081956e-18
 0.023651537519983473
 -5.775942296658759e-18
 -0.010230771818278276
 -0.023651537519983484
 0.010230771818278261
 0.0053192062254683236
 -0.0026286554436507677
 -0.047565739644323722
 -0.020315148297352408
 0
 -4.1666885158756221e-18
 0
 0.020315148297352398
 0.047565739644323715
 0.002628655443650753
 -0.005319206225468341
 0.044778729023509246
 -0.0032661738613812101
 0.0024347904886056252
 -6.5826363619645694e-18
 0.00052247751540872853
 0.0069082055804666788
 -0.0038772799054722093
 -0.0047192145199210648
 -6.2383208327856523e-18
 -0.0069082055804666901
 -0.00052247751540874198
 -0.0024347904886056408
 0.0032661738613811941
 -0.044778729023509253
 0.0047192145199210526
 0.0038772799054721963
 -0.011069001537437119
 0.010871867966789406
 -0.007436025258911164
 0.0060885722046924769
 -9.2724572764327532e-05
 0.0067764881992232705
 -0.00063282860247712168
 -0.033670035260510753
 -0.022722511012563132
 -0.031054162433657655
 -0.033712878965492611
 -0.048918110445379415
 -0.013350868902206497
 -0.0060207112427194849
 0
 -0.017464839908752899
 -1.4858470210759356e-18
 -0.0077958223262358647
 0
 -0.0093108641800723358
 -7.1037534562550168e-18
 0
 0.0077958223262358612
 0.031054162433657651
 0.017464839908752895
 0
 0.0093108641800723289
 0.0060207112427194736
 0.048918110445379415
 0.033712878965492604
 0.007436025258911151
 0.022722511012563121
 0.033670035260510739
 0.013350868902206488
 0.00063282860247710888
 9.2724572764311106e-05
 -0.0060885722046924926
 -0.010871867966789421
 0.011069001537437105
 -0.0067764881992232878
 0.046381940733064869
 0.019583122177362515
 0.024581150731135988
 0.0057572380947789447
 0.012406000560179377
 0.040623054539762171
 -0.0089420835179035499
 -0.0018183820556674081
 -0.0083144052359180962
 -6.3490335303574913e-18
 0.0023760144013200927
 0.0031795559073932314
 -0.0011566384010973647
 0.00056545299862634701
 -6.6732900437169381e-18
 0.01223358478041364
 0.0047158057644283496
 0.006417609612591431
 -0.00104216079902702
 -0.0019720469620226905
 -6.5939376935343206e-18
 -0.0076091570625784937
 -0.0049337442708546741
 -0.0074517716819231033
 -3.8070623657033575e-18
 -0.002416025100034214
 -0.0021862886108422511
 -0.00092027208272510734
 -0.0029189006461574269
 -0.0055772966064231728
 -0.0031795559073932436
 -0.0023760144013201053
 -0.0064176096125914406
 -0.0047158057644283583
 -0.012233584780413647
 -0.00056545299862635861
 0.0011566384010973528
 -0.024581150731135998
 -0.019583122177362525
 -0.046381940733064876
 0.0083144052359180824
 0.0018183820556673942
 0.0089420835179035325
 -0.040623054539762178
 -0.012406000560179388
 -0.0057572380947789568
 0.0019720469620226767
 0.0010421607990270081
 0.002186288610842239
 0.0024160251000342006
 0.0074517716819230886
 0.0049337442708546593
 0.0076091570625784789
 0.00092027208272509509
 0.005577296606423158
 0.0029189006461574165
 -0.02884268414171088
 -0.00677223400701105
 0.0087852462563200451
 0.0042699748390780667
 0.0004998035596705696
 0.0071821599316299993
 0.011467924444727577
 -0.01122299091086953
 -0.0030587326720000782
 -0.0072991872022557386
 0.0017614644317515125
 -5.2450426644759954e-05
 -0.004599459834392217
 0.0045851763681461575
 0.0037254120212496817
 0.0081054904713739363
 0.0019065364920348874
 -0.00023012063656377234
 0.009537333927830606
 0.0055811418094641099
 -0.0013697497895932918
 0.002480393441485602
 0.0025256387146930155
 0.010087241714365034
 0.0070544523613451987
 0.010551088366406123
 -0.024870553773761576
 -0.019758722611105516
 -0.035396012599381181
 -0.028066894550522865
 -0.041527151238567185
 -0.015223444221731386
 -0.011350485563005622
 -0.027015631397394189
 -0.039900035240433486
 -0.038914874148701296
 -0.026756611375477805
 -0.034978626686396064
 -0.027341969943315437
 -0.050630420103622183
 -0.043055507561389587
 -0.040826608606220879
 -0.0034265258707481634
 -0.0016534229871064923
 -0.0081432258531425952
 -0.0055394479973645593
 -0.012617868911632071
 -0.0094492239776874012
 -0.017644101195256261
 -0.029194299584992089
 -0.02320291271821916
 -0.017783604075031132
 0
 -0.01956829043484291
 -0.010552413205609554
 -0.014477662634341396
 0
 -0.023619905931266488
 -0.020536999464634737
 4.0592686707980807e-19
 -0.0022345418698305137
 0
 -0.0045316400519489833
 -0.0037797032105562245
 -2.9980843395290427e-18
 0
 -0.0046364584270682015
 -0.0073514619033901605
 -0.0029321990972187659
 -5.4654301457759357e-18
 -0.014516140957224852
 -0.0080965925249966708
 -5.865034873158236e-18
 -0.0039531372569950231
 -0.0045435971544225415
 -0.012278424039503565
 -0.0093098453027880036
 -0.014575227160191507
 0
 0.0022345418698305132
 0.0073514619033901588
 0.0046364584270681989
 0
 0.0037797032105562228
 0.0045316400519489763
 0.027015631397394189
 0.019568290434842907
 0
 0.02053699946463473
 0.023619905931266488
 0.027341969943315433
 0
 0.014477662634341394
 0.010552413205609554
 0.0029321990972187542
 0.0016534229871064813
 0.0045435971544225337
 0.0039531372569950145
 0.012617868911632062
 0.0080965925249966604
 0.014516140957224847
 0.01227842403950356
 0.0145752271601915
 0.0093098453027879967
 0.038914874148701296
 0.039900035240433486
 0.040826608606220872
 0.043055507561389587
 0.050630420103622176
 0.034978626686396057
 0.026756611375477798
 0.011222990910869519
 0.019758722611105506
 0.024870553773761562
 0.011350485563005608
 0.015223444221731374
 0.0045994598343922022
 0.041527151238567171
 0.028066894550522851
 0.035396012599381174
 0.0034265258707481504
 0.00023012063656376074
 0.017644101195256251
 0.0094492239776873925
 0.0013697497895932772
 0.0055394479973645471
 0.0081432258531425831
 0.029194299584992079
 0.017783604075031122
 0.02320291271821915
 0.0072991872022557256
 0.0030587326720000673
 -0.0081054904713739537
 -0.0037254120212496964
 -0.0045851763681461714
 5.245042664474445e-05
 -0.0017614644317515296
 0.0067722340070110361
 0.028842684141710869
 -0.011467924444727592
 -0.0071821599316300132
 -0.00049980355967058358
 -0.0042699748390780815
 -0.0087852462563200624
 -0.0019065364920349004
 -0.0025256387146930302
 -0.0024803934414856176
 -0.0055811418094641255
 -0.0095373339278306251
 -0.010087241714365052
 -0.010551088366406136
 -0.007054452361345216
 0.047628431696032356
 0.035359203106093182
 0.037115835479423348
 0.031317945996159564
 0.033530297837589068
 0.045548708771533601
 0.012582125287358506
 0.022297126576295775
 0.0099716244450961892
 0.012744453820448214
 0.018475620726715145
 0.034701210976531269
 0.0016822720787246529
 0.008438189372031649
 0.00064921633192062313
 0.043463128216404572
 0.02408349710256787
 0.028314592493467423
 -0.010445788454927322
 -0.0089867315948688534
 -0.0096308944487315303
 0.00018760655418267313
 -0.0060560482957363474
 -0.0048257906205247886
 -0.0062174545194208326
 -0.0065998293789715891
 -0.0031349238869145123
 0.016279492314545663
 0.0041276199622485325
 0.0070777904993243714
 -6.8329210740342853e-18
 0.0014645364181263654
 0.0015509466263276715
 0.00078155142035850821
 0.0011869779683114832
 -6.0469934966745148e-18
 0.0049358675775597683
 0.0029755322187935526
 0.0045721265177345767
 -0.00085147465063797575
 -0.00053664044275882441
 -6.8133887709099354e-18
 0.00066568045380183615
 -0.0003588331605806508
 -0.00074651203395679599
 -7.0046852927070397e-18
 -0.00013641593331587297
 0.00031908786962857755
 0.016501704596154118
 0.010213636314912834
 0.012099946222710732
 0.0062961134567226379
 0.0081829510050235553
 0.0092456327161715788
 0.0028152049558576924
 0.0057436124054282712
 0.0026502551650855648
 0.0015213854985797225
 0.002172026113392558
 0.0035627588888805439
 -0.0002567851616184776
 -0.00054251867745963665
 -7.836931029731484e-18
 -0.0029376681906944937
 -0.0015563598198879067
