# Created by Octave 5.1.0, Wed Apr 22 11:05:33 2020 GMT <unknown@Thomas-PC>
# name: contactConvergence
# type: matrix
# rows: 6
# columns: 1
 4.2933591405737523
 1.0018835027539138e-17
 9.2447544753848344e-18
 6.6891235989295202e-18
 1.452699589344113e-17
 6.1758239330826579e-18


