# Created by Octave 5.1.0, Thu Feb 20 08:30:32 2020 GMT <unknown@Thomas-PC>
# name: contactConvergence
# type: matrix
# rows: 8
# columns: 1
 15.227293902799133
 0.83426955792400925
 3.469333449725678e-18
 0.25700343420019245
 3.9394916047809436e-18
 3.7449772686131234e-18
 3.4581934568294105e-18
 3.4021491541588512e-18


