# Created by Octave 5.1.0, Wed Apr 22 11:15:59 2020 GMT <unknown@Thomas-PC>
# name: contactConvergence
# type: matrix
# rows: 7
# columns: 1
 7.0654363861632188
 0.0036502800405341443
 0.74678112873780389
 7.0647715264697335e-18
 5.1457872957113976e-18
 6.7080751232748388e-18
 3.6955775260629667e-18


