# Created by Octave 5.1.0, Fri Mar 20 06:56:54 2020 GMT <unknown@Thomas-PC>
# name: contactConvergence
# type: matrix
# rows: 32
# columns: 1
 37.451365094900488
 12.107049627231184
 2.2211169481542546e-18
 2.3977478335858181e-18
 2.3693574257200254e-18
 2.3641715824346343e-18
 2.077429332473631e-18
 1.8832327019345413e-18
 2.0509324063001347e-18
 1.9798502313886814e-18
 2.2201489548379048e-18
 2.5850904231645952e-18
 2.1753188296744954e-18
 2.3294307736415729e-18
 2.5570034582508741e-18
 1.9188296758952793e-18
 2.4461323597166649e-18
 2.1824499986591856e-18
 2.5044924472781333e-18
 2.2040054317030001e-18
 2.0906289098184528e-18
 2.6239540130390501e-18
 2.5666836712845559e-18
 2.4577390800222739e-18
 2.3918130120139487e-18
 2.5994325342785036e-18
 2.1100505688731395e-18
 2.0249419856783661e-18
 2.3309101129625788e-18
 2.7787168113662209e-18
 23.74041682480145
 842653.27816513262


