# Created by Octave 5.1.0, Wed Apr 22 11:28:02 2020 GMT <unknown@Thomas-PC>
# name: contactConvergence
# type: matrix
# rows: 7
# columns: 1
 6.9479359906904525
 0.00048199748344224827
 5.3127743379045863e-18
 6.6474462820886906e-18
 7.7697345852939696e-18
 5.8436875451097874e-18
 6.0123535975500304e-18


