# Created by Octave 5.1.0, Wed Apr 22 11:04:49 2020 GMT <unknown@Thomas-PC>
# name: contactConvergence
# type: matrix
# rows: 6
# columns: 1
 4.463338494099907
 3.7661050000621636
 2.6020852139652106e-18
 1.9949319973733282e-17
 3.903127820947816e-18
 7.8062556418956319e-18


