# Created by Octave 5.1.0, Wed Apr 22 11:04:35 2020 GMT <unknown@Thomas-PC>
# name: contactConvergence
# type: matrix
# rows: 7
# columns: 1
 0
 0.14661229743536602
 0.07330614871768304
 1.3877787807814457e-17
 2.0816681711721685e-17
 2.0816681711721685e-17
 6.9388939039072284e-18


