# Created by Octave 5.1.0, Wed Apr 22 11:04:49 2020 GMT <unknown@Thomas-PC>
# name: equilibriumConvergence
# type: matrix
# rows: 6
# columns: 1
 5.3533448452233365
 1.2121013885946326
 0.27160849231696521
 0.0011095715309118852
 6.1212239702782812e-08
 7.7504409921529919e-15


