# Created by Octave 5.1.0, Fri Mar 20 06:56:54 2020 GMT <unknown@Thomas-PC>
# name: equilibriumConvergence
# type: matrix
# rows: 32
# columns: 1
 2.9514445400015763
 6.307983719739755
 8.7028301490891966
 8.7609024644090372
 7.1930096046412553
 4.9781003206145318
 4.8080921721627128
 3.4820569979402882
 2.8178808732134399
 2.4518341456698693
 2.097330495331696
 2.0936201385277582
 2.4293525242896274
 2.366740958180972
 1.8536128003278984
 1.4785271431629601
 1.2974860015122629
 0.78318515210640305
 0.41908895582944555
 0.21792475217081952
 0.23051602744598165
 0.24145121439357367
 0.25153008787223485
 0.26265603259510889
 0.27720673411631785
 0.30039804493411304
 0.34953363486779293
 0.5378771784534353
 7.6602075246791825
 20.138694477369874
 180125.23427450829
 40155298927786312


