# Created by Octave 5.1.0, Wed Apr 22 11:04:35 2020 GMT <unknown@Thomas-PC>
# name: equilibriumConvergence
# type: matrix
# rows: 7
# columns: 1
 7.6376261582597467
 1.7320490519969858
 0.79306356101006659
 0.49153564213803014
 0.0023919545838951904
 4.1769299095938069e-08
 3.3745130466047414e-15


