# Created by Octave 5.1.0, Wed Apr 22 11:15:59 2020 GMT <unknown@Thomas-PC>
# name: equilibriumConvergence
# type: matrix
# rows: 7
# columns: 1
 5.4229580840705207
 1.2407497887005472
 0.66983629148581647
 0.082039111801304646
 0.00034535675802541366
 1.1709429674134278e-08
 2.6937740625988139e-14


