# Created by Octave 5.1.0, Wed Apr 22 11:28:02 2020 GMT <unknown@Thomas-PC>
# name: equilibriumConvergence
# type: matrix
# rows: 7
# columns: 1
 4.096342331177782
 2.0328565028953012
 0.48871407189719551
 0.043685646186102239
 0.00038017408988472108
 2.839611325345809e-08
 3.7169643719452065e-14


