# Created by Octave 5.1.0, Thu Feb 20 08:30:32 2020 GMT <unknown@Thomas-PC>
# name: equilibriumConvergence
# type: matrix
# rows: 8
# columns: 1
 3.3058715589592813
 4.0866600767482444
 1.4647355935082125
 0.32518047473818823
 0.023072735751253168
 0.00012967542230118588
 4.1378172308070689e-09
 1.408515794736829e-13


