# Created by Octave 5.1.0, Wed Apr 22 11:05:33 2020 GMT <unknown@Thomas-PC>
# name: equilibriumConvergence
# type: matrix
# rows: 6
# columns: 1
 5.4214990640449745
 1.1607344029275442
 0.06522301905560135
 0.00027205732694092635
 6.3184634056574343e-09
 9.9449509999166157e-15


