# Created by Octave 5.1.0, Wed Apr 22 11:04:49 2020 GMT <unknown@Thomas-PC>
# name: lambda_sol
# type: matrix
# rows: 5
# columns: 1
 0
 0
 -23.135177263596614
 0
 0


