# Created by Octave 5.1.0, Wed Apr 22 11:05:33 2020 GMT <unknown@Thomas-PC>
# name: lambda_sol
# type: matrix
# rows: 9
# columns: 1
 0
 0
 0
 -0.33375012870927606
 -42.166996643764769
 -0.33375012870927689
 0
 0
 0


