# Created by Octave 5.1.0, Wed Apr 22 11:15:59 2020 GMT <unknown@Thomas-PC>
# name: lambda_sol
# type: matrix
# rows: 17
# columns: 1
 0
 0
 0
 0
 0
 -1.3408211678052002
 -4.0687892707376099
 -3.1209901946701715
 -66.880378774553819
 -3.1209901946701852
 -4.0687892707376054
 -1.3408211678051936
 0
 0
 0
 0
 0


