# Created by Octave 5.1.0, Wed Apr 22 11:28:02 2020 GMT <unknown@Thomas-PC>
# name: lambda_sol
# type: matrix
# rows: 33
# columns: 1
 0
 0
 0
 0
 0
 0
 0
 0
 0
 -0.24261798831497869
 -1.7134305337380102
 -2.8716215565155605
 -4.2010211783711782
 -5.9675610391551155
 -8.7481950266738888
 -3.4458080557859323
 -112.22375401971843
 -3.4458080557859083
 -8.7481950266739492
 -5.9675610391551102
 -4.2010211783711604
 -2.8716215565155365
 -1.7134305337380438
 -0.24261798831496131
 0
 0
 0
 0
 0
 0
 0
 0
 0


