# Created by Octave 5.1.0, Thu Feb 20 08:30:32 2020 GMT <unknown@Thomas-PC>
# name: lambda_sol
# type: matrix
# rows: 65
# columns: 1
 0
 0
 0
 0
 0
 0
 0
 0
 0
 0
 0
 0
 0
 0
 0
 0
 0
 0
 -0.28409386890360722
 -1.0627901780619016
 -1.6453936121006432
 -2.2170327605589391
 -2.8094405706131869
 -3.4419976946685504
 -4.1367172962148322
 -4.9235350903830666
 -5.8480527159000539
 -6.988609512532685
 -8.5026399749367094
 -10.782287333349943
 -14.806331151660965
 0
 -197.24670190885467
 0
 -14.806331151661011
 -10.782287333349775
 -8.502639974936919
 -6.9886095125325847
 -5.8480527159000362
 -4.9235350903830675
 -4.1367172962148802
 -3.4419976946685154
 -2.809440570613198
 -2.2170327605589084
 -1.6453936121006962
 -1.0627901780618849
 -0.28409386890360505
 0
 0
 0
 0
 0
 0
 0
 0
 0
 0
 0
 0
 0
 0
 0
 0
 0
 0


