# Created by Octave 5.1.0, Fri Mar 20 06:56:54 2020 GMT <unknown@Thomas-PC>
# name: lambda_sol
# type: matrix
# rows: 129
# columns: 1
 0
 0
 0
 0
 0
 0
 0
 0
 0
 0
 0
 0
 0
 0
 0
 0
 0
 0
 0
 0
 0
 0
 0
 0
 0
 0
 0
 0
 0
 0
 0
 0
 0
 0
 0
 0
 -0.33643992801736999
 -0.72565818737763266
 -1.0393821203494724
 -1.3369163119524785
 -1.6281150605432799
 -1.9172922210993875
 -2.2076675198040903
 -2.5020259970333427
 -2.8029537284746766
 -3.1130004799924791
 -3.4348185097333044
 -3.771295313956216
 -4.1256953577976674
 -4.501827199710533
 -4.9042565799318254
 -5.3385946124326438
 -5.8119063477497548
 -6.3333153135608882
 -6.9149388810619712
 -7.5734128821641207
 -8.3325457118917257
 -9.2283644096460193
 -10.319973656674847
 -11.717507575172931
 -13.673562745098025
 -16.938101079314947
 -19.533911505661763
 0
 -347.51830606162548
 0
 -19.459344679489732
 -16.93914561366546
 -13.670969956969202
 -11.714346388267586
 -10.316932989764609
 -9.2255522203922737
 -8.3299568661605008
 -7.5710224255453795
 -6.9127217050699983
 -6.3312500191968866
 -5.8099754460563418
 -5.3367839373240713
 -4.9025546357152052
 -4.5002246056683362
 -4.1241844074102119
 -3.7698696294100955
 -3.4334727702080272
 -3.1117302002967335
 -2.8017550713848323
 -2.5008956001256593
 -2.2066023239749484
 -1.9162892790045589
 -1.6271713000023738
 -1.3360280971974134
 -1.0385431903260667
 -0.72484094614443961
 -0.33540714650382597
 0
 0
 0
 0
 0
 0
 0
 0
 0
 0
 0
 0
 0
 0
 0
 0
 0
 0
 0
 0
 0
 0
 0
 0
 0
 0
 0
 0
 0
 0
 0
 0
 0
 0
 0
 0


