# Created by Octave 5.1.0, Wed Apr 22 11:04:35 2020 GMT <unknown@Thomas-PC>
# name: u_sol
# type: matrix
# rows: 18
# columns: 1
 -0.010908985398104388
 0.010908985398104446
 0
 0
 1.2395033870025885e-17
 -0.043876970241592712
 0
 0.043876970241592712
 6.6971059618770963e-18
 -0.29396158349368218
 -0.29396158349368212
 0
 0
 -0.10000000000000001
 -0.2161969478961088
 0
 -0.2161969478961088
 -0.19477946126185172


