# Created by Octave 5.1.0, Wed Apr 22 11:04:49 2020 GMT <unknown@Thomas-PC>
# name: u_sol
# type: matrix
# rows: 50
# columns: 1
 0.01687480352676092
 -0.016874803526760938
 0
 0
 -1.1885583015394274e-17
 -0.040939547876660792
 0
 0.040939547876660765
 -1.6064619025202413e-17
 0.013212115673379115
 7.9565391435111815e-18
 -0.0061059019484471077
 -0.013212115673379115
 0.0061059019484470791
 -0.0055959492506299727
 -0.016248854317676666
 -0.06839995222520559
 -0.027626499280040618
 0
 -2.2899060591860677e-17
 0
 0.027626499280040594
 0.06839995222520559
 0.016248854317676628
 0.0055959492506299276
 -0.32523966272586563
 -0.32523966272586563
 0
 0
 -0.09999999999999995
 -0.24313376292928823
 0
 -0.24313376292928823
 -0.21698672007728342
 -0.26042664579002317
 -0.19137230549688006
 -0.27476462376391869
 -0.26042664579002317
 -0.27476462376391869
 -0.30392333066371685
 -0.24253936717457761
 -0.16328232488006766
 -0.14747648148274106
 0
 -0.13233209694630313
 0
 -0.14747648148274106
 -0.16328232488006766
 -0.24253936717457761
 -0.30392333066371685


