# Created by Octave 5.1.0, Wed Apr 22 11:05:33 2020 GMT <unknown@Thomas-PC>
# name: u_sol
# type: matrix
# rows: 162
# columns: 1
 0.059990929357905773
 -0.059990929357905835
 0
 0
 -1.6850551439238257e-17
 -0.038553861625035095
 0
 0.038553861625035088
 -9.2858436404755027e-18
 0.047320619971480134
 -1.4421880544708538e-17
 -0.0057639198003589945
 -0.047320619971480161
 0.0057639198003589581
 -0.011696578324285748
 -0.010158964176234091
 -0.077371097385628557
 -0.033631272198542138
 0
 -4.5012084354032767e-18
 0
 0.033631272198542138
 0.077371097385628543
 0.010158964176234084
 0.011696578324285717
 0.055334806036373113
 0.0083633978944522708
 0.018153954471247249
 -2.5427274432135872e-17
 -0.0018574416569512909
 0.027107251507705862
 -0.0061240982949577402
 -0.0090611074132959137
 -1.7582595028290363e-17
 -0.027107251507705897
 0.0018574416569512478
 -0.018153954471247295
 -0.0083633978944523124
 -0.055334806036373162
 0.0090611074132958824
 0.006124098294957709
 -0.025996190281939061
 -0.0019493518860908292
 -0.022419259258318516
 -0.0053589570930344544
 -0.018147811267037496
 0.0030630981174145952
 -0.002345788246601505
 -0.059091349754144318
 -0.041338221504318901
 -0.04791678265849094
 -0.055745813794944282
 -0.078673371666624581
 -0.02480502984795575
 -0.011399528364177776
 0
 -0.028340830370561166
 1.2046078946555837e-18
 -0.013125806542381784
 0
 -0.015648040250480964
 -4.8588497845213574e-18
 0
 0.013125806542381782
 0.04791678265849092
 0.028340830370561162
 0
 0.015648040250480961
 0.011399528364177765
 0.078673371666624567
 0.055745813794944282
 0.022419259258318509
 0.041338221504318901
 0.059091349754144318
 0.024805029847955743
 0.0023457882466014894
 0.018147811267037482
 0.0053589570930344345
 0.001949351886090794
 0.025996190281939009
 -0.0030630981174146177
 -0.37477989097677233
 -0.37477989097677239
 0
 0
 -0.099999999999999936
 -0.26806421864549368
 0
 -0.26806421864549362
 -0.24096484511101723
 -0.28279985640067545
 -0.21491647404766062
 -0.29688443935911524
 -0.28279985640067545
 -0.29688443935911524
 -0.34465413868217565
 -0.26362342430237001
 -0.1719569479926753
 -0.1639794749007214
 0
 -0.15274679274728392
 0
 -0.1639794749007214
 -0.1719569479926753
 -0.26362342430236996
 -0.34465413868217565
 -0.33824350694224814
 -0.29579702563504734
 -0.34063277929494057
 -0.16861713192655145
 -0.23175374619620737
 -0.19789274849229416
 -0.25815547477649381
 -0.25186681667534333
 -0.23901709040771929
 -0.19789274849229416
 -0.23175374619620737
 -0.34063277929494062
 -0.29579702563504734
 -0.33824350694224814
 -0.25186681667534333
 -0.25815547477649381
 -0.3682493571716618
 -0.32995966676270244
 -0.27524360547986448
 -0.30810185725854278
 -0.30994955056916718
 -0.28702545275284219
 -0.24665920786412576
 -0.22469803113553835
 -0.23131462741630776
 -0.087578689662046599
 -0.1712279041793561
 -0.10444456971925936
 -0.22412514655465562
 -0.21414458145205273
 0
 -0.084573240921163098
 -0.078781270451452348
 -0.082456594578060816
 0
 -0.15771402992907491
 -0.20866409943441311
 0
 -0.082456594578060802
 -0.087578689662046572
 -0.084573240921163084
 0
 -0.15771402992907491
 -0.21414458145205273
 -0.10444456971925936
 -0.17122790417935607
 -0.27524360547986443
 -0.23131462741630773
 -0.2246980311355383
 -0.22412514655465562
 -0.24665920786412576
 -0.30994955056916712
 -0.30810185725854272
 -0.32995966676270244
 -0.36824935717166174
 -0.28702545275284219


