# Created by Octave 5.1.0, Wed Apr 22 11:15:59 2020 GMT <unknown@Thomas-PC>
# name: u_sol
# type: matrix
# rows: 578
# columns: 1
 0.068881771958284599
 -0.068881771958284613
 0
 0
 6.8728425832185495e-18
 -0.035028242919685912
 0
 0.035028242919685919
 1.0573083135034219e-17
 0.053157371415514298
 9.5723610316068159e-18
 -0.010123828365611615
 -0.053157371415514305
 0.010123828365611629
 -0.0097106699924419688
 -0.0071431919447200098
 -0.081482724042279173
 -0.03615889238111037
 0
 -2.8357110954997172e-18
 0
 0.036158892381110384
 0.081482724042279187
 0.0071431919447200289
 0.009710669992441974
 0.062853355937958419
 0.0064159101195558855
 0.019770381682292937
 6.7942008381282197e-18
 -0.0065114622901120533
 0.024398212424431662
 -0.0078168902404706329
 -0.012469580832649249
 1.3633377321194943e-17
 -0.024398212424431645
 0.0065114622901120689
 -0.019770381682292934
 -0.0064159101195558716
 -0.062853355937958419
 0.012469580832649266
 0.0078168902404706555
 -0.030076893960561266
 0.0013607700594277506
 -0.018381034494915252
 -0.00066866634232728419
 -0.013770750359140755
 0.0069835200667619701
 -0.0011999211731562359
 -0.06014855126228117
 -0.040943776787216744
 -0.055065040711977459
 -0.058672319244743393
 -0.084403996287876024
 -0.024329304414836779
 -0.011089425159093617
 0
 -0.032139200419776658
 2.2087619014281893e-19
 -0.014699713828158498
 0
 -0.016889549999938025
 5.0799688113222952e-18
 0
 0.014699713828158502
 0.055065040711977459
 0.032139200419776665
 0
 0.016889549999938032
 0.011089425159093627
 0.08440399628787601
 0.058672319244743407
 0.018381034494915269
 0.040943776787216765
 0.060148551262281191
 0.024329304414836793
 0.0011999211731562557
 0.013770750359140773
 0.00066866634232729861
 -0.0013607700594277382
 0.030076893960561266
 -0.0069835200667619571
 0.065411213384001285
 0.039264280794717346
 0.043821566844996419
 0.025253389729302165
 0.033366415376568828
 0.059636053423686622
 0.00059933902454858024
 0.013617968449547577
 -0.0049271620224129202
 3.0199606990912971e-18
 -0.0017372883136500521
 0.011863692689509531
 -0.0088871330360255837
 -0.0073805809914696844
 9.1962045413768073e-18
 0.040372534868622675
 0.0046926542466288338
 0.014874949913218048
 -0.0025886842967403046
 -0.0048973874520809452
 1.2744708184903488e-17
 -0.012657350811589337
 -0.01093877023805544
 -0.011921568319535426
 1.3312140054440293e-17
 -0.0069008539431974353
 -0.0083850746905805105
 -0.00099659453417404956
 -0.011493646479475803
 -0.0095224007483405513
 -0.011863692689509479
 0.0017372883136500784
 -0.01487494991321804
 -0.0046926542466288164
 -0.040372534868622675
 0.007380580991469707
 0.0088871330360256063
 -0.043821566844996426
 -0.039264280794717346
 -0.065411213384001299
 0.0049271620224129297
 -0.013617968449547569
 -0.00059933902454856788
 -0.059636053423686615
 -0.033366415376568828
 -0.025253389729302161
 0.0048973874520809686
 0.0025886842967403332
 0.0083850746905805261
 0.0069008539431974613
 0.011921568319535442
 0.010938770238055466
 0.012657350811589356
 0.00099659453417406214
 0.0095224007483405686
 0.011493646479475823
 -0.048241942772257955
 -0.024975046457633081
 -0.0037752198468984166
 -0.011282499663024022
 -0.016792180905347773
 -0.006070800225032741
 0.0060805332257839679
 -0.025971186491613996
 -0.014725007033029104
 -0.022917070402510308
 -0.0029777652747015608
 -0.008155403587415665
 -0.012118171800276051
 -0.0089578344612889563
 -0.0064525377355235444
 -0.0024188969678441774
 0.0036468667248009947
 -0.00015106594215606132
 0.010430217902215797
 0.0084400292105794375
 -0.0034951274136199671
 0.0030634633749809142
 0.00080870041933035286
 0.0028755221088707472
 0.0038380750676361825
 0.0072220892922623351
 -0.047239132929283605
 -0.037959554853808322
 -0.06161465523951401
 -0.050291495930436636
 -0.07206532361827446
 -0.029588562289603236
 -0.022200005506334469
 -0.047759228644182909
 -0.069886433306704604
 -0.069771406683800746
 -0.047104147637251306
 -0.06121565404302514
 -0.048474675948314901
 -0.086539158410952971
 -0.074322242733322622
 -0.070345609315791938
 -0.0064848099194242817
 -0.0031919595171085108
 -0.015863896216756841
 -0.010635143131728071
 -0.022716181084939769
 -0.017292155041291196
 -0.031491842448579645
 -0.051168989501771012
 -0.041033682553844417
 -0.03224261982754846
 0
 -0.036033306388156709
 -0.02040197042149039
 -0.027432442103576028
 0
 -0.042696188848532692
 -0.036899572199390086
 -8.5198744335368384e-19
 -0.0044160104473121731
 0
 -0.0083811670763570649
 -0.0071705422286151383
 -1.0713981817633638e-18
 0
 -0.0091555548640487837
 -0.014408808113626806
 -0.0054598651397041913
 9.0462661681759042e-18
 -0.026100443791505421
 -0.014696430259187104
 1.7104715523962541e-18
 -0.0072348239838175132
 -0.0083037481742264836
 -0.022919826715770815
 -0.017094839825668218
 -0.026505377410487994
 0
 0.0044160104473121775
 0.014408808113626805
 0.0091555548640487854
 0
 0.0071705422286151392
 0.0083811670763570632
 0.047759228644182902
 0.036033306388156709
 0
 0.0368995721993901
 0.042696188848532692
 0.048474675948314908
 0
 0.027432442103576024
 0.020401970421490386
 0.0054598651397042008
 0.0031919595171085295
 0.0083037481742264854
 0.0072348239838175201
 0.022716181084939779
 0.014696430259187114
 0.026100443791505428
 0.022919826715770815
 0.026505377410488001
 0.017094839825668222
 0.069771406683800746
 0.069886433306704604
 0.070345609315791952
 0.074322242733322635
 0.086539158410952985
 0.061215654043025147
 0.04710414763725132
 0.025971186491614003
 0.037959554853808336
 0.047239132929283612
 0.022200005506334483
 0.02958856228960325
 0.012118171800276061
 0.072065323618274474
 0.050291495930436657
 0.061614655239514024
 0.0064848099194242991
 0.000151065942156082
 0.031491842448579659
 0.01729215504129121
 0.003495127413619987
 0.010635143131728088
 0.015863896216756854
 0.051168989501771019
 0.032242619827548474
 0.041033682553844431
 0.022917070402510321
 0.014725007033029116
 0.0024188969678441931
 0.00645253773552356
 0.0089578344612889702
 0.0081554035874156772
 0.0029777652747015738
 0.024975046457633088
 0.048241942772257948
 -0.0060805332257839548
 0.0060708002250327497
 0.01679218090534778
 0.011282499663024028
 0.0037752198468984292
 -0.0036468667248009692
 -0.00080870041933033953
 -0.0030634633749808907
 -0.0084400292105794202
 -0.010430217902215783
 -0.0028755221088707316
 -0.0072220892922623221
 -0.0038380750676361652
 -0.39034404214576601
 -0.39034404214576607
 0
 0
 -0.099999999999999964
 -0.27379480803112338
 0
 -0.27379480803112333
 -0.25080216295140573
 -0.28900167839349439
 -0.2295670003770611
 -0.303102912730075
 -0.28900167839349444
 -0.30310291273007506
 -0.35735245860233583
 -0.27151241687091837
 -0.17302047499933379
 -0.17122850117341182
 0
 -0.16250526057352169
 0
 -0.17122850117341182
 -0.17302047499933379
 -0.27151241687091837
 -0.35735245860233583
 -0.34896215140465431
 -0.30255805086546922
 -0.35135551584860331
 -0.18019513753275851
 -0.23605933523681258
 -0.20060178757556835
 -0.26608268499601734
 -0.25793725879051982
 -0.25215208614113865
 -0.20060178757556835
 -0.23605933523681258
 -0.35135551584860336
 -0.30255805086546922
 -0.34896215140465431
 -0.25793725879051982
 -0.26608268499601734
 -0.38450554922749064
 -0.33917971244160716
 -0.28272053574431999
 -0.3159741768437615
 -0.31807809996413988
 -0.29375811101346999
 -0.25590565799774045
 -0.22730571716433304
 -0.23773175664125984
 -0.092926447821821773
 -0.17639596983621866
 -0.10620210492448723
 -0.23214894755045909
 -0.22329744340366184
 0
 -0.089017085706421736
 -0.085021382490015243
 -0.086978570121102605
 0
 -0.16565120002862496
 -0.21926934449890217
 0
 -0.086978570121102605
 -0.092926447821821773
 -0.089017085706421736
 0
 -0.16565120002862499
 -0.22329744340366184
 -0.10620210492448724
 -0.17639596983621866
 -0.28272053574431999
 -0.23773175664125984
 -0.22730571716433304
 -0.23214894755045909
 -0.25590565799774045
 -0.31807809996413988
 -0.31597417684376145
 -0.33917971244160716
 -0.38450554922749058
