# Created by Octave 5.1.0, Wed Apr 22 11:28:02 2020 GMT <unknown@Thomas-PC>
# name: u_sol
# type: matrix
# rows: 2178
# columns: 1
 0.067948312597310712
 -0.067948312597310712
 0
 0
 -2.8799918311035758e-17
 -0.033846180539903008
 0
 0.033846180539902994
 -5.3607042527131555e-18
 0.05349576968716413
 -7.097612697184634e-18
 -0.012269080230849647
 -0.053495769687164144
 0.012269080230849638
 -0.008251156566642678
 -0.0065449092170980936
 -0.083213918765411912
 -0.037180370652500697
 0
 -6.078039624118681e-18
 0
 0.037180370652500683
 0.083213918765411898
 0.0065449092170980815
 0.0082511565666426659
 0.062686129879277033
 0.0041745678869645701
 0.018879479921420604
 -5.7441988667680086e-18
 -0.0092473434488947164
 0.02027621691226179
 -0.0081862372732693367
 -0.013849915714172056
 -4.2754581820474115e-18
 -0.020276216912261804
 0.009247343448894713
 -0.018879479921420611
 -0.0041745678869645779
 -0.062686129879277033
 0.013849915714172044
 0.0081862372732693263
 -0.029921726642427444
 0.003249476110698118
 -0.017285608316595574
 0.0010982382959716069
 -0.012050597763025086
 0.0083264117127972194
 -0.001195453886344663
 -0.060849507202656722
 -0.041144600847484385
 -0.057619762871056891
 -0.059981348182293115
 -0.086679138126060276
 -0.024440426770413071
 -0.011080126837660163
 0
 -0.033659472177163925
 -5.3654909108811558e-18
 -0.015371295262950535
 0
 -0.017417103054693669
 -7.7350655032845153e-18
 0
 0.015371295262950523
 0.057619762871056884
 0.033659472177163918
 0
 0.017417103054693656
 0.011080126837660149
 0.086679138126060262
 0.059981348182293108
 0.01728560831659556
 0.041144600847484371
 0.060849507202656708
 0.024440426770413057
 0.0011954538863446524
 0.012050597763025075
 -0.0010982382959716219
 -0.0032494761106981302
 0.029921726642427433
 -0.0083264117127972298
 0.064735153325331266
 0.039002726135045226
 0.043713610055104157
 0.023586911304886736
 0.032680566034004009
 0.060110684339179425
 -0.0013521675848165145
 0.012117364928619779
 -0.0072662384682214785
 -7.5463045010890146e-19
 -0.004841125586572171
 0.0070929724344117578
 -0.01008489535855425
 -0.0095992430706914964
 -5.7313441997502969e-18
 0.03804419561636873
 0.0016242506743771722
 0.012116825135103385
 -0.0023953290691118858
 -0.0048518229068190092
 -5.0176393451325875e-18
 -0.014591683383347681
 -0.011732697804536273
 -0.013310557699244462
 -5.8400851519130583e-18
 -0.0070725574664453322
 -0.0089214473007895312
 -0.0037124185569984594
 -0.013590315843673919
 -0.01195008926921153
 -0.0070929724344116866
 0.004841125586572171
 -0.012116825135103388
 -0.0016242506743771687
 -0.038044195616368709
 0.0095992430706914843
 0.010084895358554242
 -0.043713610055104164
 -0.039002726135045233
 -0.064735153325331266
 0.0072662384682214655
 -0.012117364928619789
 0.0013521675848165019
 -0.060110684339179432
 -0.032680566034004016
 -0.023586911304886743
 0.0048518229068189971
 0.0023953290691118758
 0.008921447300789519
 0.0070725574664453218
 0.013310557699244449
 0.011732697804536263
 0.014591683383347669
 0.0037124185569984546
 0.011950089269211522
 0.013590315843673912
 -0.048174059333626146
 -0.024501187008534785
 -0.0020872678443261687
 -0.01013409235304793
 -0.015974228325365096
 -0.0045604878184168736
 0.0081602783501208039
 -0.024767206763226628
 -0.013215356266335463
 -0.021433434724345016
 -0.0017345700967218319
 -0.006720926211199559
 -0.011231914241217944
 -0.0071942705933149735
 -0.0046557654081184159
 -0.00051985138659649298
 0.0037500021816271444
 -0.00026220975039479368
 0.012206114669806836
 0.0093424412021232573
 -0.0032184341902685423
 0.0035900423172814137
 0.0017410193846987938
 0.0048324466086566023
 0.0054646661003387347
 0.009162773047109803
 -0.047199136944238357
 -0.03761540781843143
 -0.062575709234131749
 -0.050657291733591153
 -0.073339202279952206
 -0.029161970669252083
 -0.021826266393050874
 -0.051570932990793746
 -0.072228899140594244
 -0.071515038091725311
 -0.048279251270976466
 -0.063061633518908214
 -0.050212084394424261
 -0.088623818690601139
 -0.076273328383582251
 -0.071826106188634511
 -0.0063539129424941519
 -0.0030144041146498999
 -0.015602548414651914
 -0.010474410963517788
 -0.023129683935311673
 -0.017361764754715691
 -0.032034154587646628
 -0.051940105349652592
 -0.041681385025585244
 -0.032379681968823758
 0
 -0.03822549506524741
 -0.021256276897458536
 -0.028773597993812922
 0
 -0.044754983932838284
 -0.038347287152011647
 -4.1643071248065111e-18
 -0.0045980661015312587
 0
 -0.0087212511005209103
 -0.0074976378724952138
 -7.5577871864165465e-18
 0
 -0.0095034832565712782
 -0.014961278167687605
 -0.0053968989395603876
 -5.7013102818238113e-18
 -0.026898451778435264
 -0.01495066985930755
 -8.1340842377357699e-18
 -0.0073322475476899976
 -0.0085503905243837358
 -0.023979233723261786
 -0.017801991718383623
 -0.027589093432512278
 0
 0.0045980661015312535
 0.014961278167687596
 0.0095034832565712712
 0
 0.0074976378724951991
 0.0087212511005208965
 0.051570932990793739
 0.038225495065247403
 0
 0.038347287152011633
 0.044754983932838277
 0.050212084394424254
 0
 0.028773597993812912
 0.021256276897458532
 0.0053968989395603729
 0.0030144041146498868
 0.0085503905243837202
 0.007332247547689982
 0.02312968393531166
 0.014950669859307535
 0.026898451778435254
 0.023979233723261772
 0.027589093432512268
 0.017801991718383609
 0.071515038091725311
 0.072228899140594244
 0.071826106188634498
 0.076273328383582251
 0.088623818690601125
 0.0630616335189082
 0.048279251270976452
 0.024767206763226617
 0.037615407818431416
 0.04719913694423835
 0.02182626639305086
 0.029161970669252073
 0.01123191424121793
 0.073339202279952179
 0.050657291733591146
 0.062575709234131735
 0.0063539129424941398
 0.0002622097503947824
 0.032034154587646621
 0.017361764754715677
 0.003218434190268531
 0.010474410963517776
 0.015602548414651902
 0.051940105349652578
 0.032379681968823751
 0.041681385025585237
 0.021433434724345002
 0.01321535626633545
 0.00051985138659648041
 0.0046557654081184011
 0.0071942705933149588
 0.0067209262111995452
 0.0017345700967218191
 0.024501187008534774
 0.048174059333626132
 -0.008160278350120816
 0.0045604878184168614
 0.015974228325365086
 0.010134092353047922
 0.0020872678443261596
 -0.0037500021816271548
 -0.0017410193846988076
 -0.0035900423172814263
 -0.0093424412021232712
 -0.012206114669806849
 -0.0048324466086566145
 -0.0091627730471098186
 -0.0054646661003387477
 0.066181317171623788
 0.054262076680274399
 0.056054861563143869
 0.050627080749412405
 0.052504797839333275
 0.063624483320459849
 0.031103646427839488
 0.041475380160600074
 0.028310010400550728
 0.036962874488595143
 0.041872720588184864
 0.057601924414589126
 0.017365462843534851
 0.028521437391864631
 0.012772123451093288
 0.061641764756976178
 0.045595915027901043
 0.048413604046235188
 -0.0081248712687663916
 -0.0043668487123826255
 -0.010484242558059178
 0.015668154270327802
 0.0045111046219501096
 0.0078215002299437796
 -0.0024402272415231202
 0.0010481977799320869
 0.0082508332675362318
 0.036126943082873571
 0.021506058868151667
 0.025141678510222944
 -2.0739612659044732e-17
 -0.0014372021061357949
 0.0055927449434707982
 -0.0060802201237635401
 -0.004775200104207053
 -3.7706391018260932e-18
 0.012701017631059011
 0.00036397242585664742
 0.0044572271460545715
 -0.0053364448847098653
 -0.0058013786065403581
 -6.3439426745824886e-18
 -0.010318635067799809
 -0.010159319279680341
 -0.011981834902947941
 -6.2620129965006462e-18
 -0.0061805524715734996
 -0.0063622444731569888
 0.047039100256002012
 0.023580336755656916
 0.030741115187374081
 0.010050198718006456
 0.016567072099799744
 0.028903474847608093
 -0.0011998701203575889
 0.0065701707407111532
 -0.0047775105427898734
 -0.0080069954019935229
 -0.0072435398413029477
 -0.0023670947040983449
 -0.0006473531020243069
 -0.0012886409515886657
 -5.0038199672700661e-18
 -0.0067695367613059554
 -0.0036471400314123143
 -0.0050548146253703097
 -4.6977619877757388e-18
 -0.0019199606644844172
 -0.0025405737734949612
