# Created by Octave 5.1.0, Mon Feb 24 23:37:42 2020 GMT <unknown@Thomas-PC>
# name: contactConvergence
# type: matrix
# rows: 5
# columns: 1
 0
 0
 0
 0
 0


