# Created by Octave 5.1.0, Mon Feb 24 23:52:14 2020 GMT <unknown@Thomas-PC>
# name: contactConvergence
# type: matrix
# rows: 7
# columns: 1
 0
 0
 0
 0
 0
 0
 0


