# Created by Octave 5.1.0, Mon Feb 24 23:37:07 2020 GMT <unknown@Thomas-PC>
# name: equilibriumConvergence
# type: matrix
# rows: 5
# columns: 1
 2.9731139160599347
 0.29143541872564288
 0.003535076094859512
 4.5416226736174951e-07
 1.4789182758290691e-14


