# Created by Octave 5.1.0, Mon Feb 24 23:52:14 2020 GMT <unknown@Thomas-PC>
# name: equilibriumConvergence
# type: matrix
# rows: 7
# columns: 1
 0.84883066888277603
 0.63144847647304392
 0.29251117851254943
 0.067895423686167716
 0.0038370147571663653
 1.2406784233769259e-05
 1.2180075600209877e-10


