# Created by Octave 5.1.0, Mon Feb 24 23:40:07 2020 GMT <unknown@Thomas-PC>
# name: equilibriumConvergence
# type: matrix
# rows: 5
# columns: 1
 1.3489759101111711
 0.15112129278572248
 0.0081808929113478777
 3.1835462512595154e-05
 4.6891907474006789e-10


