# Created by Octave 5.1.0, Mon Feb 24 23:36:54 2020 GMT <unknown@Thomas-PC>
# name: equilibriumConvergence
# type: matrix
# rows: 5
# columns: 1
 5.7282196186947996
 1.0813006340369047
 0.035854825816122531
 3.2656308025731211e-05
 3.7756935567256426e-11


