# Created by Octave 5.1.0, Mon Feb 24 23:37:42 2020 GMT <unknown@Thomas-PC>
# name: equilibriumConvergence
# type: matrix
# rows: 5
# columns: 1
 2.1304038433711927
 0.17992892735932536
 0.0020529512647157271
 5.4024308420162713e-07
 5.0048050684510469e-14


