# Created by Octave 5.1.0, Mon Feb 24 23:36:57 2020 GMT <unknown@Thomas-PC>
# name: equilibriumConvergence
# type: matrix
# rows: 5
# columns: 1
 3.5180439356701685
 0.35853463731252999
 0.0054550689719014573
 9.179445306808833e-07
 3.5747124979797619e-14


