# Created by Octave 5.1.0, Tue Feb 25 01:22:23 2020 GMT <unknown@Thomas-PC>
# name: equilibriumConvergence
# type: matrix
# rows: 7
# columns: 1
 0.61281323207885297
 0.52887829128765373
 0.40165579805207641
 0.050388371855174668
 0.0028466390648271534
 9.5277576011081063e-06
 1.0933307737032475e-10


