# Created by Octave 5.1.0, Mon Feb 24 23:37:07 2020 GMT <unknown@Thomas-PC>
# name: lambda_sol
# type: matrix
# rows: 9
# columns: 1
 0
 0
 0
 0
 0
 0
 0
 0
 0


