# Created by Octave 5.1.0, Mon Feb 24 23:36:54 2020 GMT <unknown@Thomas-PC>
# name: u_sol
# type: matrix
# rows: 18
# columns: 1
 0.033404446342947917
 -0.033404446342947869
 0
 0
 2.2234491984278903e-17
 -0.06509732337899235
 0
 0.065097323378992378
 -1.6305203853821399e-17
 -0.40129305217963407
 -0.40129305217963396
 0
 0
 -0.36537515596980458
 -0.27586780312046449
 0
 -0.27586780312046455
 -0.2885428250005771


