# Created by Octave 5.1.0, Mon Feb 24 23:36:57 2020 GMT <unknown@Thomas-PC>
# name: u_sol
# type: matrix
# rows: 50
# columns: 1
 0.022046943491058107
 -0.022046943491058124
 0
 0
 -1.108706218624023e-17
 -0.072399171424413142
 0
 0.072399171424413128
 -1.2377564095576699e-17
 0.011381721087824787
 -9.8887290303351177e-18
 0.018884134984218308
 -0.011381721087824811
 -0.018884134984218332
 -0.040826966319786009
 -0.038635232646869563
 -0.09715973607931716
 -0.044861419318086779
 0
 -5.5162739310902798e-18
 0
 0.044861419318086772
 0.097159736079317133
 0.038635232646869549
 0.040826966319785989
 -0.40605992153021275
 -0.40605992153021275
 0
 0
 -0.40521907661642087
 -0.29342999578658407
 0
 -0.29342999578658407
 -0.3194637095554711
 -0.4107436547336899
 -0.38653673962296464
 -0.38642937661620397
 -0.4107436547336899
 -0.38642937661620397
 -0.37287650726526667
 -0.31083211694800644
 -0.18830591229673113
 -0.1711065325344891
 0
 -0.16307730474125526
 0
 -0.1711065325344891
 -0.1883059122967311
 -0.31083211694800644
 -0.37287650726526667


