# Created by Octave 5.1.0, Mon Feb 24 23:37:07 2020 GMT <unknown@Thomas-PC>
# name: u_sol
# type: matrix
# rows: 162
# columns: 1
 0.010334808999478928
 -0.010334808999479079
 0
 0
 -7.6258763227819989e-17
 -0.077024110091632181
 0
 0.077024110091632125
 -3.5214115603368973e-17
 0.0047724411409684206
 -5.4579120600370168e-17
 0.019272260128308606
 -0.0047724411409685724
 -0.019272260128308714
 -0.039382005954308436
 -0.040366793463371298
 -0.10477272594417109
 -0.051254933987229669
 0
 -1.5525759336424781e-17
 0
 0.051254933987229641
 0.10477272594417106
 0.040366793463371228
 0.039382005954308331
 0.0074718863921195361
 0.011197266196192934
 0.016770361843529955
 -6.4093231275440451e-17
 0.0054915004937584342
 0.0023224542058401967
 0.014297921060709462
 0.0095101318305937863
 -4.6762168364147552e-17
 -0.0023224542058403489
 -0.0054915004937585617
 -0.016770361843530087
 -0.011197266196193068
 -0.0074718863921196957
 -0.0095101318305938903
 -0.014297921060709541
 -0.022594488558208954
 -0.029024977521190209
 -0.05916153189417378
 -0.043580863847994047
 -0.058416815567623202
 -0.029102695494008412
 -0.020569458057873954
 -0.094900416418715952
 -0.073446748333433426
 -0.060653084407817165
 -0.079109597417035021
 -0.096275083629936448
 -0.049832856101400314
 -0.025335605376357737
 0
 -0.037831295350169589
 -4.9477899642937082e-18
 -0.01837669911934663
 0
 -0.025335377166925788
 -2.6945205682436866e-17
 0
 0.018376699119346619
 0.060653084407817137
 0.037831295350169575
 0
 0.025335377166925757
 0.025335605376357685
 0.09627508362993642
 0.079109597417034994
 0.059161531894173718
 0.073446748333433384
 0.09490041641871591
 0.049832856101400272
 0.020569458057873895
 0.058416815567623126
 0.043580863847993957
 0.029024977521190102
 0.022594488558208822
 0.029102695494008329
 -0.40562938124495218
 -0.40562938124495229
 0
 0
 -0.4271630197163826
 -0.30400029507897131
 0
 -0.30400029507897125
 -0.33326204397188325
 -0.42390152731280561
 -0.40675708008526429
 -0.4009972019844365
 -0.42390152731280567
 -0.40099720198443656
 -0.37843194767044275
 -0.32559667936160053
 -0.19222210195505687
 -0.18363785843481747
 0
 -0.17880769985223283
 0
 -0.18363785843481745
 -0.19222210195505682
 -0.32559667936160053
 -0.37843194767044269
 -0.41556229609701589
 -0.41802172089870931
 -0.40959668658714543
 -0.42290156786147082
 -0.42251823645437542
 -0.42824529251704369
 -0.37531434861116592
 -0.40556529626566989
 -0.37736297376728339
 -0.42824529251704374
 -0.42251823645437547
 -0.40959668658714554
 -0.41802172089870937
 -0.41556229609701595
 -0.40556529626566989
 -0.37531434861116592
 -0.3977398679607223
 -0.39235331881452701
 -0.31892539548651277
 -0.3623762755321967
 -0.34728422339423265
 -0.37077146836905245
 -0.32892440794774369
 -0.25467092019088045
 -0.26206522087391543
 -0.092661330780335324
 -0.18815963400614974
 -0.11453024909721655
 -0.26386467906377253
 -0.26405106553685509
 0
 -0.090044276229329312
 -0.086007724499456303
 -0.08936818240972022
 0
 -0.18183332705955277
 -0.26340547946618587
 0
 -0.089368182409720234
 -0.092661330780335296
 -0.090044276229329312
 0
 -0.18183332705955277
 -0.26405106553685509
 -0.11453024909721651
 -0.18815963400614971
 -0.31892539548651272
 -0.26206522087391537
 -0.25467092019088033
 -0.26386467906377248
 -0.32892440794774364
 -0.34728422339423254
 -0.36237627553219665
 -0.39235331881452695
 -0.39773986796072219
 -0.37077146836905239


