# Created by Octave 5.1.0, Mon Feb 24 23:37:42 2020 GMT <unknown@Thomas-PC>
# name: u_sol
# type: matrix
# rows: 578
# columns: 1
 0.0044455686352551519
 -0.004445568635255177
 0
 0
 -1.0609635219862143e-17
 -0.078643832750819778
 0
 0.078643832750819764
 7.229497372822258e-20
 0.0014548080531170849
 -4.7122795284818314e-18
 0.019636772292784235
 -0.001454808053117107
 -0.019636772292784245
 -0.039131740288449533
 -0.040897189885313517
 -0.10783289860000435
 -0.053503020933425835
 0
 3.2887103624654249e-19
 0
 0.053503020933425835
 0.10783289860000435
 0.040897189885313524
 0.039131740288449526
 0.0025661662803955765
 0.010218237498176606
 0.015291758306773508
 -5.8701698722714946e-18
 0.0050823644563958879
 0.00074576971293485793
 0.01505255869972706
 0.0098599258582616634
 -1.0306958072341216e-18
 -0.00074576971293488406
 -0.0050823644563959044
 -0.015291758306773522
 -0.010218237498176621
 -0.0025661662803955999
 -0.0098599258582616721
 -0.015052558699727062
 -0.020670671648141729
 -0.029221793975895281
 -0.060119000139756233
 -0.044376671412610591
 -0.0588530237451588
 -0.029959329957876792
 -0.020758480678746569
 -0.096845623925742488
 -0.074447620860499705
 -0.067098222767486282
 -0.081536473894693776
 -0.10035083686105935
 -0.050329643441963078
 -0.025395273422375072
 0
 -0.041077265394496215
 1.2627297417495254e-18
 -0.019663371765156454
 0
 -0.026384291344257817
 3.2322018068209857e-18
 0
 0.019663371765156454
 0.067098222767486282
 0.041077265394496215
 0
 0.026384291344257821
 0.025395273422375075
 0.10035083686105933
 0.081536473894693776
 0.060119000139756233
 0.074447620860499719
 0.096845623925742488
 0.050329643441963084
 0.020758480678746569
 0.0588530237451588
 0.044376671412610584
 0.029221793975895274
 0.020670671648141712
 0.029959329957876788
 0.0034417598659257313
 0.0088349303460054703
 0.010410375190267589
 0.0057943269342743322
 0.0072961984980817315
 0.0019227999427590438
 0.018457632062504316
 0.012760418593149128
 0.014816490471540225
 -9.3219729687813961e-18
 0.0013924438127666963
 0.00037811876661274089
 0.0036984630689656734
 0.0025183780258187932
 -6.7229893604871017e-18
 0.0010853400828721004
 0.0028483289030863256
 0.0043163675850905053
 0.0088391100313228617
 0.0075002426630314239
 1.5297372257726668e-19
 0.014773858093037518
 0.012405167706417537
 0.018584881851901956
 -1.4829706596046497e-18
 0.0061943934832430683
 0.0049245730134166721
 0.0076562639505339796
 0.0074195304314562177
 0.011134213288201324
 -0.00037811876661276306
 -0.0013924438127667161
 -0.0043163675850905235
 -0.0028483289030863447
 -0.0010853400828721251
 -0.0025183780258188106
 -0.0036984630689656873
 -0.01041037519026761
 -0.0088349303460054894
 -0.0034417598659257542
 -0.014816490471540236
 -0.012760418593149142
 -0.018457632062504326
 -0.001922799942759067
 -0.0072961984980817515
 -0.0057943269342743504
 -0.0075002426630314239
 -0.00883911003132286
 -0.0049245730134166799
 -0.00619439348324307
 -0.018584881851901967
 -0.012405167706417546
 -0.014773858093037526
 -0.0076562639505339952
 -0.011134213288201337
 -0.007419530431456229
 -0.012121133700934679
 -0.017869979423985133
 -0.034069588364424357
 -0.025781047174953751
 -0.029705297955857701
 -0.022083730950269175
 -0.024441211339097883
 -0.069405806124629515
 -0.060499284132837769
 -0.068890157883161621
 -0.043898607622567233
 -0.052236677338689398
 -0.050631687764955365
 -0.048880596288506752
 -0.051531512377352817
 -0.042679573382317176
 -0.017826315742997853
 -0.010437712996315428
 -0.024690389462300115
 -0.022564989645163989
 -0.030926602638258957
 -0.026697269919609048
 -0.035393580280900838
 -0.036672783126530696
 -0.037218320592522079
 -0.030707726012697091
 -0.08830587725409636
 -0.078195662865817347
 -0.091933154006445472
 -0.085902867524097995
 -0.10368744142002785
 -0.067786329619003355
 -0.057056347365721738
 -0.055395376668711541
 -0.083728109508290585
 -0.080715368600228113
 -0.067492582427795655
 -0.078709699501145314
 -0.063938171651931663
 -0.10765770018551912
 -0.093673502618355581
 -0.095175478774257624
 -0.023375039406613642
 -0.011829271633885259
 -0.046036289612900648
 -0.0347879548499141
 -0.039825071301744314
 -0.037918546791452241
 -0.053141252655385864
 -0.079425164832115619
 -0.066406182111869411
 -0.062547587557203535
 0
 -0.042313850235714913
 -0.025061561078047204
 -0.032881995222377336
 0
 -0.053210687677581518
 -0.050031801075197224
 2.843986123234257e-18
 -0.0057685072577968646
 0
 -0.012087555536344136
 -0.0097276496844049768
 1.3583279049180132e-18
 0
 -0.011777593527091698
 -0.018142333055180756
 -0.012766052913159364
 3.684487580806845e-18
 -0.039799631022515373
 -0.026543821727233703
 1.5418260039701907e-18
 -0.013289519942917506
 -0.013163750169820139
 -0.030025962016659729
 -0.024316249646835798
 -0.036895532012962966
 0
 0.0057685072577968654
 0.018142333055180756
 0.011777593527091703
 0
 0.0097276496844049837
 0.012087555536344139
 0.055395376668711534
 0.042313850235714906
 0
 0.050031801075197231
 0.053210687677581511
 0.063938171651931663
 0
 0.032881995222377329
 0.025061561078047197
 0.012766052913159369
 0.011829271633885266
 0.013163750169820144
 0.013289519942917511
 0.039825071301744314
 0.026543821727233706
 0.03979963102251538
 0.030025962016659732
 0.036895532012962966
 0.024316249646835802
 0.080715368600228085
 0.083728109508290585
 0.095175478774257624
 0.093673502618355581
 0.10765770018551911
 0.0787096995011453
 0.067492582427795655
 0.069405806124629515
 0.078195662865817347
 0.088305877254096346
 0.057056347365721752
 0.067786329619003355
 0.050631687764955371
 0.10368744142002785
 0.085902867524097995
 0.091933154006445486
 0.023375039406613646
 0.010437712996315429
 0.053141252655385871
 0.037918546791452248
 0.030926602638258964
 0.0347879548499141
 0.046036289612900655
 0.079425164832115619
 0.062547587557203535
 0.066406182111869425
 0.068890157883161621
 0.060499284132837769
 0.042679573382317169
 0.05153151237735281
 0.048880596288506752
 0.052236677338689398
 0.043898607622567233
 0.017869979423985119
 0.012121133700934658
 0.024441211339097876
 0.022083730950269165
 0.02970529795585769
 0.02578104717495374
 0.03406958836442435
 0.017826315742997857
 0.035393580280900838
 0.026697269919609048
 0.022564989645163989
 0.024690389462300108
 0.036672783126530689
 0.030707726012697088
 0.037218320592522072
 -0.40433181360790427
 -0.40433181360790427
 0
 0
 -0.43704529122419716
 -0.30980956101272322
 0
 -0.30980956101272317
 -0.33747339967026269
 -0.42955289443909478
 -0.4148389697831863
 -0.40733972314665878
 -0.42955289443909478
 -0.40733972314665884
 -0.38120432310010571
 -0.33188900782785707
 -0.19401189653878123
 -0.18935129661038641
 0
 -0.18638101398963344
 0
 -0.18935129661038641
 -0.19401189653878126
 -0.33188900782785707
 -0.38120432310010571
 -0.41844592143590387
 -0.42426042756684695
 -0.41348773672214922
 -0.43213857145091483
 -0.43042946601091375
 -0.43598169347116084
 -0.38202126138191606
 -0.4130553439096325
 -0.38376346149878016
 -0.43598169347116084
 -0.43042946601091375
 -0.41348773672214928
 -0.42426042756684701
 -0.41844592143590387
 -0.4130553439096325
 -0.38202126138191606
 -0.39840592170201922
 -0.39704583179207187
 -0.32489618576903639
 -0.36784919470373684
 -0.3519024220804145
 -0.3771386448257304
 -0.3350732079967485
 -0.25804101675724828
 -0.26711805604559413
 -0.098080081660317689
 -0.19239233194919655
 -0.11696444626632423
 -0.26973897983173051
 -0.27028473677261367
 0
 -0.093877586034473909
 -0.091527604597975681
 -0.093005760412191968
 0
 -0.18774143175057631
 -0.27018023674520242
 0
 -0.093005760412191968
 -0.098080081660317703
 -0.093877586034473909
 0
 -0.18774143175057634
 -0.27028473677261367
 -0.11696444626632424
 -0.19239233194919655
 -0.32489618576903639
 -0.26711805604559413
 -0.25804101675724828
 -0.26973897983173051
 -0.3350732079967485
 -0.3519024220804145
 -0.36784919470373678
 -0.39704583179207181
 -0.39840592170201922
 -0.3771386448257304
 -0.4114977660773016
