# Created by Octave 5.1.0, Mon Feb 24 23:40:07 2020 GMT <unknown@Thomas-PC>
# name: u_sol
# type: matrix
# rows: 2178
# columns: 1
 0.002301083195032267
 -0.0023010831950323008
 0
 0
 -1.5905267607951194e-17
 -0.079105407345422304
 0
 0.079105407345422291
 -2.8783442184843951e-18
 0.00040698271553796071
 -6.5535384793979594e-18
 0.0197940826915078
 -0.00040698271553798993
 -0.019794082691507817
 -0.03914902206266923
 -0.041058407808591206
 -0.1089314838381889
 -0.054235782589845113
 0
 5.7613810526625815e-19
 0
 0.054235782589845113
 0.1089314838381889
 0.041058407808591206
 0.039149022062669216
 0.00090738004593503123
 0.0099302070488291906
 0.014899121381410417
 -1.2080099975910146e-17
 0.004965942372898594
 0.00022935043418011226
 0.015301011698373803
 0.0099869481260588411
 -4.7965015461175318e-18
 -0.00022935043418014474
 -0.0049659423728986192
 -0.014899121381410441
 -0.0099302070488292149
 -0.00090738004593506798
 -0.0099869481260588568
 -0.015301011698373815
 -0.020180318295735453
 -0.02936526361370843
 -0.060420286160581461
 -0.044682565627982423
 -0.059041058257241479
 -0.03026528360178642
 -0.020797115587486946
 -0.0974032859474325
 -0.074740031754501932
 -0.069218990436974076
 -0.082420135755451221
 -0.10198132593672632
 -0.05050305905688731
 -0.025412690646277131
 0
 -0.042282823452805103
 7.7157412295572967e-20
 -0.020169403607408515
 0
 -0.026759555282441925
 4.3114970717109974e-19
 0
 0.020169403607408508
 0.069218990436974076
 0.042282823452805103
 0
 0.026759555282441928
 0.025412690646277131
 0.10198132593672632
 0.082420135755451221
 0.060420286160581461
 0.074740031754501932
 0.0974032859474325
 0.050503059056887303
 0.020797115587486939
 0.059041058257241472
 0.044682565627982417
 0.029365263613708413
 0.020180318295735432
 0.030265283601786413
 0.0014798708927949982
 0.0079121484840229926
 0.0094064117600749612
 0.0051571941052427489
 0.0065020415275510064
 0.00058043521848309568
 0.018415673666187245
 0.012406218985586349
 0.014792988620094812
 -1.4462751147597155e-17
 0.001266273746457579
 0.00013499548181814485
 0.0037236557885043141
 0.0024768810625820374
 -9.5469181202426351e-18
 0.00030798167012845889
 0.0025567908188553474
 0.0038501954292224521
 0.0090252640339311702
 0.0076647354102695265
 -3.8860812551781292e-18
 0.014923564893972775
 0.01260882773627907
 0.018830695945380387
 -5.2669131236093692e-18
 0.0063192818229650333
 0.0050038529962044788
 0.0074522017808734539
 0.0074411753753911083
 0.011135261098263344
 -0.00013499548181817859
 -0.0012662737464576078
 -0.0038501954292224833
 -0.0025567908188553761
 -0.00030798167012849466
 -0.002476881062582063
 -0.0037236557885043328
 -0.0094064117600749907
 -0.0079121484840230221
 -0.0014798708927950359
 -0.014792988620094833
 -0.012406218985586373
 -0.018415673666187269
 -0.00058043521848313232
 -0.0065020415275510359
 -0.0051571941052427775
 -0.007664735410269536
 -0.0090252640339311789
 -0.0050038529962044944
 -0.0063192818229650454
 -0.0188306959453804
 -0.012608827736279081
 -0.01492356489397279
 -0.007452201780873479
 -0.011135261098263365
 -0.00744117537539113
 -0.011049853609112856
 -0.017454843743968412
 -0.034172797757622858
 -0.025698517189687548
 -0.029539767426508757
 -0.022029109667986071
 -0.024597625012986717
 -0.069781906091960139
 -0.060813464013850571
 -0.069144140099271195
 -0.044206537250465118
 -0.052560785459447111
 -0.050862099501172132
 -0.049002041967235357
 -0.051798669978707232
 -0.042886022736635381
 -0.018043668829644425
 -0.010438475508131257
 -0.024955006714034507
 -0.022849660985874095
 -0.031022105515564533
 -0.026943302351702794
 -0.035672233573308829
 -0.036925009368421254
 -0.037533621332696492
 -0.030975757658796343
 -0.08873461807659408
 -0.078476391108036836
 -0.092548725102597873
 -0.086281736305687917
 -0.10448442512939075
 -0.067994495274714725
 -0.05721169551805428
 -0.058944244525229852
 -0.085494726935614856
 -0.081529791698701823
 -0.068316346643197565
 -0.080067849294210722
 -0.065266402100725582
 -0.10906625102687502
 -0.095051742189093277
 -0.096136124169263898
 -0.023329037834446717
 -0.011721867109249167
 -0.046134948988406942
 -0.034818460854161508
 -0.040120438310498344
 -0.038018224959750289
 -0.053530980370020298
 -0.079949177873461563
 -0.066865498369578419
 -0.062781175551676616
 0
 -0.044180522368190318
 -0.025662038294131377
 -0.033910186393260031
 0
 -0.054896779677895198
 -0.051140096971888122
 -3.7041897715678214e-18
 -0.0059015657400789557
 0
 -0.012335205908594611
 -0.0099716244061984274
 1.0671899079899467e-18
 0
 -0.012015855990714287
 -0.018514441871905766
 -0.012733216291227305
 -2.316683658053808e-19
 -0.040373253093428915
 -0.026722660135581944
 9.3107583207738908e-19
 -0.0133566487558314
 -0.01333599359825768
 -0.030840961293572194
 -0.02484090957181178
 -0.037713922871410871
 0
 0.0059015657400789514
 0.018514441871905766
 0.012015855990714286
 0
 0.0099716244061984257
 0.012335205908594611
 0.058944244525229852
 0.044180522368190318
 0
 0.051140096971888122
 0.054896779677895205
 0.065266402100725582
 0
 0.033910186393260038
 0.025662038294131377
 0.012733216291227305
 0.011721867109249166
 0.013335993598257682
 0.013356648755831401
 0.040120438310498344
 0.026722660135581944
 0.040373253093428915
 0.030840961293572191
 0.037713922871410871
 0.02484090957181178
 0.081529791698701823
 0.085494726935614856
 0.096136124169263884
 0.095051742189093277
 0.10906625102687501
 0.080067849294210722
 0.068316346643197551
 0.069781906091960139
 0.078476391108036836
 0.08873461807659408
 0.057211695518054273
 0.067994495274714725
 0.050862099501172132
 0.10448442512939074
 0.086281736305687903
 0.092548725102597873
 0.023329037834446714
 0.010438475508131251
 0.053530980370020298
 0.038018224959750282
 0.03102210551556453
 0.034818460854161501
 0.046134948988406935
 0.079949177873461549
 0.062781175551676616
 0.066865498369578419
 0.069144140099271181
 0.060813464013850564
 0.042886022736635367
 0.051798669978707225
 0.04900204196723535
 0.052560785459447104
 0.044206537250465118
 0.017454843743968392
 0.011049853609112826
 0.024597625012986703
 0.022029109667986053
 0.02953976742650874
 0.025698517189687527
 0.034172797757622844
 0.018043668829644421
 0.035672233573308815
 0.026943302351702787
 0.022849660985874085
 0.024955006714034493
 0.03692500936842124
 0.03097575765879633
 0.037533621332696485
 0.0018742935570611329
 0.005441398960122198
 0.0059922972305872799
 0.0044286797150593993
 0.0049178033414489716
 0.0011577553149571169
 0.012389678356275914
 0.0086479159343041609
 0.011394370197451105
 0.0027836041376605074
 0.0031582396188390566
 0.00048002255265906535
 0.0084885909070816709
 0.0058231105011049269
 0.0075364161772964924
 0.0007189401767433843
 0.0035533235007177179
 0.0039749811376717558
 0.019383815973045653
 0.016607825753711416
 0.017274219351162034
 0.013648674242049477
 0.01539242895604777
 0.016913869503630625
 0.012346763018871124
 0.013871183790500747
 0.011167635316363507
 0.0071974503641276388
 0.0094472340417137337
 0.010414875465209687
 -1.5520212763023713e-17
 0.00033441416130099681
 6.9643804225354711e-05
 0.00092886395832258615
 0.00062672273245401922
 -1.3568063546511895e-17
 0.0001862810852163866
 0.00068396722809778952
 0.0010337189111221711
 0.0021802837604695023
 0.0018617331166418795
 -8.0897326572641466e-18
 0.0037209356713580541
 0.0030962374298079002
 0.0046463165794889648
 -1.0855231390935881e-17
 0.0015470770426499263
 0.0012360769980795097
 0.00035213790200993629
 0.0020724741129311995
 0.0024234621780257551
 0.0013807458396888647
 0.0017261154496522422
 0.00026859650054255506
 0.0046976616851174017
 0.003202912696272361
 0.0037528220210616492
 0.0018660965476859311
 0.0028084295026804327
 0.0019109380091916252
 0.0048366207923480047
 0.0045043824099361626
 -3.5596062871439344e-18
 0.011490089753026291
 0.0083439835337226782
 0.012513637984737395
 -3.9634245585985105e-18
 0.0041697241708333922
 0.0038325761916392751
 0.017367731835523533
 0.016862137685189779
