# Created by Octave 5.1.0, Tue Feb 25 05:56:52 2020 GMT <unknown@Thomas-PC>
# name: contactConvergence
# type: matrix
# rows: 5
# columns: 1
 0
 0
 0
 0
 0


