# Created by Octave 5.1.0, Tue Feb 25 02:02:00 2020 GMT <unknown@Thomas-PC>
# name: equilibriumConvergence
# type: matrix
# rows: 5
# columns: 1
 3.9236202528566095
 0.17576126087041313
 0.0015698259574343908
 1.2280392315268389e-07
 3.3636653884784109e-15


