# Created by Octave 5.1.0, Tue Feb 25 02:26:30 2020 GMT <unknown@Thomas-PC>
# name: equilibriumConvergence
# type: matrix
# rows: 5
# columns: 1
 0.68766304316812521
 0.017936851460720438
 0.00013020861655861497
 1.033040435824102e-08
 7.3971917151828728e-14


