# Created by Octave 5.1.0, Tue Feb 25 02:02:15 2020 GMT <unknown@Thomas-PC>
# name: equilibriumConvergence
# type: matrix
# rows: 5
# columns: 1
 2.5508927865327267
 0.085902429663547261
 0.00044580338543311152
 1.9478411407844891e-08
 1.0173625995236474e-14


