# Created by Octave 5.1.0, Tue Feb 25 02:06:54 2020 GMT <unknown@Thomas-PC>
# name: equilibriumConvergence
# type: matrix
# rows: 5
# columns: 1
 1.0459084794857436
 0.025930874434665706
 0.00015857670040174426
 9.7365028770066836e-09
 3.6318046054839737e-14


