# Created by Octave 5.1.0, Tue Feb 25 05:56:51 2020 GMT <unknown@Thomas-PC>
# name: equilibriumConvergence
# type: matrix
# rows: 5
# columns: 1
 0.46874738044117337
 0.012645739492217891
 0.00010268621178485295
 6.8233146626945005e-09
 1.4796008153457995e-13


