# Created by Octave 5.1.0, Tue Feb 25 02:03:10 2020 GMT <unknown@Thomas-PC>
# name: equilibriumConvergence
# type: matrix
# rows: 5
# columns: 1
 1.6333925615106373
 0.042871675630846408
 0.00021960513506120877
 9.5588716049422704e-09
 1.7672898696550899e-14


