# Created by Octave 5.1.0, Tue Feb 25 02:01:56 2020 GMT <unknown@Thomas-PC>
# name: equilibriumConvergence
# type: matrix
# rows: 6
# columns: 1
 7.6376261582597316
 1.7491887187132393
 0.12979878837413256
 0.00059526363040860982
 1.7763373671397772e-08
 2.6751123420537431e-15


