# Created by Octave 5.1.0, Tue Feb 25 02:01:56 2020 GMT <unknown@Thomas-PC>
# name: u_sol
# type: matrix
# rows: 18
# columns: 1
 0.034007330508824478
 -0.034007330508824471
 0
 0
 8.5845923818111424e-18
 -0.048169948848957554
 0
 0.048169948848957554
 2.6552540710855186e-18
 -0.28255254901040666
 -0.28255254901040666
 0
 0
 -0.25583141176814822
 -0.17941030580454678
 0
 -0.17941030580454681
 -0.18524241028245828


