# Created by Octave 5.1.0, Tue Feb 25 02:02:00 2020 GMT <unknown@Thomas-PC>
# name: u_sol
# type: matrix
# rows: 50
# columns: 1
 0.029495992085714438
 -0.029495992085714427
 0
 0
 6.9127639331827708e-18
 -0.053529642730390341
 0
 0.053529642730390348
 -4.5432855767605007e-19
 0.015898060190208795
 2.9153654619262029e-18
 0.018799433030861703
 -0.015898060190208781
 -0.018799433030861696
 -0.039646533622509535
 -0.025676272139925359
 -0.053727997069067925
 -0.01943321700872325
 0
 -9.3521457430459332e-19
 0
 0.01943321700872325
 0.053727997069067931
 0.025676272139925363
 0.039646533622509542
 -0.27380634571755857
 -0.27380634571755857
 0
 0
 -0.26396229231995938
 -0.18183354402756108
 0
 -0.18183354402756111
 -0.18662845236393225
 -0.27058870594739759
 -0.24259563753963614
 -0.24462181977434003
 -0.27058870594739759
 -0.24462181977434
 -0.24226939864651717
 -0.18517339491388321
 -0.10599756167501929
 -0.099012208351796679
 0
 -0.09908849551676302
 0
 -0.099012208351796679
 -0.10599756167501929
 -0.18517339491388321
 -0.2422693986465172


