# Created by Octave 5.1.0, Tue Feb 25 02:02:15 2020 GMT <unknown@Thomas-PC>
# name: u_sol
# type: matrix
# rows: 162
# columns: 1
 0.021167568790859823
 -0.021167568790859851
 0
 0
 -1.4094500457861733e-17
 -0.057446531161572785
 0
 0.057446531161572771
 -6.2268500791910963e-18
 0.012651856841402541
 -9.5878125450372755e-18
 0.020150093759537
 -0.01265185684140257
 -0.020150093759537021
 -0.039580548939525388
 -0.02795567239672404
 -0.058412955026992334
 -0.021456754929077424
 0
 -1.0352725688089731e-18
 0
 0.021456754929077421
 0.058412955026992328
 0.027955672396724029
 0.039580548939525367
 0.01755352621936021
 0.0155759147724808
 0.022324630147218343
 -1.1499668562044478e-17
 0.0078962508664448799
 0.0066169271717725353
 0.012136808394334127
 0.010034405239852134
 -8.6226280965899389e-18
 -0.0066169271717725631
 -0.0078962508664449042
 -0.022324630147218371
 -0.015575914772480826
 -0.017553526219360238
 -0.010034405239852153
 -0.012136808394334142
 -0.028508355526596953
 -0.029882642838070194
 -0.043221770148169206
 -0.037477589209129962
 -0.050182147344758864
 -0.024756200183152974
 -0.013530323823576497
 -0.062106837955055942
 -0.04408514037023803
 -0.020777366292278113
 -0.03737076300171302
 -0.042343994230403553
 -0.027122578894341488
 -0.012923205344691274
 0
 -0.011751743785801875
 4.4776373257761943e-19
 -0.0054301994529605217
 0
 -0.0099991306821257588
 -3.85939504657541e-18
 0
 0.0054301994529605208
 0.020777366292278117
 0.011751743785801875
 0
 0.0099991306821257554
 0.012923205344691267
 0.042343994230403546
 0.037370763001713013
 0.043221770148169192
 0.044085140370238023
 0.062106837955055928
 0.027122578894341477
 0.013530323823576485
 0.050182147344758843
 0.037477589209129941
 0.029882642838070177
 0.028508355526596928
 0.024756200183152957
 -0.26491043205318293
 -0.26491043205318293
 0
 0
 -0.26967888173947097
 -0.18304595265259832
 0
 -0.18304595265259829
 -0.1866515475298276
 -0.27123971035228334
 -0.24607538901402953
 -0.24623257903206394
 -0.27123971035228334
 -0.24623257903206394
 -0.23847077829478852
 -0.18644196754472742
 -0.10810221788637925
 -0.10007714288282574
 0
 -0.09972705843597475
 0
 -0.10007714288282574
 -0.10810221788637923
 -0.18644196754472742
 -0.23847077829478852
 -0.26881634185452674
 -0.26365946596095885
 -0.26155504698837195
 -0.26309335663672651
 -0.26393215169575041
 -0.27166080497746453
 -0.21994438884707068
 -0.24630737291392818
 -0.22015455026267378
 -0.27166080497746453
 -0.26393215169575041
 -0.26155504698837201
 -0.26365946596095885
 -0.26881634185452674
 -0.24630737291392818
 -0.21994438884707071
 -0.25608152580037796
 -0.24452113640146489
 -0.18660435025039987
 -0.21914282478943564
 -0.21384735940349348
 -0.22012266738254277
 -0.1859140045450608
 -0.14897324503869797
 -0.14751647304507165
 -0.051119623482234207
 -0.10203590601702929
 -0.059524217463466721
 -0.14592656976620405
 -0.14530723090356479
 0
 -0.050921211916894693
 -0.051073825759096803
 -0.051123886673961956
 0
 -0.099880328871355853
 -0.14525224686823279
 0
 -0.051123886673961949
 -0.0511196234822342
 -0.050921211916894693
 0
 -0.099880328871355853
 -0.14530723090356479
 -0.059524217463466714
 -0.10203590601702928
 -0.18660435025039987
 -0.14751647304507162
 -0.14897324503869794
 -0.14592656976620402
 -0.1859140045450608
 -0.21384735940349345
 -0.21914282478943561
 -0.24452113640146489
 -0.25608152580037796
 -0.22012266738254277


