# Created by Octave 5.1.0, Tue Feb 25 02:03:10 2020 GMT <unknown@Thomas-PC>
# name: u_sol
# type: matrix
# rows: 578
# columns: 1
 0.015821849787692854
 -0.01582184978769283
 0
 0
 1.3757160231668188e-17
 -0.059771381928942623
 0
 0.05977138192894263
 3.5354346769950186e-18
 0.010671052862812615
 8.6120145826599841e-18
 0.020770073121067184
 -0.010671052862812589
 -0.020770073121067167
 -0.039752395078894429
 -0.028943835982797959
 -0.060565031496199719
 -0.022420815504376804
 0
 4.2113447289557768e-19
 0
 0.022420815504376808
 0.060565031496199725
 0.028943835982797969
 0.039752395078894449
 0.013750005003238757
 0.015086977427579303
 0.021343448352731938
 1.1115545903562614e-17
 0.0077903940126806308
 0.0059420237816008607
 0.012806456354638722
 0.010456374627240545
 5.8984232188780768e-18
 -0.0059420237816008329
 -0.0077903940126806083
 -0.021343448352731918
 -0.015086977427579282
 -0.013750005003238731
 -0.01045637462724053
 -0.01280645635463871
 -0.026873030960378193
 -0.030524673316484965
 -0.044797700206020023
 -0.038938659975169508
 -0.051421369552858705
 -0.025893806294506119
 -0.014029625234385713
 -0.064192211861969675
 -0.045659195508614983
 -0.022390112368145386
 -0.038986219685899118
 -0.044717880388629339
 -0.028083769438132383
 -0.013278381827482338
 0
 -0.012274381844761432
 -1.0956537257792663e-18
 -0.0055960611992905956
 0
 -0.010323786660234724
 1.3610595920979845e-18
 0
 0.0055960611992905964
 0.022390112368145389
 0.012274381844761432
 0
 0.010323786660234724
 0.013278381827482342
 0.044717880388629346
 0.038986219685899125
 0.04479770020602003
 0.04565919550861499
 0.064192211861969689
 0.028083769438132386
 0.01402962523438572
 0.051421369552858719
 0.038938659975169515
 0.030524673316484983
 0.026873030960378214
 0.025893806294506133
 0.01486279119146855
 0.017192826597181188
 0.019020222708163618
 0.012580115663480395
 0.015057262397731646
 0.012399866145822166
 0.02200945689948676
 0.01836062725244595
 0.017896265850067119
 1.250560666902518e-17
 0.003359393602719897
 0.0030530707872349913
 0.004553757729825675
 0.0039059275979114443
 1.0023391025662805e-17
 0.0085089221659964964
 0.0066649486847155694
 0.0097675019195841272
 0.0067322509099137402
 0.0063582396269771932
 4.7872736892403685e-18
 0.01565937181947865
 0.01172513207071978
 0.01762695330965534
 7.4629605242728151e-18
 0.0058390777825453166
 0.0052193997062268032
 0.011544752104919198
 0.0091045725210138727
 0.01357583190737047
 -0.0030530707872349632
 -0.0033593936027198719
 -0.0097675019195841029
 -0.0066649486847155442
 -0.0085089221659964687
 -0.0039059275979114218
 -0.0045537577298256559
 -0.019020222708163594
 -0.017192826597181163
 -0.014862791191468524
 -0.017896265850067098
 -0.01836062725244593
 -0.022009456899486742
 -0.01239986614582214
 -0.015057262397731622
 -0.012580115663480371
 -0.0063582396269771819
 -0.0067322509099137307
 -0.0052193997062267867
 -0.0058390777825453027
 -0.017626953309655326
 -0.011725132070719766
 -0.015659371819478633
 -0.011544752104919178
 -0.013575831907370451
 -0.0091045725210138536
 -0.020760176945708152
 -0.024095610123254299
 -0.035163833950169684
 -0.029610806272894689
 -0.033332417580059066
 -0.025894870411350194
 -0.025734833782928686
 -0.052585218925186486
 -0.049357592982911799
 -0.056197351377643749
 -0.035029218380154964
 -0.042277259637630057
 -0.036816047143743098
 -0.045859717967430512
 -0.045264540582544852
 -0.04046208960702579
 -0.013607297985826666
 -0.006955905530076684
 -0.02349981616405027
 -0.019327054135799444
 -0.021338633935601432
 -0.020613891352319828
 -0.027769380013149537
 -0.034952026215494827
 -0.032456828565643595
 -0.029291129760343634
 -0.06289034761537847
 -0.054685434710115062
 -0.053570949340497616
 -0.055127541059167874
 -0.063549734049055631
 -0.045999130898793802
 -0.037347380582585139
 -0.015784487083128282
 -0.031415851398722876
 -0.02872917683796854
 -0.029945336692790633
 -0.031987200022843221
 -0.024008196585641652
 -0.054623903629917051
 -0.042440872232394185
 -0.049552506960916162
 -0.013932893694986553
 -0.006930595733213407
 -0.029062665479113778
 -0.021268558115546517
 -0.018619417145885685
 -0.020379171922939959
 -0.025881647035791201
 -0.043438047762961965
 -0.034113181546188531
 -0.03652491283677195
 0
 -0.011223622201295021
 -0.0062019554168445097
 -0.008361208313243591
 0
 -0.016611679758861124
 -0.017801857634851967
 -3.1175780813429361e-19
 -0.0013874327825186379
 0
 -0.0039819474847053674
 -0.0027366661986690834
 -4.8062720325309177e-19
 0
 -0.0028381280782849238
 -0.0044127405727710624
 -0.0065679924345446866
 2.328850499133502e-18
 -0.016010124610774876
 -0.012062213292573601
 7.7600875361615834e-19
 -0.0059376270572712398
 -0.0050646283080687847
 -0.0087109937868257142
 -0.0081339972856972146
 -0.012650649923495745
 0
 0.0013874327825186363
 0.0044127405727710633
 0.0028381280782849225
 0
 0.0027366661986690825
 0.0039819474847053674
 0.015784487083128282
 0.01122362220129502
 0
 0.01780185763485197
 0.016611679758861124
 0.024008196585641652
 0
 0.008361208313243591
 0.0062019554168445115
 0.0065679924345446892
 0.0069305957332134122
 0.0050646283080687856
 0.0059376270572712416
 0.018619417145885688
 0.012062213292573601
 0.016010124610774876
 0.0087109937868257159
 0.012650649923495743
 0.0081339972856972129
 0.028729176837968544
 0.031415851398722883
 0.049552506960916162
 0.042440872232394185
 0.054623903629917057
 0.031987200022843221
 0.029945336692790637
 0.052585218925186493
 0.054685434710115069
 0.062890347615378484
 0.037347380582585146
 0.045999130898793809
 0.036816047143743105
 0.063549734049055645
 0.055127541059167881
 0.053570949340497623
 0.013932893694986558
 0.0069559055300766909
 0.025881647035791204
 0.020379171922939962
 0.021338633935601439
 0.021268558115546524
 0.029062665479113785
 0.043438047762961972
 0.036524912836771957
 0.034113181546188531
 0.056197351377643763
 0.049357592982911813
 0.040462089607025804
 0.045264540582544865
 0.045859717967430526
 0.042277259637630071
 0.035029218380154978
 0.02409561012325432
 0.020760176945708177
 0.025734833782928703
 0.025894870411350215
 0.033332417580059087
 0.02961080627289471
 0.035163833950169705
 0.013607297985826676
 0.027769380013149544
 0.020613891352319839
 0.019327054135799458
 0.023499816164050284
 0.034952026215494841
 0.029291129760343648
 0.032456828565643601
 -0.25939342946491228
 -0.25939342946491228
 0
 0
 -0.27271138518708143
 -0.18366455145366822
 0
 -0.18366455145366825
 -0.18650021658220156
 -0.27166409860949903
 -0.2475769264546559
 -0.24706986187600097
 -0.27166409860949903
 -0.24706986187600094
 -0.23631140014989002
 -0.18693291736959117
 -0.10924391493255102
 -0.10041687113084644
 0
 -0.10000547700348097
 0
 -0.10041687113084645
 -0.10924391493255102
 -0.18693291736959117
 -0.23631140014989005
 -0.26725184219693049
 -0.2644921269891044
 -0.26080449719072329
 -0.26543658525636421
 -0.26553026920246858
 -0.2731979352947288
 -0.22077219000056941
 -0.24759206962657876
 -0.2207685831887459
 -0.27319793529472874
 -0.26553026920246858
 -0.26080449719072329
 -0.26449212698910435
 -0.26725184219693049
 -0.24759206962657876
 -0.22077219000056941
 -0.25226295663455739
 -0.24433489754056509
 -0.18713541720573482
 -0.21941619700941123
 -0.21320163060733791
 -0.22083572199193086
 -0.18634486843549622
 -0.14952224574446121
 -0.14799289366510321
 -0.051685603177419506
 -0.10243772644525904
 -0.061645858690136272
 -0.14632740610910813
 -0.14562194328215577
 0
 -0.051062701764691069
 -0.051249912492825005
 -0.05122038021178691
 0
 -0.10010310384653545
 -0.14544843088398937
 0
 -0.05122038021178691
 -0.051685603177419506
 -0.051062701764691069
 0
 -0.10010310384653545
 -0.1456219432821558
 -0.061645858690136272
 -0.10243772644525904
 -0.18713541720573482
 -0.14799289366510321
 -0.14952224574446124
 -0.14632740610910813
 -0.18634486843549622
 -0.21320163060733791
 -0.21941619700941126
 -0.24433489754056512
 -0.25226295663455739
 -0.22083572199193088
 -0.26359789834498099
