# Created by Octave 5.1.0, Tue Feb 25 02:06:54 2020 GMT <unknown@Thomas-PC>
# name: u_sol
# type: matrix
# rows: 2178
# columns: 1
 0.013585410907942378
 -0.013585410907942326
 0
 0
 2.5211611652742591e-17
 -0.060651686565356126
 0
 0.06065168656535614
 6.3958172273295296e-18
 0.010033682573603169
 1.5554944957114697e-17
 0.020972798453412777
 -0.010033682573603117
 -0.020972798453412746
 -0.03987511535366247
 -0.029271031384320922
 -0.061555243644878445
 -0.022821277447739628
 0
 -2.0854028051799077e-18
 0
 0.022821277447739628
 0.061555243644878452
 0.029271031384320932
 0.039875115353662498
 0.012332056451112371
 0.01489934429540573
 0.021037907704800587
 2.0426386346910888e-17
 0.0077396139682762519
 0.0057199023677611035
 0.013018079570424862
 0.010587343252084722
 1.0784734561800923e-17
 -0.0057199023677610532
 -0.0077396139682762112
 -0.021037907704800546
 -0.01489934429540569
 -0.012332056451112319
 -0.010587343252084691
 -0.013018079570424839
 -0.026408180055135021
 -0.030771435172275152
 -0.045301208370478969
 -0.039444345758991098
 -0.051861427967116833
 -0.026269277662641498
 -0.014194438651814594
 -0.064917758774632836
 -0.046229148114060509
 -0.023141473019205418
 -0.039702514733175029
 -0.04599805928384143
 -0.028461239802796103
 -0.013431990641824796
 0
 -0.012537809494900527
 -1.3100929676634598e-18
 -0.0056904996152600876
 0
 -0.01047901652919148
 1.5308592797135158e-18
 0
 0.005690499615260085
 0.023141473019205418
 0.012537809494900526
 0
 0.010479016529191478
 0.013431990641824799
 0.045998059283841437
 0.039702514733175029
 0.045301208370478976
 0.046229148114060516
 0.06491775877463285
 0.02846123980279611
 0.014194438651814606
 0.051861427967116853
 0.039444345758991119
 0.030771435172275183
 0.026408180055135063
 0.026269277662641519
 0.012963028171791102
 0.016411345977671188
 0.018094514015957963
 0.012145076569826923
 0.014449315886687891
 0.011421549015767852
 0.022037611033178573
 0.018106532270524563
 0.017929113680668053
 2.2903268962302773e-17
 0.0033078335742049939
 0.0029658616957423519
 0.0045948520691933828
 0.0039006739537299638
 1.7788682602154454e-17
 0.0081152529763919099
 0.0065135836223864799
 0.0094869055616000099
 0.0068554058421118934
 0.0064821089631472003
 8.3588468736529828e-18
 0.015827741104446107
 0.011911836680890216
 0.017880123460337127
 1.3244994542226662e-17
 0.0059475942770797581
 0.0052996710193490542
 0.011428761194649925
 0.0091535883794481628
 0.013617768321218929
 -0.0029658616957423016
 -0.003307833574204948
 -0.0094869055615999631
 -0.0065135836223864339
 -0.0081152529763918596
 -0.0039006739537299231
 -0.0045948520691933472
 -0.018094514015957918
 -0.016411345977671143
 -0.01296302817179105
 -0.017929113680668018
 -0.018106532270524521
 -0.022037611033178538
 -0.0114215490157678
 -0.014449315886687844
 -0.012145076569826876
 -0.0064821089631471795
 -0.0068554058421118769
 -0.005299671019349023
 -0.0059475942770797312
 -0.0178801234603371
 -0.01191183668089019
 -0.015827741104446076
 -0.011428761194649886
 -0.013617768321218892
 -0.0091535883794481264
 -0.019695736291719387
 -0.023742972000417778
 -0.035381268556539842
 -0.029601146408995114
 -0.033220915812522171
 -0.025917512583565328
 -0.025968386557823332
 -0.053225007210047894
 -0.049962766887068404
 -0.056785944855302743
 -0.035500036036307456
 -0.042829935797149034
 -0.037225253820195377
 -0.046155760159914662
 -0.045774415254854053
 -0.040844647200062159
 -0.013809031354686276
 -0.0070366680064031465
 -0.023816687231693234
 -0.019619375447439982
 -0.021585691357667778
 -0.020900858686425453
 -0.028147924472509089
 -0.035354417738055054
 -0.032909600979272743
 -0.02966374098734282
 -0.063600512809800988
 -0.055282333063458651
 -0.054321471786833483
 -0.055770009883535719
 -0.064381767597879141
 -0.046522193144647554
 -0.037790641173522738
 -0.016776769781867654
 -0.032453795711205914
 -0.030070690837859203
 -0.030498501980043721
 -0.032752681373595958
 -0.02455830630150882
 -0.055784311215177393
 -0.043461327036144679
 -0.050446560055318931
 -0.01408376406234728
 -0.006970289411665471
 -0.029417276475311688
 -0.021525956596773754
 -0.018893766056935879
 -0.020646820473727175
 -0.026278793105197665
 -0.044079317171887095
 -0.034632818328896753
 -0.03700378460798058
 0
 -0.011620866264215655
 -0.0063333300088979057
 -0.0085783110070605569
 0
 -0.017047613499479853
 -0.018162557915995716
 -7.7884565436964445e-19
 -0.0014121401719501463
 0
 -0.0040431664536785599
 -0.0027819373017790197
 -1.7296517436231938e-18
 0
 -0.0028869448738646796
 -0.0044940367897349709
 -0.0066215223272573466
 4.0130306515249056e-18
 -0.016275005389318229
 -0.012222654656091118
 -5.4938626105018629e-19
 -0.0060040713546904113
 -0.0051338144797905012
 -0.0088722517709030491
 -0.0082663221268961008
 -0.012877704719317521
 0
 0.0014121401719501435
 0.0044940367897349683
 0.0028869448738646762
 0
 0.0027819373017790162
 0.0040431664536785565
 0.016776769781867654
 0.011620866264215655
 0
 0.018162557915995716
 0.017047613499479853
 0.024558306301508816
 0
 0.0085783110070605552
 0.006333330008897904
 0.00662152232725735
 0.0069702894116654779
 0.0051338144797904986
 0.0060040713546904113
 0.018893766056935879
 0.012222654656091118
 0.016275005389318229
 0.0088722517709030457
 0.012877704719317519
 0.0082663221268960974
 0.030070690837859206
 0.032453795711205921
 0.050446560055318938
 0.043461327036144685
 0.0557843112151774
 0.032752681373595958
 0.030498501980043721
 0.053225007210047907
 0.055282333063458665
 0.063600512809801002
 0.037790641173522745
 0.046522193144647568
 0.037225253820195391
 0.064381767597879155
 0.055770009883535726
 0.05432147178683349
 0.014083764062347287
 0.0070366680064031586
 0.026278793105197668
 0.020646820473727179
 0.021585691357667788
 0.021525956596773761
 0.029417276475311699
 0.044079317171887095
 0.03700378460798058
 0.03463281832889676
 0.056785944855302757
 0.049962766887068424
 0.04084464720006218
 0.045774415254854074
 0.04615576015991469
 0.042829935797149048
 0.03550003603630747
 0.02374297200041782
 0.019695736291719432
 0.025968386557823363
 0.025917512583565363
 0.033220915812522206
 0.029601146408995149
 0.035381268556539877
 0.013809031354686294
 0.028147924472509106
 0.020900858686425466
 0.019619375447440007
 0.023816687231693258
 0.035354417738055074
 0.029663740987342844
 0.032909600979272764
 0.013270182588077663
 0.015453739181048932
 0.015970878552441271
 0.014285188877175659
 0.014897032810471441
 0.012664053303459048
 0.019797674952080842
 0.017281611769842324
 0.018674497349549245
 0.01097904100848284
 0.011956948524626873
 0.010793610211800909
 0.014885297306065944
 0.013341938148331319
 0.013468344867632157
 0.011927823386402031
 0.012828746106490053
 0.013600972773469855
 0.021765715027803712
 0.02001119350947719
 0.019463306029188263
 0.019605689915492799
 0.020056169447979669
 0.021790886267224124
 0.016397707182154293
 0.018257959164603509
 0.016537573312144754
 0.015470345024516857
 0.01622425190010951
 0.017486041676244193
 2.4056436870330576e-17
 0.0015493726074855072
 0.0014970500489884611
 0.0017941478100999531
 0.0016560224571409137
 2.1728824663429998e-17
 0.004379064298368842
 0.0030916066140313898
 0.0045960977613251127
 0.0024758357237783441
 0.0022985783293747045
 1.6705521882109218e-17
 0.0058337203470369883
 0.0042415395000470106
 0.0063488097685062903
 1.916182096752675e-17
 0.0021223528653120253
 0.0019521946315303202
 0.0091394482186366675
 0.0087036941761353317
 0.009893557605885072
 0.0060430560411639132
 0.0074166761722763205
 0.0069708056964709842
 0.0087787309989034012
 0.0080354293523670021
 0.0070901961845738753
 0.0035843588073313465
 0.005354591876631557
 0.0049329604340891233
 0.0034705876897485012
 0.0034164662969679606
 7.4659380167804146e-18
 0.0097421263220355304
 0.0066913762899035133
 0.010063827007524914
 9.4708549464501679e-18
 0.0033380703182901302
 0.0032359501896966985
 0.018415557910170851
 0.016883709446873917
 0.019669280849249855
 0.011270398814839055
