# Created by Octave 5.1.0, Thu Mar 19 15:42:22 2020 GMT <unknown@Thomas-PC>
# name: contactConvergence
# type: matrix
# rows: 101
# columns: 1
 6.9680523964433663
 0.00092484511027765418
 0.00069363383270824072
 0.00052022537453118051
 0.00048771128862298179
 0.00047247031085351357
 0.0017988006931185761
 0.00092217048413315776
 0.00069162786309986827
 0.00051872089732490131
 0.00048630084124209498
 0.00047870239059768713
 0.0017926659896204055
 0.00070278563930023779
 0.00052708922947517823
 0.00049414615263297971
 0.00047870408536319887
 0.0017926643213356051
 0.00070278712553014972
 0.00052709034414761234
 0.00049414719763838679
 0.0004787050977121872
 0.0017926633248045694
 0.00070278801331275843
 0.00052709100998456877
 0.0004941478218605332
 0.00047870570242739154
 0.0017926627295380404
 0.00070278854361964667
 0.00052709140771473495
 0.00049414819473256387
 0.00047870606364717154
 0.0017926623739623194
 0.00070278886039246103
 0.00052709164529434567
 0.00049414841746344914
 0.00047870627941771647
 0.0017926621615631892
 0.00070278904961311483
 0.0005270917872098362
 0.00049414855050922135
 0.00047870640830580818
 0.0017926620346889739
 0.00070278916264193008
 0.0005270918719814477
 0.00049414862998260701
 0.00047870648529565042
 0.001792661958902098
 0.00070278923015841316
 0.00052709192261880973
 0.00049414867745513401
 0.00047870653128466103
 0.0017926619136316652
 0.00070278927048861902
 0.00052709195286646416
 0.00049414870581231021
 0.00047870655875567554
 0.0017926618865898858
 0.00070278929457941153
 0.0005270919709345586
 0.00049414872275114878
 0.00047870657516517522
 0.0017926618704367844
 0.00070278930896977359
 0.00052709198172733
 0.00049414873286937188
 0.00047870658496720409
 0.0017926618607879126
 0.00070278931756569314
 0.00052709198817426988
 0.00049414873891337821
 0.00047870659082233498
 0.0017926618550242676
 0.00070278932270036848
 0.0005270919920252762
 0.00049414874252369642
 0.000478706594319831
 0.0017926618515814205
 0.00070278932576750867
 0.00052709199432563164
 0.00049414874468027938
 0.00047870659640902066
 0.0017926618495248744
 0.00070278932759962971
 0.00052709199569972236
 0.00049414874596848959
 0.00047870659765697406
 0.0017926618482964195
 0.00070278932869402642
 0.00052709199652052
 0.00049414874673798744
 0.00047870659840242534
 0.0017926618475626163
 0.00070278932934775263
 0.00052709199701081433
 0.00049414874719763853
 0.00047870659884771249
 0.001792661847124287
 0.0007027893297382481
 0.00052709199730368618
 0.00049414874747220569


