# Created by Octave 5.1.0, Fri Feb 21 14:25:23 2020 GMT <unknown@DESKTOP-8DF2H9O>
# name: contactConvergence
# type: matrix
# rows: 2
# columns: 1
 5.0828968899454949
 1.2785428548203785e-19


