# Created by Octave 5.1.0, Sat Feb 15 03:58:34 2020 GMT <unknown@Thomas-PC>
# name: contactConvergence
# type: matrix
# rows: 6
# columns: 1
 5.8037855422477929
 5.4410322625662584
 4.7609032297454759
 4.6607725184359037
 0.00080517660537372663
 1.6263032587282567e-19


