# Created by Octave 5.1.0, Sat Feb 15 03:27:14 2020 GMT <unknown@Thomas-PC>
# name: contactConvergence
# type: matrix
# rows: 3
# columns: 1
 3.0359180484040778
 0.012495315333350803
 2.9030071526649079e-18


