# Created by Octave 5.1.0, Sat Feb 15 03:16:53 2020 GMT <unknown@Thomas-PC>
# name: contactConvergence
# type: matrix
# rows: 2
# columns: 1
 1.2264373848794548
 2.4913069205422438e-18


