# Created by Octave 5.1.0, Sat Feb 15 03:16:53 2020 GMT <unknown@Thomas-PC>
# name: equilibriumConvergence
# type: matrix
# rows: 2
# columns: 1
 3.826877795429771
 5.9366504635651936e-15


