# Created by Octave 5.1.0, Fri Feb 21 14:25:23 2020 GMT <unknown@DESKTOP-8DF2H9O>
# name: equilibriumConvergence
# type: matrix
# rows: 2
# columns: 1
 1.192398963832259
 8.4795402687256975e-12


