# Created by Octave 5.1.0, Sat Feb 15 03:16:36 2020 GMT <unknown@Thomas-PC>
# name: equilibriumConvergence
# type: matrix
# rows: 2
# columns: 1
 7.6376261582597316
 2.9167235933272752e-15


