# Created by Octave 5.1.0, Thu Mar 19 15:42:22 2020 GMT <unknown@Thomas-PC>
# name: equilibriumConvergence
# type: matrix
# rows: 101
# columns: 1
 0.82595338160399534
 1.0619481056437374e-11
 1.6362824866706582e-11
 1.4000679505426361e-11
 1.411279302742812e-11
 1.4416346517843903e-11
 1.4612988142899165e-11
 9.2504918251834927e-12
 1.3783363712204387e-11
 1.6308315467218758e-11
 1.5382580715823054e-11
 1.533540883963722e-11
 1.5150699431766757e-11
 9.9592531886805719e-12
 9.2954499929557105e-12
 8.9824225126740745e-12
 8.9591180711866598e-12
 8.937713352953909e-12
 7.6018889143252267e-12
 5.7594620433925299e-12
 6.35810104149285e-12
 6.6986860757896992e-12
 6.7425026126729033e-12
 6.5057239353410878e-12
 5.5044066828373025e-12
 5.7697054915770406e-12
 5.866410674594922e-12
 6.0297436616928973e-12
 7.2161357902780485e-12
 3.7961651434995119e-12
 4.1614264272095435e-12
 4.384764460429435e-12
 4.4753173720292851e-12
 4.0407078841061329e-12
 5.4692326388218007e-12
 5.3690464937975223e-12
 5.4431552426456932e-12
 5.3874145476192609e-12
 7.8353112605487871e-12
 4.2653151567803295e-12
 5.2540028178804945e-12
 5.7014219384040309e-12
 5.7189168147366215e-12
 6.5289026304198753e-12
 6.9001869954475224e-12
 6.2157419527875032e-12
 6.0723756947404419e-12
 5.972197554064432e-12
 1.1493694883776268e-11
 6.9631457909126409e-12
 5.9745061740032239e-12
 5.6644835608027839e-12
 5.5925756347287748e-12
 6.8178401844669069e-12
 6.7899660559313953e-12
 6.6903709440346263e-12
 7.0614176798830615e-12
 7.1014708767175187e-12
 5.7231094465660097e-12
 5.2660652019091854e-12
 5.0479228463675884e-12
 4.6875012805762966e-12
 4.6839484826992057e-12
 8.05852962406271e-12
 8.4743595979521468e-12
 8.0698627847063846e-12
 8.0599090942501141e-12
 8.062290034142007e-12
 9.6208362344309999e-12
 6.5713699794321804e-12
 6.4735162487957845e-12
 6.6416407926482881e-12
 6.6493526709499037e-12
 6.6763810670778575e-12
 6.6371495150025424e-12
 6.476127040234179e-12
 6.3084361616922811e-12
 6.0706299280428371e-12
 1.0314940589392168e-11
 9.7774560993206173e-12
 9.5040348973713257e-12
 9.2756581980569465e-12
 9.1490398580463221e-12
 1.4760349398047871e-11
 7.7422216545526569e-12
 7.0397834235123626e-12
 6.6978303258301619e-12
 6.4405119000353748e-12
 6.4792436037373719e-12
 6.5768789014264175e-12
 6.842014279420157e-12
 6.8247786474224741e-12
 6.9312987327064942e-12
 5.1830201178363884e-12
 6.0086371729847575e-12
 6.0635969561694305e-12
 6.1297277167016961e-12
 6.3484024548082996e-12
 5.2451753567783919e-12
 9.7468029324570612e-12
 9.6937981117485556e-12


