# Created by Octave 5.1.0, Sat Feb 15 03:27:14 2020 GMT <unknown@Thomas-PC>
# name: equilibriumConvergence
# type: matrix
# rows: 3
# columns: 1
 2.6787025154052904
 1.1012592235325394e-14
 1.0479844283348821e-14


