# Created by Octave 5.1.0, Sat Feb 15 03:58:34 2020 GMT <unknown@Thomas-PC>
# name: equilibriumConvergence
# type: matrix
# rows: 6
# columns: 1
 2.5311585483729204
 2.3729611390996119
 2.0763409967121622
 2.0114553405649103
 1.8758108880243316e-14
 1.8527632973272097e-14


