# Created by Octave 5.1.0, Sat Feb 15 03:16:39 2020 GMT <unknown@Thomas-PC>
# name: equilibriumConvergence
# type: matrix
# rows: 2
# columns: 1
 5.8310305054858143
 4.5271865642521653e-15


