# Created by Octave 5.1.0, Sat Feb 15 03:16:39 2020 GMT <unknown@Thomas-PC>
# name: lambda_sol
# type: matrix
# rows: 5
# columns: 1
 0
 -1.0997737033835477
 -16.25353634790271
 -1.0997737033835504
 0


