# Created by Octave 5.1.0, Sat Feb 15 03:16:53 2020 GMT <unknown@Thomas-PC>
# name: lambda_sol
# type: matrix
# rows: 9
# columns: 1
 0
 0
 0
 -15.776863072423238
 -10.738850728664112
 -15.776863072423239
 0
 0
 0


