# Created by Octave 5.1.0, Sat Feb 15 03:27:14 2020 GMT <unknown@Thomas-PC>
# name: lambda_sol
# type: matrix
# rows: 17
# columns: 1
 0
 0
 0
 0
 -31.22487201823915
 -3.4536615089527665
 -7.7309176476137935
 -7.9808355889771363
 -7.8787360732531102
 -7.980835588977147
 -7.7309176476137926
 -3.4536615089527807
 -31.224872018239171
 0
 0
 0
 0


