# Created by Octave 5.1.0, Sat Feb 15 03:58:34 2020 GMT <unknown@Thomas-PC>
# name: lambda_sol
# type: matrix
# rows: 33
# columns: 1
 0
 0
 0
 0
 0
 0
 0
 0
 -26.8534021924055
 -12.994380376421017
 -10.68823514371809
 -9.7519299363693452
 -9.2605434077675426
 -8.9717049554908712
 -8.8009311724021462
 -8.7200138989772125
 -8.6759416447469953
 -8.7200138989772107
 -8.8009311724021533
 -8.9717049554908677
 -9.2605434077675444
 -9.7519299363693506
 -10.688235143718089
 -12.994380376421015
 -26.853402192405511
 0
 0
 0
 0
 0
 0
 0
 0


