# Created by Octave 5.1.0, Fri Feb 21 14:25:23 2020 GMT <unknown@DESKTOP-8DF2H9O>
# name: lambda_sol
# type: matrix
# rows: 65
# columns: 1
 0
 0
 0
 0
 0
 0
 0
 0
 0
 0
 0
 0
 0
 0
 0
 -36.882691448672574
 -16.940514680714291
 -13.387189566294927
 -11.819771394372125
 -10.91313179576712
 -10.311914113188864
 -9.8837605421123591
 -9.5662055968463964
 -9.3246934640775319
 -9.1381009555497332
 -8.9926944886909741
 -8.8791990144096538
 -8.7912203659114958
 -8.7243511204966371
 -8.6756932812999956
 -8.6437749222436242
 -8.6293855630140275
 -8.5935620834034854
 -8.6293855630157488
 -8.6437749222470757
 -8.6756932813050707
 -8.7243511205032096
 -8.7912203659193136
 -8.8791990144185249
 -8.9926944887006712
 -9.1381009555600823
 -9.3246934640884458
 -9.5662055968578859
 -9.8837605421245502
 -10.311914113202013
 -10.913131795781652
 -11.819771394388782
 -13.387189566315167
 -16.940514680742194
 -36.88269144874014
 0
 0
 0
 0
 0
 0
 0
 0
 0
 0
 0
 0
 0
 0
 0


