# Created by Octave 5.1.0, Thu Mar 19 15:42:22 2020 GMT <unknown@Thomas-PC>
# name: lambda_sol
# type: matrix
# rows: 129
# columns: 1
 0
 0
 0
 0
 0
 0
 0
 0
 0
 0
 0
 0
 0
 0
 0
 0
 0
 0
 0
 0
 0
 0
 0
 0
 0
 0
 0
 0
 -68.491673955829597
 -12.430540454942973
 -15.506729147175854
 -14.16676529553594
 -13.097916736535558
 -12.288801068043627
 -11.664730068969524
 -11.1719207648168
 -10.774660201738593
 -10.448860633816256
 -10.177807915940848
 -9.9495797886623052
 -9.7554599425906812
 -9.5889364865419218
 -9.4450511622064894
 -9.3199651748511112
 -9.2106625465630945
 -9.1147430136069669
 -9.0302745862910356
 -8.9556867082153868
 -8.8896915840164397
 -8.8312254051321002
 -8.7794038689407738
 -8.7334881292269895
 -8.6928584772479489
 -8.6569938421431427
 -8.6254557487549537
 -8.5978757664980723
 -8.5739457870037619
 -8.5534107377107595
 -8.5360636538784433
 -8.5217435729280755
 -8.5103380264227813
 -8.5017960098070411
 -8.4961736672660582
 -8.4938240950897441
 -8.4714352058065288
 -8.4938240950895825
 -8.4961736672657224
 -8.5017960098065384
 -8.5103380264221045
 -8.5217435729272193
 -8.5360636538774024
 -8.5534107377095161
 -8.5739457870023585
 -8.5978757664964078
 -8.6254557487530725
 -8.6569938421410164
 -8.6928584772455562
 -8.7334881292243072
 -8.7794038689377807
 -8.8312254051287589
 -8.8896915840127164
 -8.9556867082112408
 -9.0302745862864118
 -9.1147430136018102
 -9.210662546557332
 -9.3199651748446648
 -9.4450511621992597
 -9.5889364865337985
 -9.7554599425815276
 -9.9495797886519597
 -10.177807915929117
 -10.448860633802914
 -10.774660201723361
 -11.171920764799353
 -11.664730068949453
 -12.288801068020414
 -13.097916736508504
 -14.166765295503945
 -15.506729147136751
 -12.430540454890348
 -68.491673955710553
 0
 0
 0
 0
 0
 0
 0
 0
 0
 0
 0
 0
 0
 0
 0
 0
 0
 0
 0
 0
 0
 0
 0
 0
 0
 0
 0
 0


