# Created by Octave 5.1.0, Sat Feb 15 03:16:36 2020 GMT <unknown@Thomas-PC>
# name: u_sol
# type: matrix
# rows: 18
# columns: 1
 -0.030258830647469374
 0.030258830647469467
 0
 0
 4.4637116216920398e-17
 -0.02939047852445691
 0
 0.029390478524456962
 2.569189047843584e-17
 -0.22819435252016693
 -0.2281943525201669
 0
 0
 0.0098076211353316199
 -0.16472382469430266
 0
 -0.16472382469430269
 -0.13959431952983267


