# Created by Octave 5.1.0, Sat Feb 15 03:16:39 2020 GMT <unknown@Thomas-PC>
# name: u_sol
# type: matrix
# rows: 50
# columns: 1
 0.0060720076894739093
 -0.0060720076894740238
 0
 0
 -6.3432129261629189e-17
 -0.038843438726637904
 0
 0.038843438726637827
 -4.0974486310623563e-17
 0.0014733009851335133
 -5.6968882114057243e-17
 -0.0046481560661661599
 -0.0014733009851336364
 0.0046481560661660454
 -0.0087691792508989338
 -0.015778296752104154
 -0.053863612961694798
 -0.020063364961866399
 0
 -2.7742092947075419e-17
 0
 0.020063364961866347
 0.053863612961694743
 0.015778296752104071
 0.0087691792508988262
 -0.29534700534127128
 -0.29534700534127128
 0
 0
 -0.099999999999999978
 -0.21311459879249184
 0
 -0.21311459879249184
 -0.199723022444839
 -0.25000000000000006
 -0.19098425797188162
 -0.25395325472220204
 -0.25
 -0.25395325472220204
 -0.27088271782133883
 -0.21477749182764838
 -0.13675441829844129
 -0.12641982993363166
 0
 -0.11894248209753383
 0
 -0.12641982993363168
 -0.13675441829844126
 -0.21477749182764841
 -0.27088271782133883


