# Created by Octave 5.1.0, Sat Feb 15 03:16:53 2020 GMT <unknown@Thomas-PC>
# name: u_sol
# type: matrix
# rows: 162
# columns: 1
 0.02418131441482204
 -0.024181314414822054
 0
 0
 -6.6152874943490516e-18
 -0.028376605054653677
 0
 0.028376605054653694
 1.1923513303610534e-17
 0.023483342765654152
 -8.9093980625620939e-19
 -0.01276856673167602
 -0.023483342765654169
 0.012768566731676024
 -0.00073360988195681452
 -0.0062534178216234765
 -0.051571100561330928
 -0.018879062639150162
 0
 1.0165205610229678e-17
 0
 0.018879062639150172
 0.051571100561330942
 0.0062534178216234991
 0.00073360988195681973
 0.023738622942804939
 -0.0081908806212263926
 -0.0024756000645352475
 -4.1772951880518252e-18
 -0.009104366044716641
 0.026772109424486087
 -0.0066246150571344919
 -0.011546429169220839
 7.6145595814603933e-18
 -0.026772109424486105
 0.0091043660447166323
 0.0024756000645352453
 0.0081908806212263874
 -0.023738622942804953
 0.011546429169220846
 0.0066246150571345093
 -0.0030385025856415841
 0.0074486026733838846
 -0.016470926301198344
 -0.0013441922470186062
 -0.01167932101593528
 0.0055635942040044347
 -0.00035434551572657673
 -0.042703931294988971
 -0.028602017635641335
 -0.024889987715261054
 -0.034067571929261214
 -0.045749616156461892
 -0.015639903055469098
 -0.0067832182132970993
 0
 -0.013410889576913641
 6.289838803819725e-18
 -0.0058374904242681188
 0
 -0.0083279361652179584
 9.6388129996392407e-18
 0
 0.0058374904242681335
 0.024889987715261054
 0.013410889576913644
 0
 0.0083279361652179723
 0.0067832182132971167
 0.045749616156461906
 0.034067571929261228
 0.016470926301198365
 0.028602017635641352
 0.042703931294988992
 0.015639903055469116
 0.00035434551572660015
 0.011679321015935294
 0.0013441922470186218
 -0.0074486026733838777
 0.0030385025856415823
 -0.0055635942040044156
 -0.29357800869777889
 -0.29357800869777895
 0
 0
 -0.10000000000000001
 -0.2036972545595031
 0
 -0.2036972545595031
 -0.18779019932818272
 -0.22190430007048284
 -0.17336512773665752
 -0.22768371148755945
 -0.22190430007048284
 -0.22768371148755945
 -0.26203731823580834
 -0.20054483409511675
 -0.12924801029206437
 -0.12194224955588238
 0
 -0.11654187692688307
 0
 -0.12194224955588238
 -0.1292480102920644
 -0.20054483409511675
 -0.26203731823580828
 -0.26968340015746461
 -0.22662362803986272
 -0.26545993628025549
 -0.13676017349134417
 -0.15776929798126516
 -0.10000000000000001
 -0.19826552938647166
 -0.1882337321299814
 -0.19057994701285966
 -0.099999999999999978
 -0.15776929798126516
 -0.26545993628025549
 -0.22662362803986272
 -0.26968340015746461
 -0.1882337321299814
 -0.19826552938647166
 -0.28287743299835794
 -0.25444032819459783
 -0.20914895224824107
 -0.23606768809185485
 -0.23527910774284871
 -0.22019857570374218
 -0.18884223243338383
 -0.17047375852993041
 -0.17346051744251931
 -0.066240759286221029
 -0.12646205977623476
 -0.076516762501930999
 -0.16792947047116305
 -0.16158654137181711
 0
 -0.064500362474883027
 -0.062471508470990887
 -0.063418607380764394
 0
 -0.11842724536077455
 -0.15932080864677017
 0
 -0.063418607380764408
 -0.066240759286221029
 -0.064500362474883027
 0
 -0.11842724536077455
 -0.16158654137181711
 -0.076516762501930999
 -0.12646205977623476
 -0.20914895224824107
 -0.17346051744251931
 -0.17047375852993041
 -0.16792947047116305
 -0.18884223243338383
 -0.23527910774284869
 -0.23606768809185485
 -0.25444032819459783
 -0.28287743299835794
 -0.22019857570374216


