# Created by Octave 5.1.0, Sat Feb 15 03:27:14 2020 GMT <unknown@Thomas-PC>
# name: u_sol
# type: matrix
# rows: 578
# columns: 1
 0.016506080080798423
 -0.016506080080798676
 0
 0
 -1.3820627556699507e-16
 -0.016035978314715447
 0
 0.016035978314715326
 -4.4846730837211757e-17
 0.026127222200792943
 -1.0464486227399795e-16
 -0.016006475334972212
 -0.026127222200793231
 0.016006475334972028
 0.016712683339360945
 -0.0030012208957136766
 -0.045377446187166437
 -0.017553373832858848
 0
 -1.0878086058649391e-17
 0
 0.017553373832858817
 0.045377446187166375
 0.0030012208957135751
 -0.016712683339361125
 0.018906497180774525
 -0.012989054240764873
 -0.017630688921665555
 -1.299183478220321e-16
 -0.00068176102356119284
 0.0022728345875970279
 -0.0044412289856298071
 -0.0061853711302509067
 -6.9851903826389832e-17
 -0.0022728345875972951
 0.00068176102356094434
 0.017630688921665336
 0.012989054240764662
 -0.018906497180774761
 0.0061853711302507081
 0.0044412289856296605
 0.013669955653821024
 0.020590708953308404
 -0.0082468888860563593
 0.0086255511671691869
 0.0032700448724499714
 0.0084582223486310421
 -0.00077164501626795243
 -0.03391751691027773
 -0.023084403813689171
 -0.0242990459431176
 -0.0307443016734304
 -0.042304009054386679
 -0.013204711948005954
 -0.0058529356393889134
 0
 -0.013035927866664633
 -1.5407721223713223e-18
 -0.0056796442593685026
 0
 -0.0077958639267488731
 -2.4260902847939412e-17
 0
 0.0056796442593684956
 0.024299045943117579
 0.01303592786666462
 0
 0.0077958639267488505
 0.0058529356393888614
 0.042304009054386645
 0.030744301673430348
 0.0082468888860562466
 0.023084403813689092
 0.03391751691027764
 0.013204711948005887
 0.00077164501626785908
 -0.0032700448724501249
 -0.0086255511671693291
 -0.020590708953308584
 -0.013669955653821226
 -0.0084582223486311843
 0.017060755299469911
 -0.0052639275120302566
 -0.0034561664760998229
 -0.0033534215763983298
 -0.0069235622945296631
 0.019982264138598119
 -0.020892761134330095
 -0.017674093019238155
 -0.016364318737464575
 -1.3805630224112986e-16
 0.0007952076035080604
 0.00099306185517858501
 -0.0017600417116556198
 -0.00031493429254100515
 -1.1919644479397282e-16
 0.0042205648000127501
 0.0021649348190394364
 0.006552719115303118
 -0.0011632239339350837
 -0.0022412970507969254
 -5.7445986635459807e-17
 -0.010641387900589839
 -0.0060013287083940676
 -0.0094947072961458438
 -8.8482064092471385e-17
 -0.0028606653151308356
 -0.0027536143991243474
 -0.0035882260587343567
 -0.0044277906290537943
 -0.0090736045198091912
 -0.0009930618551788617
 -0.00079520760350832885
 -0.0065527191153033756
 -0.0021649348190397018
 -0.0042205648000130207
 0.00031493429254075058
 0.0017600417116553834
 0.0034561664760995835
 0.0052639275120300155
 -0.017060755299470157
 0.01636431873746438
 0.017674093019237943
 0.020892761134329897
 -0.019982264138598375
 0.0069235622945294411
 0.0033534215763980921
 0.0022412970507967832
 0.0011632239339349677
 0.0027536143991241393
 0.0028606653151306621
 0.0094947072961456738
 0.0060013287083938958
 0.010641387900589648
 0.0035882260587341286
 0.0090736045198089813
 0.0044277906290535671
 0.0019210707598544974
 0.016033966662656534
 0.019480596868118968
 0.020730413038067552
 0.018094937763169831
 0.021865410983423296
 0.019607059568155231
 -0.011993494105551498
 -0.0024955532684087112
 -0.0061604226681189469
 0.0021981409468280083
 0.0003831953323244386
 -0.005189537416736419
 0.01127793817100859
 0.0065209150988696628
 0.01422898075612442
 0.0020369690297816065
 -0.00028807697452138119
 0.013080087081302295
 0.0065923337038202353
 -0.0016125641232001694
 0.0026846211067560579
 0.0028814154478153378
 0.015708862423367258
 0.0092852131974970557
 0.015374033318553127
 -0.025375322625944847
 -0.020789039180904016
 -0.034707916614203284
 -0.028601682724778529
 -0.040869070478672345
 -0.016215355485288522
 -0.012085595544629445
 -0.019474121020602152
 -0.032705787392179803
 -0.030350957654855269
 -0.02370780452374505
 -0.029807407097270037
 -0.022532154563735311
 -0.0463708706303727
 -0.03812976267715576
 -0.038255544482508792
 -0.0036224981648281681
 -0.0018140649575729146
 -0.0086209804938517237
 -0.0058333993604783099
 -0.011480167230807994
 -0.0092288833007699387
 -0.016329495729163444
 -0.028186035452782775
 -0.021933648451420928
 -0.017852668009059016
 0
 -0.013932276146785934
 -0.0073295715420062697
 -0.010172845591722037
 0
 -0.017976464348144882
 -0.016507915847704262
 2.1547610157363692e-18
 -0.0015170082338618002
 0
 -0.0035099250088651895
 -0.0027345408010886669
 -5.9820852072954985e-18
 0
 -0.0031672948330144918
 -0.0050588844424093674
 -0.002871319039971077
 -3.3298401466332344e-17
 -0.012306554321815615
 -0.0072906621118467045
 -1.6825301233172447e-17
 -0.0035501140468320288
 -0.003780653864761725
 -0.0090359409907533293
 -0.00726279832961338
 -0.011508285730918945
 0
 0.0015170082338617995
 0.005058884442409364
 0.0031672948330144909
 0
 0.0027345408010886639
 0.0035099250088651769
 0.019474121020602142
 0.013932276146785926
 0
 0.016507915847704238
 0.017976464348144865
 0.022532154563735279
 0
 0.010172845591722031
 0.0073295715420062637
 0.002871319039971028
 0.0018140649575728465
 0.0037806538647617025
 0.0035501140468319954
 0.011480167230807952
 0.0072906621118466698
 0.012306554321815589
 0.0090359409907533206
 0.011508285730918928
 0.007262798329613367
 0.030350957654855248
 0.032705787392179775
 0.038255544482508737
 0.038129762677155711
 0.046370870630372645
 0.029807407097269999
 0.023707804523745008
 0.011993494105551386
 0.020789039180903919
 0.025375322625944746
 0.012085595544629355
 0.016215355485288425
 0.0051895374167363114
 0.040869070478672269
 0.028601682724778449
 0.034707916614203214
 0.0036224981648280948
 0.00028807697452129034
 0.016329495729163396
 0.009228883300769878
 0.001612564123200072
 0.005833399360478231
 0.0086209804938516387
 0.028186035452782705
 0.017852668009058943
 0.021933648451420873
 0.0061604226681188151
 0.002495553268408582
 -0.014228980756124585
 -0.0065209150988698068
 -0.011277938171008757
 -0.00038319533232456047
 -0.0021981409468281345
 -0.016033966662656749
 -0.0019210707598547334
 -0.019607059568155408
 -0.02186541098342349
 -0.018094937763170015
 -0.020730413038067736
 -0.019480596868119149
 -0.0020369690297817244
 -0.0028814154478154622
 -0.0026846211067561771
 -0.0065923337038203828
 -0.013080087081302458
 -0.015708862423367425
 -0.015374033318553283
 -0.0092852131974971996
 -0.23080198595182094
 -0.23080198595182114
 0
 0
 -0.10000000000000001
 -0.16459879580322967
 0
 -0.1645987958032295
 -0.16409201306117552
 -0.045096189432334233
 -0.15491114071597389
 -0.16804556931958048
 -0.045096189432334233
 -0.16804556931958065
 -0.20305448686428587
 -0.16977976105537537
 -0.10945919704350479
 -0.10813549944599557
 0
 -0.10560680284145821
 0
 -0.10813549944599551
 -0.10945919704350471
 -0.16977976105537526
 -0.20305448686428568
 -0.18907932488279977
 -0.13405405389569558
 -0.19144485534163944
 -0.13190416893294801
 -0.13085016498028965
 -0.10000000000000001
 -0.16975578650741813
 -0.15752496804168187
 -0.16699676112418735
 -0.10000000000000001
 -0.13085016498028967
 -0.19144485534163957
 -0.13405405389569569
 -0.18907932488279994
 -0.15752496804168195
 -0.16975578650741818
 -0.2202905955475801
 -0.19335795864406471
 -0.17340240889818934
 -0.18831650979535086
 -0.18508664447332623
 -0.17779969160365211
 -0.16490979682224735
 -0.14082155466181281
 -0.14779679981264135
 -0.059126261497144797
 -0.11005591962488016
 -0.067540608968264776
 -0.14616351414240186
 -0.1432224553525577
 0
 -0.057973447593785372
 -0.057308898326537974
 -0.057633810667171825
 0
 -0.10647040378603043
 -0.14202773100844104
 0
 -0.057633810667171811
 -0.059126261497144769
 -0.057973447593785345
 0
 -0.1064704037860304
 -0.14322245535255768
 -0.06754060896826472
 -0.11005591962488009
 -0.1734024088981892
 -0.14779679981264124
 -0.14082155466181268
 -0.14616351414240178
 -0.1649097968222473
 -0.18508664447332604
 -0.1883165097953507
