# Created by Octave 5.1.0, Sat Feb 15 03:58:34 2020 GMT <unknown@Thomas-PC>
# name: u_sol
# type: matrix
# rows: 2178
# columns: 1
 0.024306662269779438
 -0.024306662269779511
 0
 0
 -3.6852333971452851e-17
 -0.018712486359271828
 0
 0.01871248635927179
 -1.7463713159817918e-17
 0.033505646075064309
 -2.9372916928250171e-17
 -0.016162522244881676
 -0.033505646075064385
 0.016162522244881617
 0.0119667028075885
 -0.0030757242818113427
 -0.04878379451686337
 -0.018406605341098801
 0
 -4.0923340941304945e-18
 0
 0.018406605341098791
 0.048783794516863349
 0.003075724281811308
 -0.011966702807588554
 0.027846496745629154
 -0.011734287902876357
 -0.011353482663225105
 -3.595728060982438e-17
 -0.0018559408145952239
 0.0088503981223040304
 -0.0053297018122061748
 -0.0078798653308465912
 -2.331313917372959e-17
 -0.0088503981223041085
 0.001855940814595153
 0.011353482663225041
 0.011734287902876292
 -0.027846496745629227
 0.0078798653308465322
 0.0053297018122061279
 0.0054180474081409521
 0.017786991363365506
 -0.0094251001303158506
 0.0071755630981718407
 0.00021298996051573093
 0.0087004347344223337
 -0.0004139442207338017
 -0.037025072921980713
 -0.024679580624536433
 -0.026199175566495727
 -0.032758124709329275
 -0.045484419789589482
 -0.013643385433248022
 -0.0057415372777162412
 0
 -0.013746687443343402
 -1.1818027862193613e-18
 -0.0058705150488218829
 0
 -0.0079904772755815395
 -1.026680109406949e-17
 0
 0.0058705150488218803
 0.02619917556649572
 0.013746687443343397
 0
 0.0079904772755815291
 0.0057415372777162195
 0.045484419789589475
 0.032758124709329255
 0.0094251001303158142
 0.024679580624536408
 0.037025072921980685
 0.013643385433247999
 0.00041394422073376803
 -0.00021298996051577831
 -0.0071755630981718884
 -0.017786991363365562
 -0.0054180474081410154
 -0.0087004347344223805
 0.024803686892824642
 0.0033711960856170758
 0.005745241603482984
 -0.00051203668088862912
 -0.00019278878204894429
 0.031645404779483424
 -0.018380474226403747
 -0.013536768010813294
 -0.01605948109260007
 -3.8391772182693811e-17
 0.0024869305265350847
 0.0039560495029776566
 -0.0027091620712762351
 -0.00038628399596997545
 -3.2903810647707565e-17
 0.016533500261276264
 0.004747699018239398
 0.0053764606084214491
 -0.0014557486624249983
 -0.0027641081203102231
 -2.0535475778998084e-17
 -0.012301342086176252
 -0.0072980569928509723
 -0.010734429602757275
 -2.6342343999247527e-17
 -0.0036444080466863822
 -0.0037510674710099284
 -0.005794497786119842
 -0.0062982816349566656
 -0.011125057735507761
 -0.0039560495029777347
 -0.0024869305265351606
 -0.0053764606084215211
 -0.0047476990182394735
 -0.016533500261276337
 0.0003862839959699039
 0.0027091620712761696
 -0.0057452416034830516
 -0.0033711960856171435
 -0.024803686892824712
 0.016059481092600008
 0.01353676801081323
 0.018380474226403688
 -0.031645404779483494
 0.00019278878204887677
 0.0005120366808885606
 0.0027641081203101767
 0.0014557486624249571
 0.0037510674710098694
 0.0036444080466863297
 0.010734429602757221
 0.0072980569928509193
 0.012301342086176193
 0.0057944977861197743
 0.011125057735507699
 0.0062982816349566014
 -0.0075286342829472361
 0.0084707657922973526
 0.015619703438864126
 0.015250677229131225
 0.011757717200364044
 0.017621530210212517
 0.018141562016783522
 -0.013862440320342489
 -0.0044889415087019553
 -0.0088977333022094932
 0.0016510171987196966
 -0.00087452998272601577
 -0.0057688116914147818
 0.00759718148300015
 0.0042609393734786456
 0.011400776737549972
 0.0025974312294389343
 -5.3673694370851256e-05
 0.013375495460419379
 0.007442188803430976
 -0.0013420473717913014
 0.0032053237750588517
 0.0029766182067915621
 0.013793793135987643
 0.0086827638999644983
 0.01450666780087494
 -0.028292190085155579
 -0.022876704465205004
 -0.037240525630624778
 -0.030917170762087484
 -0.044148438453087843
 -0.017574163702785951
 -0.012804274527660899
 -0.021551865627516025
 -0.035302756933072402
 -0.032832463526566782
 -0.025091284223149359
 -0.031877525316309788
 -0.023959773201138436
 -0.049793451694438086
 -0.040895168079901838
 -0.040959442856922955
 -0.0033441382037009398
 -0.0015548630910531616
 -0.0088216785521318588
 -0.0056978214660823936
 -0.011778885971986206
 -0.0093090065868420713
 -0.017009736868072806
 -0.030018514984215375
 -0.023135089071747657
 -0.018808899783335602
 0
 -0.015047483687090669
 -0.0076903155671483037
 -0.010813126512975687
 0
 -0.019180456028524057
 -0.017391995313914884
 2.9274871220913962e-19
 -0.0015571851243284399
 0
 -0.0035989372862407928
 -0.0028118751834476929
 -2.1877715463520902e-18
 0
 -0.0032599623123747124
 -0.005249191947538397
 -0.0027354234337601179
 -1.3696115021135423e-17
 -0.01275975835819273
 -0.0073591492091547072
 -6.9901176093431421e-18
 -0.003529698836651874
 -0.0038383469374544828
 -0.0094236807079740338
 -0.0074987606802336447
 -0.01199781158041704
 0
 0.0015571851243284399
 0.0052491919475383961
 0.003259962312374712
 0
 0.0028118751834476916
 0.0035989372862407889
 0.021551865627516022
 0.015047483687090666
 0
 0.017391995313914877
 0.01918045602852405
 0.023959773201138426
 0
 0.010813126512975686
 0.0076903155671483019
 0.0027354234337600967
 0.0015548630910531341
 0.0038383469374544737
 0.0035296988366518593
 0.011778885971986191
 0.0073591492091546916
 0.01275975835819272
 0.0094236807079740303
 0.011997811580417034
 0.0074987606802336404
 0.032832463526566776
 0.035302756933072395
 0.040959442856922941
 0.040895168079901824
 0.049793451694438072
 0.031877525316309774
 0.025091284223149345
 0.013862440320342451
 0.022876704465204969
 0.028292190085155544
 0.012804274527660869
 0.017574163702785923
 0.0057688116914147471
 0.044148438453087822
 0.03091717076208746
 0.037240525630624757
 0.003344138203700912
 5.367369437081686e-05
 0.017009736868072788
 0.0093090065868420505
 0.0013420473717912678
 0.0056978214660823668
 0.008821678552131831
 0.030018514984215358
 0.018808899783335581
 0.02313508907174764
 0.0088977333022094516
 0.0044889415087019128
 -0.011400776737550024
 -0.0042609393734786933
 -0.0075971814830002012
 0.00087452998272597327
 -0.0016510171987197389
 -0.0084707657922974151
 0.0075286342829471685
 -0.018141562016783581
 -0.017621530210212576
 -0.011757717200364103
 -0.015250677229131284
 -0.015619703438864182
 -0.0025974312294389751
 -0.0029766182067916033
 -0.0032053237750588924
 -0.0074421888034310229
 -0.013375495460419433
 -0.013793793135987695
 -0.014506667800874992
 -0.0086827638999645469
 0.02427632688068837
 0.01511854916479145
 0.015370153936923089
 0.014531162539077125
 0.014901027286063351
 0.02603369730054686
 -0.0036336988061160314
 0.0047129931412976476
 -0.0052016913024157093
 0.010443078383564453
 0.010404734914115379
 0.032026391789327854
 -0.0087651180760460242
 -0.0014877700866189557
 -0.0072953938166114432
 0.02992206496375396
 0.012285042590771549
 0.013740240185280686
 -0.018019152665050116
 -0.017669691597368288
 -0.016543669130584658
 -0.01268161436560063
 -0.016737686056337273
 -0.016346166946617516
 -0.014534179430313141
 -0.016213840578601556
 -0.013389750896602931
 0.001674042619813537
 -0.0082981366113800067
 -0.0068732197800135519
 -3.7564125016962195e-17
 0.0017417930845282186
 0.0019122263989892658
 0.00058320821442138656
 0.0012515223309427742
 -3.7855038045787216e-17
 0.0062162223897387686
 0.0035494833984201801
 0.0054769887082459223
 -0.0016506572087904587
 -0.0012933423305223084
 -3.1130860455717814e-17
 -0.00090524075784264983
 -0.001691069449050845
 -0.0028733379139877259
 -3.4501952478799474e-17
 -0.00077585142756896573
 -0.00012797361001963773
 0.023036682700897898
 0.012197441014872535
 0.013821621321935316
 0.0075736038333550498
 0.0098568303645916889
 0.012125909687043562
 0.0006916194159592759
 0.0054805427228134997
 0.0013528476400256379
 0.001078587685925619
 0.0013898453661101661
 0.0036801917409458916
 -0.00040399078696910985
 -0.0007591809915151556
 -1.9045655983709526e-17
 -0.0040839654455889617
 -0.0021454425019419841
 -0.0031313619771256547
