# Created by Octave 5.1.0, Tue Apr 21 23:21:01 2020 GMT <unknown@Thomas-PC>
# name: contactConvergence
# type: matrix
# rows: 101
# columns: 1
 0.94870622383266501
 0.47435312265121593
 4.8683917940429771e-05
 4.6850954876292979e-05
 0.15240862836528865
 0.082016632228272712
 0.041008316961886032
 0.036038866935926728
 0.0023196412715376204
 0.28921361774978077
 0.0021874272941839147
 0.11681659974896033
 0.0021906021159337182
 0.020266425962716546
 0.0021917107325952995
 0.0026015347553444497
 0.079033584808990393
 0.0021728562339720071
 0.36948226983069332
 0.0021896775993944483
 0.036329534593729479
 0.0021915524122290086
 0.004432712213765763
 0.0021800453994771873
 0.065746346334125072
 0.051544820252878654
 0.054582827785277455
 0.050752572348596939
 0.24272119564920372
 0.0021743428664478493
 0.12921819353655631
 0.002190394033447245
 0.014381353558781151
 0.0021917336791072253
 0.002157475921797838
 0.38232690727411872
 0.0021892204405481014
 0.042563844168466494
 0.0021914961849521415
 0.0049239456061789585
 0.0021799899733555205
 0.065928998162944771
 0.05178205640765729
 0.054862805422497246
 0.050986157020543661
 0.24317531439645831
 0.0021743435871313227
 0.1292431280063398
 0.0021903939132965292
 0.014384659442230349
 0.0021917336514351154
 0.0021574758945590933
 0.38232722133478508
 0.0021892204398989063
 0.042563885653049978
 0.0021914961846583405
 0.0049239501010656921
 0.0021799899730642266
 0.065928999020045134
 0.051782057454842781
 0.054862806653928793
 0.050986158051611108
 0.24317531850150501
 0.0021743435871368543
 0.12924312821649137
 0.0021903939132952729
 0.014384659474166957
 0.0021917336514348466
 0.0021574758945588249
 0.38232722133783109
 0.0021892204398988998
 0.042563885653444794
 0.0021914961846583388
 0.0049239501011129989
 0.0021799899730642262
 0.065928999020054807
 0.05178205745485441
 0.054862806653942213
 0.050986158051622564
 0.24317531850155222
 0.0021743435871368565
 0.12924312821648926
 0.0021903939132952716
 0.01438465947416518
 0.00219173365143485
 0.0021574758945588283
 0.38232722133783342
 0.0021892204398988994
 0.042563885653449623
 0.0021914961846583383
 0.0049239501011113102
 0.0021799899730642236
 0.065928999020054405
 0.051782057454853758
 0.054862806653941665
 0.050986158051621919
 0.24317531850155355
 0.0021743435871368543
 0.12924312821649209
 0.0021903939132952707
 0.014384659474164452


