# Created by Octave 5.1.0, Tue Apr 21 22:16:30 2020 GMT <unknown@Thomas-PC>
# name: contactConvergence
# type: matrix
# rows: 6
# columns: 1
 2.6737875063325234
 0.0011236758177173428
 9.5097416639221605e-05
 2.9416468615008294e-06
 3.7606488025631129e-09
 1.0392672786901664e-14


