# Created by Octave 5.1.0, Fri Feb 21 03:27:54 2020 GMT <unknown@DESKTOP-8DF2H9O>
# name: contactConvergence
# type: matrix
# rows: 23
# columns: 1
 1.2807675386326103
 1.2407435530521196
 0.62866709659549924
 0.63881951321843622
 0.62883795832197609
 0.62841490061315397
 0.58913896932484355
 0.51549659815498206
 0.49938732946197595
 0.43793928894204148
 0.41056808333627537
 0.39773785458431754
 0.2998570343196581
 0.35951166420167607
 0.17975583198591116
 0.15728635298206081
 0.1379327626676693
 0.13577756325040422
 0.10236375288672789
 0.095966018302626091
 0.089968142119570951
 0.087156637660771336
 0.081794474237365467


