# Created by Octave 5.1.0, Tue Apr 21 22:17:37 2020 GMT <unknown@Thomas-PC>
# name: contactConvergence
# type: matrix
# rows: 8
# columns: 1
 1.6595886154806041
 2.3525433047995752
 2.5656607314494789e-05
 1.1321374464173704e-06
 1.3776771395483524e-07
 1.1307208177706233e-09
 1.1983789736562657e-13
 1.0966080966230244e-17


