# Created by Octave 5.1.0, Wed Apr 22 15:08:47 2020 GMT <unknown@Thomas-PC>
# name: contactConvergence
# type: matrix
# rows: 101
# columns: 1
 0.31954996836846988
 0.3846674735326675
 0.59119725942314383
 0.29559862971303352
 0.27713768600594213
 0.0008656911396594249
 0.07066932838699562
 0.00084724470646965798
 0.0032544097683753774
 0.00084718045587785359
 0.00083394323022931193
 0.072753607335114823
 0.00084695934930261298
 0.001657336085349276
 0.00084721545176024468
 0.00083397767931125337
 0.07250855944985217
 0.00084695987813373976
 0.0016476131613681042
 0.00084721547013842441
 0.00083397769740227077
 0.072508338827051044
 0.00084695987841501205
 0.0016476085628317398
 0.00084721547014831558
 0.00083397769741200885
 0.072508338715957049
 0.00084695987841516666
 0.0016476085604706938
 0.00084721547014832057
 0.00083397769741201384
 0.072508338715897722
 0.00084695987841516666
 0.0016476085604692427
 0.00084721547014832003
 0.00083397769741201254
 0.0725083387158975
 0.00084695987841516644
 0.0016476085604694767
 0.00084721547014832003
 0.00083397769741201254
 0.072508338715897694
 0.00084695987841516644
 0.0016476085604692609
 0.00084721547014832014
 0.00083397769741201276
 0.072508338715897722
 0.00084695987841516569
 0.0016476085604693763
 0.00084721547014832024
 0.00083397769741201319
 0.072508338715897347
 0.00084695987841516579
 0.0016476085604697919
 0.00084721547014832057
 0.00083397769741201287
 0.072508338715897458
 0.00084695987841516601
 0.0016476085604695109
 0.00084721547014832035
 0.00083397769741201363
 0.072508338715897139
 0.00084695987841516579
 0.001647608560469368
 0.00084721547014832024
 0.00083397769741201276
 0.072508338715897749
 0.00084695987841516569
 0.0016476085604693925
 0.00084721547014831938
 0.00083397769741201189
 0.072508338715897153
 0.00084695987841516569
 0.0016476085604696248
 0.00084721547014832035
 0.00083397769741201276
 0.072508338715897472
 0.00084695987841516612
 0.0016476085604692878
 0.00084721547014832003
 0.00083397769741201352
 0.072508338715897805
 0.00084695987841516514
 0.0016476085604691772
 0.00084721547014832057
 0.00083397769741201287
 0.072508338715897278
 0.00084695987841516514
 0.0016476085604694992
 0.00084721547014832046
 0.00083397769741201297
 0.072508338715897444
 0.00084695987841516525
 0.0016476085604692325
 0.00084721547014831949
 0.00083397769741201167
 0.072508338715897777
 0.00084695987841516623
 0.001647608560469298
 0.00084721547014832057
 0.00083397769741201276


