# Created by Octave 5.1.0, Tue Apr 21 22:16:13 2020 GMT <unknown@Thomas-PC>
# name: contactConvergence
# type: matrix
# rows: 7
# columns: 1
 0
 0.067611512685530339
 0.033806870606402244
 1.121570465077151e-05
 2.5587726194594568e-06
 1.9104567134005379e-09
 4.1850203857940471e-16


