# Created by Octave 5.1.0, Tue Apr 21 22:17:37 2020 GMT <unknown@Thomas-PC>
# name: equilibriumConvergence
# type: matrix
# rows: 8
# columns: 1
 2.3911953704225022
 1.2714431982674155
 0.23845752917623358
 0.018631179070871664
 0.00163024814040999
 1.7312986827808396e-05
 1.937284254965927e-09
 6.6738799440094829e-15


