# Created by Octave 5.1.0, Fri Feb 21 03:27:54 2020 GMT <unknown@DESKTOP-8DF2H9O>
# name: equilibriumConvergence
# type: matrix
# rows: 23
# columns: 1
 0.91081766157414668
 0.94917182174887993
 0.60671805730318196
 0.54120015220958539
 0.53431877725999832
 0.52321213799702337
 0.50130970381270656
 0.49674206448666097
 0.48287446739294393
 0.47331462440929162
 0.47712522390272738
 0.47296426988656481
 0.56162660950197607
 0.52892997740673064
 0.46608297515192154
 0.43293839823268082
 0.41201980487736473
 0.40597964394484171
 0.45228681809581456
 0.45236640366721459
 0.44624481988663606
 0.43452436244618126
 0.43340574337956189


