# Created by Octave 5.1.0, Tue Apr 21 23:21:01 2020 GMT <unknown@Thomas-PC>
# name: equilibriumConvergence
# type: matrix
# rows: 101
# columns: 1
 1.7359017971977426
 0.97160217651050829
 1.0846254094185819
 1.026144293813892
 0.90788358765705768
 0.58485098514995781
 0.41176695895331367
 0.36919828496328178
 0.14481282558567649
 0.14308124464681626
 0.0064786746925457562
 0.0074998630337071446
 0.001276382596554099
 0.00029761389180767936
 0.0015460916185586887
 1.522136331797914e-05
 7.1682397081844709e-05
 1.7282104992956639e-06
 0.0014371092448350676
 0.00051389713151920831
 0.0011071030571915205
 0.0015192606752142855
 4.1414308866334581e-05
 0.0015176772620951193
 0.00011489365037052801
 0.0014973141825080534
 0.00072771579501511373
 0.00087776755473433854
 0.00046617949937558461
 0.00031194857171163272
 0.0012344460307141551
 0.0013814510277328862
 0.00019752831901433842
 0.0015514120891844346
 9.5952533156925566e-06
 0.0014320739387101273
 0.00013547473929876927
 0.0014093129374284463
 0.001510448221430305
 4.9392806121550897e-05
 0.0015092028787437488
 0.0001184637353884821
 0.0014898327186295194
 0.00072105700750987347
 0.00087056574133679795
 0.00046509293879430462
 0.00031002454521249337
 0.001236622989323157
 0.0013813774999348793
 0.0001975905841101048
 0.0015514090573972631
 9.5982778908029442e-06
 0.0014320765415024468
 0.00013547272407866566
 0.0014093153036087546
 0.001510448148580084
 4.9392877033822801e-05
 0.0015092028083147609
 0.00011846376332912005
 0.0014898326545606988
 0.00072105695554671671
 0.00087056568543687264
 0.00046509294658137005
 0.00031002452815348514
 0.0012366230071309478
 0.0013813774992344611
 0.00019759058468201497
 0.0015514090573688084
 9.5982779195855625e-06
 0.0014320765415239362
 0.00013547272405915102
 0.0014093153036343333
 0.0015104481485825681
 4.9392877029948188e-05
 0.0015092028083179029
 0.00011846376332546393
 0.0014898326545627885
 0.00072105695554741298
 0.00087056568543578496
 0.00046509294657307558
 0.00031002452815561706
 0.0012366230071285502
 0.0013813774992351914
 0.00019759058468265617
 0.0015514090573684504
 9.598277918434897e-06
 0.0014320765415243878
 0.0001354727240583795
 0.0014093153036305842
 0.0015104481485817172
 4.9392877029844735e-05
 0.0015092028083170869
 0.00011846376332531015
 0.0014898326545639473
 0.00072105695554897629
 0.00087056568543808391
 0.00046509294657643075
 0.0003100245281549467
 0.0012366230071282284
 0.0013813774992342512
 0.00019759058468160739


