# Created by Octave 5.1.0, Tue Apr 21 22:16:30 2020 GMT <unknown@Thomas-PC>
# name: equilibriumConvergence
# type: matrix
# rows: 6
# columns: 1
 4.4684979597593282
 3.9069498708940635
 0.55958399601636133
 0.023265300612115809
 4.0689953211328062e-05
 1.2885249848128773e-10


