# Created by Octave 5.1.0, Wed Apr 22 15:08:47 2020 GMT <unknown@Thomas-PC>
# name: equilibriumConvergence
# type: matrix
# rows: 101
# columns: 1
 1.3385080765199364
 1.2959118380420014
 1.1278157145859857
 0.63186253770627887
 0.59335691518837175
 0.077036772895188593
 0.075858872842320083
 0.0060716397309234183
 0.0059985677115679458
 0.00014013208956174846
 0.00014634076691591842
 0.00017086880821328844
 2.3057437547788522e-06
 5.6288708529146548e-05
 5.5977161169451574e-05
 9.2040979891999094e-07
 5.5895112102939764e-05
 1.0654956651344998e-06
 5.5335249044448514e-05
 5.5991966364428948e-05
 9.0542274764933988e-07
 5.5880624457732492e-05
 1.065763785360045e-06
 5.5334853298014674e-05
 5.5991972810781833e-05
 9.0541642976278295e-07
 5.5880618210839258e-05
 1.0657639038802403e-06
 5.5334853086875944e-05
 5.5991972814142772e-05
 9.0541642613424829e-07
 5.5880618207602447e-05
 1.0657639041461602e-06
 5.5334853086154759e-05
 5.5991972814619191e-05
 9.054164261892797e-07
 5.5880618207912596e-05
 1.0657639034783001e-06
 5.5334853087887436e-05
 5.5991972813058021e-05
 9.0541642723923527e-07
 5.5880618209070951e-05
 1.0657639041910252e-06
 5.5334853087269143e-05
 5.5991972813803078e-05
 9.054164263584649e-07
 5.5880618207818914e-05
 1.0657639041546345e-06
 5.5334853086954955e-05
 5.5991972813972078e-05
 9.0541642642609921e-07
 5.5880618207956676e-05
 1.0657639042799194e-06
 5.533485308659935e-05
 5.5991972813849353e-05
 9.0541642659111573e-07
 5.5880618207577598e-05
 1.0657639041971081e-06
 5.533485308672692e-05
 5.5991972813178482e-05
 9.0541642695830335e-07
 5.5880618208622715e-05
 1.0657639039963471e-06
 5.5334853087300748e-05
 5.5991972813699746e-05
 9.0541642671205859e-07
 5.5880618208550778e-05
 1.0657639041648872e-06
 5.533485308698412e-05
 5.5991972813977329e-05
 9.054164265139524e-07
 5.5880618207912603e-05
 1.0657639035984401e-06
 5.5334853087846589e-05
 5.5991972813723822e-05
 9.0541642698447667e-07
 5.5880618208259473e-05
 1.0657639031027735e-06
 5.5334853088030104e-05
 5.5991972813683199e-05
 9.0541642692306201e-07
 5.5880618207601288e-05
 1.0657639042946281e-06
 5.5334853087260707e-05
 5.5991972813365948e-05
 9.0541642669646693e-07
 5.5880618208323441e-05
 1.0657639040964258e-06
 5.533485308704163e-05
 5.5991972813059017e-05
 9.0541642735209489e-07
 5.5880618208570849e-05
 1.0657639038915622e-06
 5.5334853088355683e-05
 5.5991972814751036e-05
 9.0541642676176608e-07
 5.5880618208175915e-05
 1.065763904481024e-06
 5.53348530868007e-05
 5.5991972813817199e-05
 9.0541642793452957e-07


