# Created by Octave 5.1.0, Tue Apr 21 22:16:13 2020 GMT <unknown@Thomas-PC>
# name: equilibriumConvergence
# type: matrix
# rows: 7
# columns: 1
 7.6376261582597467
 1.7491887187132373
 1.1328710160037783
 0.7079235784669945
 0.0048027041869671576
 1.3739794448996547e-06
 2.9664097672058338e-13


