# Created by Octave 5.1.0, Tue Apr 21 22:16:30 2020 GMT <unknown@Thomas-PC>
# name: lambda_sol
# type: matrix
# rows: 5
# columns: 1
 0
 -4.2126322222354622
 -6.7378728788503564
 -4.2126322222354649
 0


