# Created by Octave 5.1.0, Tue Apr 21 22:17:37 2020 GMT <unknown@Thomas-PC>
# name: lambda_sol
# type: matrix
# rows: 9
# columns: 1
 0
 0
 -4.7717281553751159
 -4.5444255758881145
 -2.4284796133410396
 -4.544425575888118
 -4.7717281553751141
 0
 0


