# Created by Octave 5.1.0, Tue Apr 21 23:21:01 2020 GMT <unknown@Thomas-PC>
# name: lambda_sol
# type: matrix
# rows: 17
# columns: 1
 0
 0
 -0.38770593712954771
 -3.3351644597927645
 -0.27714775297921435
 -0.98790291849128753
 -1.0712928489087581
 -0.068695914610288789
 -0.086347547794844992
 -0.068695914610288789
 -1.0712928489087599
 -0.98790291849128764
 -0.27714775297921435
 -3.3351644597927632
 -0.38770593712954948
 0
 0


