# Created by Octave 5.1.0, Wed Apr 22 15:08:47 2020 GMT <unknown@Thomas-PC>
# name: lambda_sol
# type: matrix
# rows: 33
# columns: 1
 0
 0
 0
 0
 0
 -1.7739795835894929
 -3.4023074542211678
 -1.9563626005841537
 1.4892725227338977e-05
 -2.1240675634501658
 0
 -2.79015662674052
 -3.7795026960369595
 -0.23961946730358347
 1.3454410133582895e-05
 1.4994819899274286e-05
 1.741124396409735e-05
 1.4994819899236123e-05
 1.3454410133563813e-05
 -0.23961946730358352
 -3.7795026960369551
 -2.7901566267405138
 0
 -2.124067563450184
 1.4892725226776926e-05
 -1.9563626005841495
 -3.4023074542211758
 -1.7739795835894827
 0
 0
 0
 0
 0


