# Created by Octave 5.1.0, Fri Feb 21 03:27:54 2020 GMT <unknown@DESKTOP-8DF2H9O>
# name: lambda_sol
# type: matrix
# rows: 65
# columns: 1
 5.51415529372559e-07
 1.1028310587451184e-06
 3.8599087056079153e-06
 1.4336803763686551e-05
 5.3487306349138289e-05
 0.00019961242163286661
 0.00074496238018232871
 0.0027802370990964503
 0.01037598601620348
 0.011101791015932047
 -2.9616621327295434
 -2.5541499391620164
 -3.0626085496041924
 -3.5095835525589791
 -2.5153427144273337
 -0.39456101864328735
 0.022250761269315945
 -0.1964014143482018
 -1.8238329301504448
 0.022290976023349354
 0.026590721291484057
 -2.2165107496548444
 -4.6607666875988798
 -6.0653769253694918
 -5.7219268521293998
 0.0061125016594594248
 0.0078643991585007188
 0.0001741481974022463
 0.002688379150458766
 0.00072103246799221522
 0.00019458046336212517
 -0.45560024058795534
 0.050986952998437848
 -0.52461648816506568
 0.00019458046881482005
 0.0007210324693005532
 0.002688379150458769
 0.00017414818285033107
 0.0078643991585007709
 0.0061125016586990964
 -5.3079596157513151
 -5.952370844737743
 -4.5142695181421004
 -2.2903530187904835
 0.026590721291484057
 0.022290976022869856
 -1.9198602220973555
 -0.45207324058685572
 0.022250761269315911
 -0.57189910606757621
 -2.557708347267635
 -3.4744063819016446
 -2.994222410954535
 -2.4803416324721184
 -2.8923693914694013
 0.011101791010810769
 0.010375986016203504
 0.0027802370990964572
 0.00074496238018233077
 0.00019961242163286718
 5.3487306349138404e-05
 1.4336803763686568e-05
 3.8599087056079196e-06
 1.1028310587451197e-06
 5.5141552937255953e-07


