# Created by Octave 5.1.0, Tue Apr 21 22:16:13 2020 GMT <unknown@Thomas-PC>
# name: u_sol
# type: matrix
# rows: 18
# columns: 1
 0.039635356619310023
 -0.039635356619309996
 0
 0
 2.4721028442086244e-17
 -0.043607409119695205
 0
 0.043607409119695205
 4.8982912572999004e-18
 -0.24279040169459895
 -0.24279040169459895
 0
 0
 -0.064677399187495876
 -0.15739482963497492
 0
 -0.15739482963497492
 -0.13971742422277522


