# Created by Octave 5.1.0, Tue Apr 21 22:16:30 2020 GMT <unknown@Thomas-PC>
# name: u_sol
# type: matrix
# rows: 50
# columns: 1
 -0.0088515914455104521
 0.0088515914455104538
 0
 0
 -4.9026927357053098e-18
 -0.031275538704281874
 0
 0.031275538704281874
 -1.589419056356157e-18
 -0.018738508698194562
 -2.3413412966958782e-18
 -0.0034039387273137539
 0.018738508698194566
 0.0034039387273137535
 -0.0076096497116788639
 -0.012200674509707372
 -0.039389565560914185
 -0.013992471889797827
 0
 1.3031600978384692e-18
 0
 0.013992471889797825
 0.039389565560914191
 0.012200674509707375
 0.0076096497116788639
 -0.20682995034069146
 -0.20682995034069146
 0
 0
 -0.08796326899044507
 -0.14548820256455786
 0
 -0.14548820256455786
 -0.15173256786214093
 -0.16139749617701721
 -0.17138766415276022
 -0.18131069026617594
 -0.16139749617701718
 -0.18131069026617594
 -0.18851298705090921
 -0.14911526279098272
 -0.088334394565858121
 -0.083883473983343684
 0
 -0.084013468793186691
 0
 -0.08388347398334367
 -0.088334394565858135
 -0.14911526279098272
 -0.18851298705090921


