# Created by Octave 5.1.0, Tue Apr 21 22:17:37 2020 GMT <unknown@Thomas-PC>
# name: u_sol
# type: matrix
# rows: 162
# columns: 1
 -0.013947402760942812
 0.013947402760942857
 0
 0
 2.9280999114827162e-17
 -0.039439404152181917
 0
 0.039439404152181938
 9.0882417449590956e-18
 -0.031908186722364971
 1.7050608601466615e-17
 0.00041691430161328323
 0.03190818672236502
 -0.0004169143016132461
 -0.011849528027142191
 -0.017665055756429432
 -0.048148821594409093
 -0.017703090083273306
 0
 2.4874919957539501e-18
 0
 0.017703090083273313
 0.048148821594409107
 0.017665055756429449
 0.011849528027142226
 -0.017043274160548506
 -0.012111309440605554
 -0.0090017199057173727
 2.5496540361354133e-17
 -0.009300816035629109
 -0.025703504695549818
 0.00477581693196788
 -0.00024271464752014072
 1.2493264524451629e-17
 0.02570350469554987
 0.0093008160356291541
 0.0090017199057174143
 0.012111309440605598
 0.017043274160548554
 0.00024271464752017693
 -0.0047758169319678532
 0.0044327265114026352
 -0.004931102003772371
 -0.028797321925107665
 -0.018237951053465738
 -0.027624589246838777
 -0.010365167561917129
 -0.0084087810119589466
 -0.047896928132038649
 -0.033694950256611664
 -0.018105547589368803
 -0.030920881685823874
 -0.036555400676789584
 -0.020499877409623245
 -0.0098424870833467761
 0
 -0.010207846130681221
 1.1611070479196648e-18
 -0.0047223393371996665
 0
 -0.0082801181161550833
 6.2711799187341194e-18
 0
 0.0047223393371996665
 0.018105547589368803
 0.010207846130681221
 0
 0.0082801181161550903
 0.00984248708334679
 0.036555400676789591
 0.030920881685823885
 0.028797321925107686
 0.033694950256611678
 0.047896928132038663
 0.020499877409623259
 0.0084087810119589657
 0.027624589246838801
 0.018237951053465765
 0.0049311020037724074
 -0.0044327265114025936
 0.010365167561917158
 -0.21573395076535656
 -0.21573395076535654
 0
 0
 -0.096214742278746379
 -0.15514626911274554
 0
 -0.15514626911274554
 -0.16457221846063419
 -0.17702685856852729
 -0.20392248760878248
 -0.20075859002931315
 -0.17702685856852729
 -0.20075859002931312
 -0.19668477843636883
 -0.16187158389559392
 -0.094497133761740598
 -0.089751138683992981
 0
 -0.090073793452974213
 0
 -0.089751138683992981
 -0.094497133761740612
 -0.16187158389559392
 -0.19668477843636886
 -0.21673064535628644
 -0.2011467572896313
 -0.21369209156734961
 -0.20509326641083372
 -0.20205936225585316
 -0.11938436175141501
 -0.18718089938617094
 -0.20134594720895491
 -0.18903014117318315
 -0.11938436175141504
 -0.20205936225585314
 -0.21369209156734958
 -0.2011467572896313
 -0.21673064535628642
 -0.20134594720895488
 -0.18718089938617094
 -0.2091443395990083
 -0.20398153595370608
 -0.16146123524080222
 -0.18644459012778203
 -0.17877808622682093
 -0.18643986395024306
 -0.162431353095703
 -0.12837461709868292
 -0.129615334091221
 -0.045987915638359821
 -0.090850189296560746
 -0.052734218969231285
 -0.12908327823810606
 -0.12928494717970349
 0
 -0.046131592820346984
 -0.046531159209993102
 -0.046520520780315801
 0
 -0.090009619260810553
 -0.1297928633778746
 0
 -0.046520520780315801
 -0.045987915638359821
 -0.046131592820346984
 0
 -0.090009619260810567
 -0.12928494717970349
 -0.052734218969231299
 -0.09085018929656076
 -0.16146123524080222
 -0.129615334091221
 -0.12837461709868292
 -0.12908327823810609
 -0.162431353095703
 -0.17877808622682095
 -0.18644459012778206
 -0.20398153595370611
 -0.2091443395990083
 -0.18643986395024309


