# Created by Octave 5.1.0, Tue Apr 21 23:21:01 2020 GMT <unknown@Thomas-PC>
# name: u_sol
# type: matrix
# rows: 578
# columns: 1
 -0.003023056869541213
 0.0030230568695412217
 0
 0
 -4.0707005329401859e-18
 -0.054910370631780392
 0
 0.054910370631780406
 1.4436935131568506e-18
 -0.02420053675025121
 -5.5622033989480306e-19
 0.015339544171550352
 0.0242005367502512
 -0.015339544171550349
 -0.029817654053468798
 -0.027164762309172249
 -0.058146403710069586
 -0.022037461626064771
 0
 9.3765560468221516e-19
 0
 0.022037461626064767
 0.058146403710069579
 0.027164762309172252
 0.029817654053468812
 -0.0068715265680777829
 0.0058141946745036144
 0.0079484556828272254
 -2.6594276802692441e-19
 0.0015428308777924241
 -0.025031483515321008
 0.011448545863370005
 0.0078645861949957103
 -4.4440249840985676e-19
 0.025031483515321001
 -0.0015428308777924197
 -0.0079484556828272254
 -0.0058141946745036109
 0.0068715265680777968
 -0.0078645861949957103
 -0.011448545863370005
 -0.012444185405155218
 -0.022173801771633181
 -0.041546230909354942
 -0.033771742740625749
 -0.044604915101173856
 -0.022735876227222354
 -0.013348507460931025
 -0.060737203053110742
 -0.04366425361219467
 -0.021999137925535019
 -0.037890735209326093
 -0.043302528654831807
 -0.027162606361853879
 -0.012967644985554177
 0
 -0.012202416001748855
 -7.6043884525581574e-19
 -0.0056122981059479648
 0
 -0.010233572725340223
 2.8242074276774111e-18
 0
 0.0056122981059479665
 0.021999137925535019
 0.012202416001748857
 0
 0.010233572725340227
 0.01296764498555418
 0.043302528654831807
 0.0378907352093261
 0.041546230909354949
 0.04366425361219467
 0.060737203053110735
 0.027162606361853872
 0.013348507460931023
 0.04460491510117387
 0.033771742740625749
 0.022173801771633181
 0.012444185405155225
 0.022735876227222347
 -0.0041304721637684845
 0.00068124601050200198
 0.0022458833637470834
 -0.00086788404094852514
 0.0003618093793373682
 -0.029568174874852332
 0.012903567989076006
 0.0066021860476726951
 0.010806366836877496
 -4.6659329490027926e-18
 -0.014057772889239324
 -0.012633735546423989
 0.002355589271527514
 7.3345926526713692e-05
 -3.4604277439552181e-19
 -0.032097189637290267
 -0.026971512076693543
 0.0025047339638627729
 0.0062716883314305368
 0.005705129466864807
 7.0575656232249691e-20
 0.011646433125269699
 0.0098628743403675542
 0.01465635693305959
 -7.8386215318967667e-19
 0.0049124311792715213
 0.0038517778342009642
 0.0037339566019106906
 0.0053236418942806405
 0.0080527485650670923
 0.012633735546423981
 0.014057772889239314
 -0.0025047339638627798
 0.02697151207669353
 0.03209718963729026
 -7.3345926526712825e-05
 -0.0023555892715275131
 -0.0022458833637470791
 -0.00068124601050199851
 0.0041304721637684949
 -0.010806366836877492
 -0.0066021860476726917
 -0.012903567989076006
 0.029568174874852325
 -0.0003618093793373682
 0.00086788404094852167
 -0.005705129466864807
 -0.0062716883314305385
 -0.0038517778342009672
 -0.0049124311792715248
 -0.014656356933059587
 -0.0098628743403675542
 -0.011646433125269695
 -0.0037339566019106898
 -0.0080527485650670888
 -0.0053236418942806396
 -0.0038966817418349506
 -0.010002380048170691
 -0.02590541905952308
 -0.018116727643123172
 -0.021299510133159436
 -0.015272497693893617
 -0.018702840864714798
 -0.048544118239584287
 -0.044445285547634737
 -0.050479354485756724
 -0.031794514643659788
 -0.038185034596209567
 -0.034327781595703197
 -0.037656078309006906
 -0.039242332322684072
 -0.033014783068413114
 -0.012626752014848332
 -0.0066528895280801416
 -0.019350574022350062
 -0.017118618723927573
 -0.020162933601706283
 -0.018985307537731078
 -0.025382838905757571
 -0.028394234568482217
 -0.028266300030148114
 -0.023863722536869025
 -0.058809168472385424
 -0.051378823472561008
 -0.051399513721376265
 -0.052429946348078661
 -0.060635978110586977
 -0.043437897966451297
 -0.035466819226871095
 -0.015482909779159414
 -0.030658684950709902
 -0.027932585145562325
 -0.02927537178205224
 -0.03126811579269409
 -0.023608888901900493
 -0.052690280901841219
 -0.041215323892873579
 -0.047861700593575786
 -0.013459304008270709
 -0.0067236241723557834
 -0.027763431755240139
 -0.02043798909629746
 -0.01826151047217239
 -0.019814496807681357
 -0.025260578059197968
 -0.041922213900306024
 -0.033113675606173523
 -0.035128717021032971
 0
 -0.011081365733730596
 -0.0062002134564442075
 -0.0083084216561810035
 0
 -0.01642109320372772
 -0.017601200758557888
 -8.7438855373526851e-19
 -0.0014032656525904577
 0
 -0.0039799997950080088
 -0.002751133881636841
 -2.6986817672169006e-19
 0
 -0.0028637716189503868
 -0.0044347715145234938
 -0.006434880506047326
 2.3465913444941761e-18
 -0.01581089241352554
 -0.01187717937619278
 2.0878333478616906e-18
 -0.0058621558190072014
 -0.0050326056044472508
 -0.0087028395585846824
 -0.00811079728902807
 -0.012567654097825714
 0
 0.001403265652590457
 0.0044347715145234947
 0.0028637716189503859
 0
 0.0027511338816368401
 0.0039799997950080105
 0.015482909779159421
 0.011081365733730596
 0
 0.017601200758557888
 0.01642109320372772
 0.023608888901900493
 0
 0.0083084216561810052
 0.0062002134564442066
 0.0064348805060473304
 0.0067236241723557869
 0.0050326056044472534
 0.0058621558190072049
 0.018261510472172393
 0.011877179376192783
 0.015810892413525547
 0.0087028395585846859
 0.012567654097825717
 0.0081107972890280735
 0.027932585145562325
 0.030658684950709898
 0.047861700593575779
 0.041215323892873579
 0.052690280901841212
 0.03126811579269409
 0.029275371782052237
 0.04854411823958428
 0.051378823472561008
 0.058809168472385452
 0.035466819226871095
 0.043437897966451297
 0.034327781595703204
 0.060635978110586956
 0.052429946348078661
 0.051399513721376265
 0.013459304008270712
 0.0066528895280801442
 0.025260578059197968
 0.019814496807681357
 0.020162933601706283
 0.02043798909629746
 0.027763431755240143
 0.041922213900306024
 0.035128717021032971
 0.033113675606173516
 0.050479354485756731
 0.04444528554763473
 0.033014783068413114
 0.039242332322684072
 0.037656078309006913
 0.038185034596209574
 0.031794514643659802
 0.010002380048170691
 0.0038966817418349562
 0.018702840864714791
 0.015272497693893619
 0.021299510133159436
 0.018116727643123179
 0.025905419059523066
 0.012626752014848336
 0.025382838905757571
 0.018985307537731082
 0.01711861872392758
 0.019350574022350062
 0.028394234568482224
 0.023863722536869039
 0.028266300030148128
 -0.2364959003069281
 -0.2364959003069281
 0
 0
 -0.11728846595932305
 -0.17355148849018909
 0
 -0.17355148849018906
 -0.1818090216097164
 -0.19180803648567712
 -0.23977291860185435
 -0.23481956978602173
 -0.19180803648567712
 -0.23481956978602175
 -0.21872546052044936
 -0.18026575533901362
 -0.10476779935643125
 -0.097501779218752763
 0
 -0.097741854473031312
 0
 -0.097501779218752763
 -0.10476779935643124
 -0.18026575533901362
 -0.21872546052044936
 -0.24539629883637637
 -0.24832846930096372
 -0.24133630034676457
 -0.25366358786814336
 -0.25454081804483381
 -0.12163874020878565
 -0.21378592273284125
 -0.23860311710695142
 -0.21467205842002285
 -0.12163874020878565
 -0.25454081804483381
 -0.24133630034676459
 -0.24832846930096378
 -0.24539629883637637
 -0.23860311710695137
 -0.21378592273284125
 -0.23106024526016117
 -0.22928172342968847
 -0.17876882525780183
 -0.20803529277657512
 -0.19957155744446056
 -0.21172919568980952
 -0.18106245078008287
 -0.1424642139800377
 -0.14218818584878362
 -0.050024622811532103
 -0.098845039249653224
 -0.059452576015502842
 -0.14167537857342913
 -0.14183030318823037
 0
 -0.049683071088268235
 -0.050136156525136498
 -0.050038784970532955
 0
 -0.09766632579831111
 -0.14198647226521549
 0
 -0.050038784970532962
 -0.050024622811532103
 -0.049683071088268242
 0
 -0.09766632579831111
 -0.14183030318823037
 -0.059452576015502835
 -0.098845039249653224
 -0.17876882525780183
 -0.14218818584878359
 -0.1424642139800377
 -0.14167537857342913
 -0.18106245078008287
 -0.19957155744446056
 -0.20803529277657509
 -0.22928172342968847
 -0.2310602452601612
