# Created by Octave 5.1.0, Wed Apr 22 15:08:47 2020 GMT <unknown@Thomas-PC>
# name: u_sol
# type: matrix
# rows: 2178
# columns: 1
 -0.0023859622936353289
 0.0023859622936353098
 0
 0
 2.4288802255859915e-17
 -0.054491722644077846
 0
 0.054491722644077832
 -2.0038993751661853e-18
 -0.019583965151089535
 -4.4446335663437576e-18
 0.015075997824626894
 0.019583965151089594
 -0.015075997824626906
 -0.029339768930732545
 -0.026559668376729659
 -0.058058349075061425
 -0.021862793497106809
 0
 -8.6157001687364358e-19
 0
 0.021862793497106806
 0.058058349075061425
 0.026559668376729653
 0.029339768930732538
 -0.0054832466979804094
 0.0065271470510105799
 0.0083818773476128771
 -6.2076250111827159e-18
 0.0047304475049749755
 -0.024550533648732234
 0.011379731616146374
 0.0083256389659147646
 -2.9976811148677461e-18
 0.024550533648732286
 -0.0047304475049749937
 -0.008381877347612884
 -0.0065271470510105869
 0.0054832466979803851
 -0.008325638965914775
 -0.011379731616146381
 -0.012537661640342469
 -0.021899986765557638
 -0.040847181254852635
 -0.033191475626457065
 -0.043885540865758424
 -0.02225202973768145
 -0.013043351850367863
 -0.060166327983788896
 -0.043131073158905783
 -0.022331707964463619
 -0.037786129598886324
 -0.0438861413824072
 -0.026729548887154123
 -0.012699301282406731
 0
 -0.012172997782855645
 5.443768988353449e-19
 -0.0055495353526401701
 0
 -0.010086845097101482
 -2.0217314810843325e-18
 0
 0.0055495353526401709
 0.022331707964463619
 0.012172997782855645
 0
 0.010086845097101482
 0.012699301282406728
 0.0438861413824072
 0.037786129598886317
 0.040847181254852635
 0.043131073158905776
 0.060166327983788889
 0.02672954888715412
 0.013043351850367858
 0.043885540865758417
 0.033191475626457058
 0.021899986765557627
 0.012537661640342462
 0.02225202973768144
 -0.0030092605206496585
 0.0013260540674395814
 0.0027825592253594837
 0.0025419174730464118
 0.0016298850083511199
 -0.022353688704659695
 0.01304346474872185
 0.0073979464239831315
 0.010826894396071996
 2.8109900695424148e-17
 -0.013343304384674124
 -0.012863315799941179
 0.0033019204938203404
 -0.00027787398246464603
 -5.70566088519739e-18
 -0.030503434791816532
 -0.025282318515454594
 0.004832910463284071
 0.006228417816355046
 0.0057739211548354262
 -2.1778448400187839e-18
 0.011733538506376611
 0.0099980446883867705
 0.014510877466097173
 -3.5666689003427837e-18
 0.0051762772769064717
 0.0044464047481291681
 0.0055907991838658995
 0.0063265708483485278
 0.008609840280713283
 0.012863315799941226
 0.013343304384674182
 -0.0048329104632840441
 0.025282318515454663
 0.030503434791816594
 0.00027787398246462939
 -0.0033019204938203525
 -0.0027825592253594967
 -0.0013260540674395927
 0.0030092605206496386
 -0.010826894396072007
 -0.0073979464239831358
 -0.01304346474872186
 0.022353688704659702
 -0.0016298850083511242
 -0.0025419174730464001
 -0.0057739211548354314
 -0.0062284178163550521
 -0.0044464047481291768
 -0.0051762772769064786
 -0.014510877466097184
 -0.0099980446883867792
 -0.011733538506376623
 -0.0055907991838659143
 -0.0086098402807132969
 -0.0063265708483485391
 -0.0043307468811974292
 -0.010229780901793585
 -0.02553824297601482
 -0.018019448629794117
 -0.021076227200211319
 -0.015317523080559163
 -0.018455961737670942
 -0.047910838917428325
 -0.043803029826840041
 -0.049792419482342136
 -0.031181139423305457
 -0.037553664677093007
 -0.033646066602323901
 -0.037010388762648408
 -0.038611700720467011
 -0.032469382182720871
 -0.012421241324939009
 -0.0065067469456272379
 -0.018948754991689909
 -0.016829512902497665
 -0.019698319410223524
 -0.018595072369039799
 -0.024837748645074213
 -0.027919265577635483
 -0.027714386528165054
 -0.023414932435843101
 -0.05818288247413711
 -0.050705319474082439
 -0.051045985803412817
 -0.05186080405903918
 -0.060260294584598854
 -0.042781461518018031
 -0.034853412775613504
 -0.016223040383016203
 -0.031177551207514195
 -0.028854466624620843
 -0.029130068519461403
 -0.031403701527346124
 -0.023628871278447178
 -0.052941200540834975
 -0.041477780084198758
 -0.047803091456354085
 -0.013151309836444119
 -0.0065331028964430108
 -0.027227811641619162
 -0.020009736082184006
 -0.017994673366453474
 -0.019457425324361913
 -0.02495531851823693
 -0.041582377410505314
 -0.0327849188578197
 -0.034636611473040049
 0
 -0.011278001604670041
 -0.0061839323387395265
 -0.0083514170331498005
 0
 -0.016504825101793897
 -0.017525389154444473
 1.3435916192651095e-19
 -0.0013870338891470533
 0
 -0.0039238968811233874
 -0.0027164756255440839
 -3.9704612403477476e-19
 0
 -0.0028320096721930394
 -0.0043994594734630974
 -0.0062755426466238823
 -2.1056255392053124e-18
 -0.015632256734568764
 -0.011670471408422624
 -1.5040614174937554e-18
 -0.0057430104257840137
 -0.0049488661880070983
 -0.0086354201426077949
 -0.0080119695597779417
 -0.012456664300560289
 0
 0.0013870338891470548
 0.0043994594734630982
 0.0028320096721930399
 0
 0.0027164756255440852
 0.0039238968811233874
 0.016223040383016203
 0.011278001604670041
 0
 0.01752538915444447
 0.016504825101793894
 0.023628871278447178
 0
 0.0083514170331498005
 0.0061839323387395265
 0.006275542646623878
 0.0065331028964430056
 0.0049488661880070966
 0.0057430104257840103
 0.017994673366453471
 0.011670471408422622
 0.015632256734568764
 0.0086354201426077949
 0.012456664300560289
 0.0080119695597779435
 0.028854466624620843
 0.031177551207514195
 0.047803091456354078
 0.041477780084198751
 0.052941200540834968
 0.031403701527346124
 0.029130068519461403
 0.047910838917428318
 0.050705319474082439
 0.058182882474137103
 0.034853412775613504
 0.042781461518018024
 0.033646066602323894
 0.060260294584598847
 0.051860804059039173
 0.051045985803412817
 0.013151309836444114
 0.0065067469456272327
 0.024955318518236926
 0.019457425324361909
 0.019698319410223517
 0.020009736082184003
 0.027227811641619158
 0.041582377410505307
 0.034636611473040042
 0.0327849188578197
 0.049792419482342129
 0.043803029826840041
 0.032469382182720864
 0.038611700720467004
 0.037010388762648408
 0.037553664677093
 0.031181139423305453
 0.010229780901793578
 0.004330746881197417
 0.018455961737670931
 0.015317523080559156
 0.021076227200211312
 0.01801944862979411
 0.025538242976014813
 0.012421241324939004
 0.024837748645074206
 0.018595072369039792
 0.016829512902497654
 0.018948754991689899
 0.027919265577635473
 0.023414932435843094
 0.027714386528165047
 -0.002678536008434867
 -0.00046252068872008482
 0.00013264649726862698
 -0.0022574018610017235
 -0.0012258106197210929
 -0.0036639865352521084
 0.0055690901905336527
 0.0020340957381242285
 0.0048506334585013923
 -0.011403880654362802
 -0.014539600053529767
 -0.024214099990669233
 0.0048211308120125352
 0.0016969857975698657
 0.004421883528192244
 -0.017126661007358809
 -0.014499445512479982
 -0.0034217245512841768
 0.014401386806726556
 0.011974776683614701
 0.012982197923283255
 0.0077407925367926657
 0.010240592574158039
 0.010975868260790014
 0.008657961876152984
 0.0095400735132177318
 0.0071542186551525454
 0.00091926432697455685
 0.0044859744398697068
 0.0044010384412268809
 2.9639781632733743e-17
 -0.006012224982886399
 -0.0064772216095133972
 -0.0067573591626671203
 -0.0067076399215960578
 5.1979301388386564e-18
 -0.019274594469022265
 -0.011957926244145651
 -0.017906842127709734
 0.001991924911437857
 0.0015593242392547841
 -5.0320006040174283e-18
 0.00081488239664184573
 0.0020452490475149302
 0.0038174520876153016
 -6.1610267193435574e-18
 0.00079851015267267951
 -0.00038448724292076167
 -0.026031517801189685
 -0.013112851884052109
 -0.0067560712861183389
 -0.023478165712224271
 -0.026261178035584396
 -0.02721718155580255
 0.0043358973046123466
 -0.013485934944558374
 -0.021135794270387556
 -0.01296979190898829
 -0.018078253875161803
 -0.020028689007652287
 0.0031879099616104758
 0.0031129422298763554
 -2.1510714607983571e-18
 0.0086026726862506852
 0.0060215543664351055
 0.009000087454503404
 -2.4769686303247966e-18
 0.0030165585349058296
 0.0028996954446368441
