# Created by Octave 5.1.0, Wed Feb 19 17:29:53 2020 GMT <unknown@Thomas-PC>
# name: contactConvergence
# type: matrix
# rows: 15
# columns: 1
 0.80091620605923886
 0.00010397630478118293
 5.1988152390591415e-05
 2.5994076195295528e-05
 1.2997038097648133e-05
 6.4985190488241226e-06
 3.2492595244113422e-06
 1.6246297622059432e-06
 8.1231488110339056e-07
 7.1077552096559772e-07
 6.9966965345073617e-07
 4.8342717162348919e-07
 4.9085519012590807e-07
 1.7964956103772321e-08
 2.240629068461754e-19


