# Created by Octave 5.1.0, Wed Apr 22 01:18:36 2020 GMT <unknown@Thomas-PC>
# name: contactConvergence
# type: matrix
# rows: 3
# columns: 1
 1.0977780229346858
 1.6719351529233191
 4.3368086899420177e-19


