# Created by Octave 5.1.0, Wed Apr 22 01:17:59 2020 GMT <unknown@Thomas-PC>
# name: contactConvergence
# type: matrix
# rows: 3
# columns: 1
 0
 0.048306148717683003
 6.9388939039072284e-18


