# Created by Octave 5.1.0, Wed Apr 22 01:27:51 2020 GMT <unknown@Thomas-PC>
# name: contactConvergence
# type: matrix
# rows: 2
# columns: 1
 3.0960547365237563
 4.7693840277701523e-19


