# Created by Octave 5.1.0, Wed Apr 22 01:20:39 2020 GMT <unknown@Thomas-PC>
# name: contactConvergence
# type: matrix
# rows: 4
# columns: 1
 1.8258880190676778
 0.91294400953383892
 0.89307935227550772
 2.1684043449710089e-19


