# Created by Octave 5.1.0, Wed Feb 19 18:34:49 2020 GMT <unknown@Thomas-PC>
# name: contactConvergence
# type: matrix
# rows: 3
# columns: 1
 0.91121937175113465
 4.6870344833913292e-06
 2.4359018641358564e-19


