# Created by Octave 5.1.0, Wed Apr 22 01:18:07 2020 GMT <unknown@Thomas-PC>
# name: contactConvergence
# type: matrix
# rows: 3
# columns: 1
 1.2329352844846986
 0.98395537270863098
 4.3368086899420177e-18


