# Created by Octave 5.1.0, Wed Apr 22 01:18:07 2020 GMT <unknown@Thomas-PC>
# name: equilibriumConvergence
# type: matrix
# rows: 3
# columns: 1
 2.1208309850581877
 1.5906232387936414
 1.673210153125037e-15


