# Created by Octave 5.1.0, Wed Apr 22 01:20:39 2020 GMT <unknown@Thomas-PC>
# name: equilibriumConvergence
# type: matrix
# rows: 4
# columns: 1
 1.3144739697921166
 0.65723698489605842
 0.32861849244803065
 8.4428812072896051e-15


