# Created by Octave 5.1.0, Wed Apr 22 01:17:59 2020 GMT <unknown@Thomas-PC>
# name: equilibriumConvergence
# type: matrix
# rows: 3
# columns: 1
 3.8188130791298733
 1.6412537749474819e-15
 4.732129413825675e-16


