# Created by Octave 5.1.0, Wed Feb 19 17:29:53 2020 GMT <unknown@Thomas-PC>
# name: equilibriumConvergence
# type: matrix
# rows: 15
# columns: 1
 0.84015335601175301
 1.2652695876024594e-12
 5.9839637336712425e-13
 2.6772243773251377e-13
 1.2036354440475486e-13
 6.8523840434764568e-14
 4.9612953496094613e-14
 4.3124276351996296e-14
 4.060522992594053e-14
 5.1800357670817138e-14
 6.0920899205040262e-14
 4.7768984095890941e-14
 4.9376202354721582e-14
 6.0976060179245731e-14
 3.5169779149716597e-14


