# Created by Octave 5.1.0, Wed Apr 22 01:18:36 2020 GMT <unknown@Thomas-PC>
# name: equilibriumConvergence
# type: matrix
# rows: 3
# columns: 1
 1.6151304031403597
 0.80756520157017919
 5.0027525674204034e-15


