# Created by Octave 5.1.0, Wed Feb 19 18:34:49 2020 GMT <unknown@Thomas-PC>
# name: equilibriumConvergence
# type: matrix
# rows: 3
# columns: 1
 0.56863769503808803
 2.9545764595248314e-11
 2.1250187813358718e-12


