# Created by Octave 5.1.0, Wed Apr 22 01:27:51 2020 GMT <unknown@Thomas-PC>
# name: equilibriumConvergence
# type: matrix
# rows: 2
# columns: 1
 1.1105472795019755
 1.7187686237438342e-14


