# Created by Octave 5.1.0, Wed Apr 22 01:17:59 2020 GMT <unknown@Thomas-PC>
# name: lambda_sol
# type: matrix
# rows: 3
# columns: 1
 0
 -3.48059608386234
 0


