# Created by Octave 5.1.0, Wed Apr 22 01:17:59 2020 GMT <unknown@Thomas-PC>
# name: u_sol
# type: matrix
# rows: 18
# columns: 1
 0.0024733216285512671
 -0.0024733216285512498
 0
 0
 9.7192924794111696e-18
 -0.024326807134134463
 0
 0.024326807134134477
 8.9983806221421436e-18
 -0.16631338163279849
 -0.16631338163279849
 0
 0
 -0.10000000000000003
 -0.11456470706389443
 0
 -0.11456470706389443
 -0.11282052132285514


