# Created by Octave 5.1.0, Wed Apr 22 01:18:07 2020 GMT <unknown@Thomas-PC>
# name: u_sol
# type: matrix
# rows: 50
# columns: 1
 0.007280596436872698
 -0.0072805964368726703
 0
 0
 1.5592888119098188e-17
 -0.025747057950300939
 0
 0.025747057950300953
 6.3049715930399739e-18
 0.0026455082166645799
 1.1625951868741915e-17
 0.0023231272066502945
 -0.0026455082166645522
 -0.0023231272066502719
 -0.011234374368222383
 -0.011909821427063445
 -0.032696789039083976
 -0.012865041079241779
 0
 -4.1045475989700384e-20
 0
 0.01286504107924178
 0.032696789039083983
 0.011909821427063459
 0.011234374368222404
 -0.17163599152821468
 -0.17163599152821468
 0
 0
 -0.099999999999999978
 -0.12208371676374624
 0
 -0.12208371676374626
 -0.11949203761515857
 -0.15871918806515772
 -0.12887939445832031
 -0.15272753889377058
 -0.15871918806515772
 -0.15272753889377058
 -0.15638959477944805
 -0.12455308526541235
 -0.077127364892251749
 -0.071279118575746703
 0
 -0.068127508526592953
 0
 -0.071279118575746717
 -0.077127364892251762
 -0.12455308526541235
 -0.15638959477944805


