# Created by Octave 5.1.0, Wed Apr 22 01:18:36 2020 GMT <unknown@Thomas-PC>
# name: u_sol
# type: matrix
# rows: 162
# columns: 1
 0.010081742149636263
 -0.010081742149636194
 0
 0
 2.8408610789471317e-17
 -0.027502160995319186
 0
 0.027502160995319214
 1.5542006454667403e-17
 0.0074192905186639801
 2.4587691817562402e-17
 0.0031223155624764743
 -0.0074192905186639176
 -0.0031223155624764253
 -0.012428133171120376
 -0.012210690774262196
 -0.036588401529027419
 -0.015019215192807649
 0
 5.022477350831704e-18
 0
 0.015019215192807659
 0.036588401529027433
 0.012210690774262224
 0.012428133171120426
 0.008969600680605835
 0.002150283496648973
 0.005489840945854879
 2.7375873125313884e-17
 -0.00096894819977102337
 0.0037363112869904617
 0.0023449510823286925
 -0.00011682040787337452
 2.0595134731943325e-17
 -0.003736311286990401
 0.00096894819977107888
 -0.00548984094585482
 -0.0021502834966489158
 -0.0089696006806057656
 0.00011682040787342439
 -0.0023449510823286522
 -0.0085371544057272156
 -0.0075241558169167194
 -0.019933291800265533
 -0.01306476633455819
 -0.019617217220181199
 -0.0071175177430411671
 -0.0053495811224734185
 -0.034201914927110826
 -0.024861095906991548
 -0.017056345426262796
 -0.025296757438549734
 -0.030081810749070556
 -0.015417584428871339
 -0.0072836672261871868
 0
 -0.0097174781331139191
 2.0852258944602827e-18
 -0.0044246087004790342
 0
 -0.0069700009579410516
 9.7455980044878969e-18
 0
 0.0044246087004790376
 0.017056345426262796
 0.0097174781331139208
 0
 0.0069700009579410629
 0.0072836672261872059
 0.030081810749070563
 0.025296757438549745
 0.019933291800265561
 0.024861095906991568
 0.034201914927110846
 0.015417584428871358
 0.0053495811224734471
 0.019617217220181237
 0.01306476633455823
 0.0075241558169167706
 0.0085371544057272746
 0.007117517743041207
 -0.17937450508204061
 -0.17937450508204059
 0
 0
 -0.099999999999999964
 -0.12800807499120656
 0
 -0.12800807499120659
 -0.12649999224020095
 -0.16833333153122754
 -0.13999956819263862
 -0.1599350712944414
 -0.16833333153122751
 -0.15993507129444137
 -0.16310327558485349
 -0.13044709229480589
 -0.080215023343563702
 -0.074985979698387092
 0
 -0.072745610558332521
 0
 -0.074985979698387092
 -0.080215023343563716
 -0.13044709229480589
 -0.16310327558485352
 -0.17634670800096097
 -0.16623072814119441
 -0.17304070296401081
 -0.12854407364377285
 -0.15174676942210252
 -0.14967297581749509
 -0.14280370547197707
 -0.15051069119149363
 -0.13841941338568017
 -0.14967297581749509
 -0.15174676942210252
 -0.17304070296401081
 -0.16623072814119441
 -0.17634670800096094
 -0.15051069119149363
 -0.14280370547197707
 -0.17413413027046878
 -0.1645585180403123
 -0.13191359658129406
 -0.15087316622817029
 -0.14755493304079748
 -0.14831731826276776
 -0.12726312950910953
 -0.10661944801937022
 -0.10774290807699373
 -0.039820838280768288
 -0.077282493959371049
 -0.04708914455261725
 -0.10598660751720074
 -0.10389342251709038
 0
 -0.038809373131275193
 -0.037952815982893573
 -0.038422477172254554
 0
 -0.073653926172867895
 -0.10281036585374981
 0
 -0.038422477172254554
 -0.039820838280768288
 -0.038809373131275193
 0
 -0.073653926172867909
 -0.10389342251709038
 -0.047089144552617264
 -0.077282493959371062
 -0.13191359658129409
 -0.10774290807699374
 -0.10661944801937025
 -0.10598660751720075
 -0.12726312950910953
 -0.14755493304079753
 -0.15087316622817032
 -0.16455851804031232
 -0.17413413027046881
 -0.14831731826276776


