# Created by Octave 5.1.0, Wed Apr 22 01:20:39 2020 GMT <unknown@Thomas-PC>
# name: u_sol
# type: matrix
# rows: 578
# columns: 1
 0.0097551777617990477
 -0.0097551777617989142
 0
 0
 6.8508925398698226e-17
 -0.029336718268861466
 0
 0.029336718268861528
 3.1639952383891493e-17
 0.0096571859377845813
 5.1605698193374322e-17
 0.0039037060750661073
 -0.0096571859377844477
 -0.0039037060750660053
 -0.013806901425760862
 -0.013103944859721267
 -0.039208202393013321
 -0.01639309203606561
 0
 1.0841853119323878e-17
 0
 0.016393092036065635
 0.039208202393013356
 0.013103944859721332
 0.013806901425760965
 0.0094206671475165812
 0.0031678600710642419
 0.0068831751347690311
 6.0674509788217653e-17
 -0.00098998952507083115
 0.0078358793398422694
 0.0029978610089754399
 0.00010007693796780959
 4.225080244581548e-17
 -0.0078358793398421375
 0.00098998952507095214
 -0.0068831751347689105
 -0.0031678600710641222
 -0.0094206671475164459
 -0.00010007693796770659
 -0.0029978610089753562
 -0.0098623214062837986
 -0.0087982987965107701
 -0.021208932148900711
 -0.014335648918768101
 -0.021013665617494296
 -0.0080756433128532489
 -0.0059340809878372933
 -0.036507546017465239
 -0.026564396409298134
 -0.019128063224595197
 -0.02734606712826982
 -0.032548673533794502
 -0.016584335702184327
 -0.0078202436198823132
 0
 -0.010680833957497238
 3.6652274292856171e-18
 -0.0048193534323694078
 0
 -0.0075812328102823874
 2.076342576947488e-17
 0
 0.0048193534323694148
 0.019128063224595208
 0.010680833957497245
 0
 0.00758123281028241
 0.0078202436198823548
 0.032548673533794516
 0.027346067128269848
 0.021208932148900777
 0.026564396409298179
 0.036507546017465288
 0.016584335702184368
 0.0059340809878373566
 0.021013665617494379
 0.014335648918768184
 0.0087982987965108724
 0.00986232140628392
 0.0080756433128533322
 0.0094702662595063866
 0.0077189295927919954
 0.0085596116201532048
 0.0052674660657065393
 0.0066689069677147361
 0.0095624578872507155
 0.0051302378774642533
 0.0051636867840847067
 0.0028952005048448227
 6.4909479880161636e-17
 -0.0011721814804908676
 0.0040641137949116238
 -0.0013759027418843595
 -0.0018759338775167483
 5.6127053219551266e-17
 0.0093134356758298766
 0.00099460170148153856
 0.0033732621439841758
 0.0020567010062391574
 0.0012411643466886278
 3.6942201755294962e-17
 0.0017164266867786043
 0.001481426297287724
 0.0033498322427865128
 4.7000025472597837e-17
 0.00036201205705182918
 -0.00054118712215884168
 0.00099416733763960856
 -0.00089683051609333998
 0.00074914338396241033
 -0.0040641137949114893
 0.0011721814804909964
 -0.0033732621439840479
 -0.00099460170148140976
 -0.0093134356758297412
 0.0018759338775168697
 0.0013759027418844714
 -0.0085596116201530764
 -0.0077189295927918679
 -0.009470266259506253
 -0.0028952005048447117
 -0.0051636867840845861
 -0.0051302378774641423
 -0.0095624578872505802
 -0.0066689069677146086
 -0.005267466065706411
 -0.0012411643466885437
 -0.0020567010062390837
 0.00054118712215894512
 -0.0003620120570517354
 -0.0033498322427864199
 -0.0014814262972876308
 -0.0017164266867785022
 -0.00099416733763948886
 -0.00074914338396229888
 0.00089683051609345209
 -0.0093827791981396878
 -0.008378831900918763
 -0.011259757569848943
 -0.00928063578518829
 -0.011336685132434443
 -0.0072632640664793786
 -0.006329451132066068
 -0.025328813090574904
 -0.021457048542263407
 -0.025213333418520171
 -0.014102602768755999
 -0.017746612151858087
 -0.017092133604622851
 -0.017114760342696499
 -0.017629796565428846
 -0.014132204099280092
 -0.0045158445574497164
 -0.0028416759740240256
 -0.0057465584923856675
 -0.0053144538424751671
 -0.0093587680824787113
 -0.0073808406767191439
 -0.010609941742236588
 -0.011253306799567809
 -0.011126758103067149
 -0.0084362262186109364
 -0.033284283807987508
 -0.028862637632837231
 -0.033353345611439988
 -0.031666075524453517
 -0.038647792338289029
 -0.024246050900285386
 -0.01962286038277751
 -0.014526670849848008
 -0.025345507592835759
 -0.022455276745847606
 -0.021592673737633492
 -0.024697005359335437
 -0.01906394504181318
 -0.03751006760060796
 -0.031088332997804034
 -0.033401573211852817
 -0.0071064422831382664
 -0.003529480142633358
 -0.015157688890957572
 -0.010968672157504678
 -0.0123469934036489
 -0.012030071052158749
 -0.017088830860793346
 -0.027762648119081364
 -0.022258384587406428
 -0.021467825710038649
 0
 -0.010547367586048047
 -0.00577251423617243
 -0.0078490964471832625
 0
 -0.014428605005361935
 -0.014279163820325269
 9.3857931058531589e-19
 -0.0012527565923990396
 0
 -0.0031817405080669763
 -0.002344837885827285
 6.7984881474673983e-18
 0
 -0.0025851707397648847
 -0.0040624736840493185
 -0.0038647419154807417
 2.6105550264297838e-17
 -0.011758393105972296
 -0.0080002774621868514
 1.5587849779385948e-17
 -0.0039356597558050177
 -0.0037149530323069757
 -0.0075475546878204496
 -0.0065166078181368428
 -0.010159569867056939
 0
 0.0012527565923990411
 0.0040624736840493211
 0.0025851707397648869
 0
 0.002344837885827292
 0.0031817405080669901
 0.014526670849848013
 0.010547367586048052
 0
 0.014279163820325283
 0.014428605005361944
 0.019063945041813198
 0
 0.007849096447183266
 0.0057725142361724335
 0.0038647419154807829
 0.0035294801426334105
 0.0037149530323069974
 0.0039356597558050481
 0.012346993403648933
 0.0080002774621868826
 0.011758393105972318
 0.0075475546878204574
 0.010159569867056953
 0.0065166078181368567
 0.022455276745847616
 0.025345507592835773
 0.033401573211852852
 0.031088332997804054
 0.037510067600607981
 0.024697005359335455
 0.021592673737633516
 0.025328813090574966
 0.028862637632837286
 0.033284283807987564
 0.019622860382777566
 0.024246050900285438
 0.017092133604622917
 0.038647792338289064
 0.031666075524453566
 0.03335334561144003
 0.0071064422831383185
 0.0028416759740240889
 0.017088830860793377
 0.012030071052158791
 0.0093587680824787755
 0.01096867215750473
 0.015157688890957626
 0.027762648119081398
 0.02146782571003869
 0.022258384587406463
 0.025213333418520244
 0.021457048542263477
 0.014132204099280185
 0.017629796565428929
 0.017114760342696593
 0.01774661215185816
 0.014102602768756071
 0.0083788319009188827
 0.0093827791981398144
 0.0063294511320661695
 0.0072632640664794905
 0.011336685132434554
 0.0092806357851884028
 0.011259757569849045
 0.0045158445574497901
 0.01060994174223666
 0.0073808406767192185
 0.0053144538424752513
 0.0057465584923857603
 0.011253306799567903
 0.0084362262186110301
 0.011126758103067232
 -0.18417257975605897
 -0.18417257975605891
 0
 0
 -0.099999999999999978
 -0.13226129514345711
 0
 -0.13226129514345716
 -0.13152074346829845
 -0.17696252130242102
 -0.15057003792091003
 -0.16629789560913882
 -0.17696252130242099
 -0.1662978956091388
 -0.16818376704960394
 -0.13509970132770893
 -0.082464609190929669
 -0.077535121482320335
 0
 -0.075681839302204637
 0
 -0.077535121482320349
 -0.082464609190929711
 -0.13509970132770896
 -0.168183767049604
 -0.18292231622300509
 -0.17383722489018208
 -0.17946698494498206
 -0.13986876864550851
 -0.1598424963512817
 -0.15980837412164151
 -0.14899185201610288
 -0.157671754240714
 -0.14622166654900809
 -0.15980837412164148
 -0.15984249635128167
 -0.17946698494498203
 -0.17383722489018205
 -0.18292231622300506
 -0.15767175424071397
 -0.14899185201610285
 -0.17941836594828708
 -0.17030435869989607
 -0.13640286700624968
 -0.15598230230429416
 -0.15221099312974556
 -0.15378921838361492
 -0.13230365623375889
 -0.10952049006905074
 -0.11122432080134523
 -0.041459705770753238
 -0.079753214153849658
 -0.049479641541071394
 -0.10964905012697486
 -0.10774229716846125
 0
 -0.040055868470737228
 -0.039464325839232595
 -0.039688292198014237
 0
 -0.076266559851443261
 -0.10691984879152437
 0
 -0.039688292198014237
 -0.041459705770753252
 -0.040055868470737235
 0
 -0.076266559851443275
 -0.10774229716846126
 -0.049479641541071415
 -0.079753214153849686
 -0.13640286700624971
 -0.11122432080134526
 -0.10952049006905079
 -0.10964905012697489
 -0.13230365623375892
 -0.15221099312974562
