# Created by Octave 5.1.0, Wed Apr 22 01:27:51 2020 GMT <unknown@Thomas-PC>
# name: u_sol
# type: matrix
# rows: 2178
# columns: 1
 0.008198544507507349
 -0.0081985445075073229
 0
 0
 1.4143468442266616e-17
 -0.030394889008537426
 0
 0.030394889008537453
 -2.0306115867081752e-19
 0.0091450470439792854
 7.190208344489243e-18
 0.0042730931355763205
 -0.0091450470439792472
 -0.0042730931355763014
 -0.014415420738657307
 -0.013776015876944474
 -0.040532379420004302
 -0.017110509285591137
 0
 3.7914700346434794e-18
 0
 0.017110509285591147
 0.04053237942000433
 0.01377601587694449
 0.014415420738657335
 0.008235668999642641
 0.0032509364939657618
 0.0070647460050185821
 1.634297042380309e-17
 -0.0014395968298205508
 0.0090846804295177403
 0.0034629564334776354
 0.00027093441976863317
 6.0183548981279178e-19
 -0.0090846804295176917
 0.0014395968298205792
 -0.0070647460050185509
 -0.0032509364939657327
 -0.0082356689996426133
 -0.00027093441976861843
 -0.0034629564334776298
 -0.009953718110077529
 -0.0093898885008154905
 -0.02205716726411237
 -0.015126132011130179
 -0.021842735644189884
 -0.0087154735764632674
 -0.0063799169436885659
 -0.03769362560707807
 -0.027521092657329022
 -0.020117608287849517
 -0.028398197907942107
 -0.033823631643762488
 -0.017295922363739873
 -0.0081794477659090543
 0
 -0.011185458692418477
 3.2211177047066027e-18
 -0.0050435623760767953
 0
 -0.0079283481237354073
 1.5749528330695317e-18
 0
 0.0050435623760768013
 0.020117608287849528
 0.011185458692418486
 0
 0.007928348123735416
 0.008179447765909063
 0.033823631643762501
 0.028398197907942128
 0.022057167264112394
 0.027521092657329046
 0.037693625607078105
 0.017295922363739891
 0.0063799169436885702
 0.021842735644189912
 0.0151261320111302
 0.0093898885008155148
 0.0099537181100775602
 0.0087154735764632795
 0.0080702378964151115
 0.007411513752840963
 0.0081359875697090724
 0.0052611744297106989
 0.0065156228009899961
 0.0086483478255982016
 0.0054830321828060902
 0.0053340717389668661
 0.0030976365868434393
 1.9895745551846884e-17
 -0.0020684112060446276
 0.0056681811211202896
 -0.0014410655213169896
 -0.0023805985921823759
 1.1365548929658918e-17
 0.0094876779640301976
 0.00069278942837681609
 0.0033879741393245733
 0.0023755276108425433
 0.00155127224817599
 1.4965881268933378e-20
 0.0019565236726632415
 0.0018471725226623934
 0.0037852136089229693
 3.1935598013071224e-18
 0.00063206578218279815
 -0.00037338608371649019
 0.00085719507396681406
 -0.0010301995746035337
 0.00075685246053507689
 -0.0056681811211202453
 0.0020684112060446627
 -0.0033879741393245373
 -0.00069278942837678139
 -0.009487677964030156
 0.0023805985921824049
 0.0014410655213170117
 -0.0081359875697090411
 -0.0074115137528409317
 -0.0080702378964150855
 -0.003097636586843415
 -0.0053340717389668358
 -0.0054830321828060642
 -0.0086483478255981669
 -0.0065156228009899632
 -0.0052611744297106642
 -0.0015512722481759865
 -0.0023755276108425425
 0.00037338608371650451
 -0.00063206578218279067
 -0.0037852136089229563
 -0.0018471725226623834
 -0.0019565236726632241
 -0.00085719507396678576
 -0.00075685246053505586
 0.0010301995746035554
 -0.0088535906244132136
 -0.0085387856644522295
 -0.011887231836286998
 -0.0097431395149319214
 -0.011760855874666068
 -0.0077017509662051639
 -0.0068291434670499519
 -0.026272121375268399
 -0.022357162849420555
 -0.026131713533530977
 -0.014877065230564989
 -0.018593912249688902
 -0.017852581361400666
 -0.017845458907051172
 -0.018458158550985843
 -0.014870920879775177
 -0.005003806394825088
 -0.0031028496199820834
 -0.0062739200439307597
 -0.0058705269104412693
 -0.0099322296255636884
 -0.0079806756053860377
 -0.01130096765212933
 -0.011956552496965454
 -0.011849407527217528
 -0.0090624407083347118
 -0.034397951322282593
 -0.029855452304478381
 -0.034485178128545617
 -0.032727598199550893
 -0.039908589716308764
 -0.025146018279752984
 -0.020429318937588863
 -0.015590016386796862
 -0.026539371507592776
 -0.02348929445687712
 -0.022485732093649045
 -0.025757065999503666
 -0.019928714798111091
 -0.038861190413587557
 -0.03231940271282633
 -0.034596404724749903
 -0.0074846066124543776
 -0.0036875044239052263
 -0.015854575164480626
 -0.011526926444277788
 -0.012895679169966645
 -0.012580153905818929
 -0.017812142621601548
 -0.028773339221670531
 -0.023134936816751751
 -0.022312082655876177
 0
 -0.011126136757414626
 -0.0060328639869263742
 -0.0082238288605551869
 0
 -0.015139928777510902
 -0.014937536088604453
 1.3349455534632258e-18
 -0.001314211680635724
 0
 -0.003330795003373879
 -0.0024565800519740239
 4.2491776932846882e-18
 0
 -0.0027036189829620768
 -0.0042437953138232199
 -0.0040273167196175274
 6.4056820336528117e-19
 -0.012290246454883684
 -0.0083601239713246098
 2.690970705976305e-18
 -0.004107233653963943
 -0.0038838659431193771
 -0.0078975089005581464
 -0.0068202168739946436
 -0.010630708722239987
 0
 0.0013142116806357273
 0.0042437953138232225
 0.0027036189829620803
 0
 0.0024565800519740304
 0.0033307950033738872
 0.015590016386796865
 0.011126136757414629
 0
 0.014937536088604464
 0.015139928777510912
 0.019928714798111105
 0
 0.0082238288605551903
 0.0060328639869263786
 0.0040273167196175318
 0.0036875044239052289
 0.0038838659431193853
 0.0041072336539639499
 0.012895679169966657
 0.0083601239713246202
 0.012290246454883696
 0.0078975089005581534
 0.010630708722239996
 0.0068202168739946523
 0.023489294456877127
 0.026539371507592786
 0.034596404724749931
 0.032319402712826351
 0.038861190413587578
 0.025757065999503684
 0.022485732093649059
 0.026272121375268426
 0.029855452304478409
 0.034397951322282627
 0.020429318937588883
 0.025146018279753008
 0.017852581361400683
 0.039908589716308791
 0.032727598199550921
 0.034485178128545638
 0.0074846066124543836
 0.0031028496199820834
 0.017812142621601565
 0.012580153905818943
 0.0099322296255636988
 0.011526926444277798
 0.015854575164480644
 0.028773339221670552
 0.022312082655876198
 0.023134936816751769
 0.026131713533531005
 0.022357162849420579
 0.014870920879775202
 0.018458158550985867
 0.017845458907051196
 0.018593912249688923
 0.014877065230565006
 0.0085387856644522607
 0.0088535906244132448
 0.0068291434670499744
 0.0077017509662051916
 0.011760855874666099
 0.0097431395149319491
 0.011887231836287024
 0.005003806394825094
 0.011300967652129344
 0.0079806756053860464
 0.0058705269104412788
 0.0062739200439307754
 0.011956552496965474
 0.0090624407083347309
 0.011849407527217545
 0.0081091682637754563
 0.0081071000607327165
 0.0082747566488177975
 0.0078178516687944597
 0.0079563646065670263
 0.0081138387201950234
 0.0077160901962095192
 0.0077859789707874667
 0.0071340260141894308
 0.0070193267006752177
 0.0073108056651853557
 0.0088981216903713453
 0.0049405843717789007
 0.0059479546649700583
 0.0039994019651966401
 0.0084203316454372918
 0.0075186658777019345
 0.007678647511077631
 0.0047882404953269253
 0.0043035961409606327
 0.0035535057979528
 0.0062396442522574631
 0.0052434753971889268
 0.0062800981377089853
 0.0029727963840769298
 0.0041377341989356272
 0.0043386057543237343
 0.0069949754167313583
 0.0057650488811902796
 0.0064900230176345528
 1.9712154282463594e-17
 -0.0016549488140181309
 0.00094277884672263734
 -0.0020313806142620988
 -0.0021965529089168546
 1.8314172324279689e-17
 0.0080517342983485816
 -6.0448934869986384e-05
 0.0020408996648438073
 -0.00058335604415304444
 -0.00091871763330583496
 9.1347854654540047e-18
 -0.0022051543933363478
 -0.0019568715128191571
 -0.0019542374488865865
 1.4167223789142241e-17
 -0.0012847468048184513
 -0.0016718517492553971
 0.0093575203176132892
 0.0059772556597164055
 0.0065964074601038954
 0.0037898444912592044
 0.0050758992839632167
 0.0094513358427418138
 0.00043677309812513963
 0.0021403900465546354
 -0.00086482661969070464
 -0.002545747601128124
 -0.0019783748065155724
 -0.00083179876887275075
 0.001350032697439781
 0.0011651955923002479
 -2.6361147533378518e-19
 0.0024480549352232294
 0.0019759656071090216
 0.0030639014726574019
