# Created by Octave 5.1.0, Fri Feb 14 16:50:55 2020 GMT <unknown@Thomas-PC>
# name: contactConvergence
# type: matrix
# rows: 5
# columns: 1
 2.7489012030695341
 1.3884562417838567e-18
 2.7299291192279308e-18
 6.5052130349130266e-19
 3.0665868333667484e-19


