# Created by Octave 5.1.0, Fri Feb 14 17:46:17 2020 GMT <unknown@Thomas-PC>
# name: contactConvergence
# type: matrix
# rows: 5
# columns: 1
 3.0208843585065468
 7.7209703100933124e-19
 3.0665868333667484e-19
 6.0608743975763504e-20
 3.0665868333667484e-19


