# Created by Octave 5.1.0, Wed Feb 26 23:05:48 2020 GMT <unknown@Thomas-PC>
# name: contactConvergence
# type: matrix
# rows: 7
# columns: 1
 4.7940630677222922
 1.6770396744974404e-20
 6.1664929358524558e-20
 2.2168973756310864e-20
 4.1539172801477486e-20
 4.0249665208695385e-20
 8.7437435090199027e-20


