# Created by Octave 5.1.0, Sun Feb 16 22:58:39 2020 GMT <unknown@Thomas-PC>
# name: contactConvergence
# type: matrix
# rows: 6
# columns: 1
 3.8139481249400369
 1.1499700625125307e-19
 1.4374625781406633e-19
 3.8332335417084355e-20
 1.724955093768796e-19
 4.4301504323622569e-19


