# Created by Octave 5.1.0, Fri Feb 14 16:55:38 2020 GMT <unknown@Thomas-PC>
# name: contactConvergence
# type: matrix
# rows: 5
# columns: 1
 2.4253078935640153
 3.8332335417084353e-19
 4.6317137111987765e-19
 2.764184017091639e-19
 3.8332335417084353e-19


