# Created by Octave 5.1.0, Wed Feb 26 23:05:48 2020 GMT <unknown@Thomas-PC>
# name: equilibriumConvergence
# type: matrix
# rows: 7
# columns: 1
 0.63779997563224555
 0.38597009575173097
 0.10885413228872758
 0.004400786728366495
 3.2078280984055854e-05
 7.8340056560226487e-10
 6.9969870740722015e-14


