# Created by Octave 5.1.0, Sun Feb 16 22:58:39 2020 GMT <unknown@Thomas-PC>
# name: equilibriumConvergence
# type: matrix
# rows: 6
# columns: 1
 0.99006298036057261
 0.29878952424480104
 0.020113721659260786
 0.00021453547099442669
 1.4305969835218711e-08
 3.5209434615101969e-14


