# Created by Octave 5.1.0, Fri Feb 14 16:50:55 2020 GMT <unknown@Thomas-PC>
# name: equilibriumConvergence
# type: matrix
# rows: 5
# columns: 1
 3.6113684746352961
 0.36367163557464066
 0.0032273082437513671
 1.2635376425132565e-06
 7.2321237420935245e-14


