# Created by Octave 5.1.0, Fri Feb 14 16:55:38 2020 GMT <unknown@Thomas-PC>
# name: equilibriumConvergence
# type: matrix
# rows: 5
# columns: 1
 2.3300027926431408
 0.28393301005168253
 0.0033820231501230889
 1.3552657048525301e-06
 1.7650110707906569e-13


