# Created by Octave 5.1.0, Fri Feb 14 17:46:17 2020 GMT <unknown@Thomas-PC>
# name: equilibriumConvergence
# type: matrix
# rows: 5
# columns: 1
 1.532073983722346
 0.28176090805962556
 0.0066913576559865821
 1.2881253809523946e-05
 3.1396300012358995e-11


