# Created by Octave 5.1.0, Fri Feb 14 16:50:37 2020 GMT <unknown@Thomas-PC>
# name: equilibriumConvergence
# type: matrix
# rows: 5
# columns: 1
 4.792787960323234
 0.81752903901154439
 0.020395404678486165
 4.1567701666040642e-06
 3.663724327674463e-13


