# Created by Octave 5.1.0, Fri Feb 14 16:50:31 2020 GMT <unknown@Thomas-PC>
# name: lambda_sol
# type: matrix
# rows: 3
# columns: 1
 0
 -12.303752537004549
 0


