# Created by Octave 5.1.0, Fri Feb 14 16:50:55 2020 GMT <unknown@Thomas-PC>
# name: lambda_sol
# type: matrix
# rows: 9
# columns: 1
 0
 0
 0
 -12.608614755365009
 -8.5100161548884579
 -12.608614755365011
 0
 0
 0


