# Created by Octave 5.1.0, Fri Feb 14 16:55:38 2020 GMT <unknown@Thomas-PC>
# name: lambda_sol
# type: matrix
# rows: 17
# columns: 1
 0
 0
 0
 0
 0
 -15.873552234549878
 -8.8232858497341109
 -7.5867975467411837
 -7.4629980604422341
 -7.5867975467411819
 -8.8232858497341091
 -15.873552234549884
 0
 0
 0
 0
 0


