# Created by Octave 5.1.0, Fri Feb 14 17:46:17 2020 GMT <unknown@Thomas-PC>
# name: lambda_sol
# type: matrix
# rows: 33
# columns: 1
 0
 0
 0
 0
 0
 0
 0
 0
 0
 -20.035652074240073
 -11.25294251804203
 -9.0997951454268815
 -8.1553053516289022
 -7.6434174773776533
 -7.3527142522681297
 -7.2112093533758452
 -7.1606536277141073
 -7.2112093533758461
 -7.3527142522681306
 -7.643417477377656
 -8.155305351628904
 -9.0997951454268833
 -11.252942518042033
 -20.035652074240073
 0
 0
 0
 0
 0
 0
 0
 0
 0


