# Created by Octave 5.1.0, Sun Feb 16 22:58:39 2020 GMT <unknown@Thomas-PC>
# name: lambda_sol
# type: matrix
# rows: 65
# columns: 1
 0
 0
 0
 0
 0
 0
 0
 0
 0
 0
 0
 0
 0
 0
 0
 0
 0
 -25.115354308542177
 -15.078427311096684
 -11.836864279640933
 -10.284051428444927
 -9.3419889704482095
 -8.7061836915341555
 -8.2519303587632287
 -7.9161384071220073
 -7.6627758166789759
 -7.4696983768980001
 -7.3226581078468458
 -7.2122640292802851
 -7.1323711041771096
 -7.0793451392482245
 -7.052418430270154
 -7.0214271295928272
 -7.0524184302701549
 -7.0793451392482254
 -7.1323711041771105
 -7.2122640292802842
 -7.3226581078468449
 -7.4696983768980001
 -7.6627758166789759
 -7.9161384071220073
 -8.2519303587632287
 -8.7061836915341555
 -9.3419889704482095
 -10.284051428444926
 -11.836864279640931
 -15.07842731109668
 -25.11535430854218
 0
 0
 0
 0
 0
 0
 0
 0
 0
 0
 0
 0
 0
 0
 0
 0
 0


