# Created by Octave 5.1.0, Wed Feb 26 23:05:48 2020 GMT <unknown@Thomas-PC>
# name: lambda_sol
# type: matrix
# rows: 129
# columns: 1
 0
 0
 0
 0
 0
 0
 0
 0
 0
 0
 0
 0
 0
 0
 0
 0
 0
 0
 0
 0
 0
 0
 0
 0
 0
 0
 0
 0
 0
 0
 0
 0
 0
 -30.821765859083381
 -20.722345675132402
 -16.009640911018437
 -13.691312686954911
 -12.239690820767356
 -11.22745102298445
 -10.477051718728861
 -9.8976125862045308
 -9.4367554298656007
 -9.0618941196653857
 -8.7516047112306961
 -8.4911843003830079
 -8.2701862138334779
 -8.0809720137453045
 -7.9178210558662103
 -7.7763615686967507
 -7.6531950798810007
 -7.5456413735939707
 -7.4515609909421956
 -7.3692290325344088
 -7.2972437695914731
 -7.2344594302175942
 -7.1799361608936856
 -7.1329024917944119
 -7.0927271990793557
 -7.0588986185748244
 -7.0310105708936517
 -7.0087557622565804
 -6.991931969430798
 -6.980483228709538
 -6.9746873876590252
 -6.9572324377520225
 -6.974687387659027
 -6.9804832287095389
 -6.991931969430798
 -7.0087557622565804
 -7.0310105708936517
 -7.0588986185748235
 -7.0927271990793566
 -7.1329024917944119
 -7.1799361608936856
 -7.2344594302175951
 -7.2972437695914731
 -7.3692290325344088
 -7.4515609909421965
 -7.5456413735939742
 -7.6531950798810033
 -7.7763615686967515
 -7.9178210558662112
 -8.0809720137453045
 -8.2701862138334796
 -8.4911843003830096
 -8.7516047112306978
 -9.0618941196653875
 -9.4367554298655989
 -9.8976125862045308
 -10.477051718728861
 -11.227451022984452
 -12.239690820767361
 -13.691312686954916
 -16.009640911018444
 -20.722345675132438
 -30.821765859083328
 0
 0
 0
 0
 0
 0
 0
 0
 0
 0
 0
 0
 0
 0
 0
 0
 0
 0
 0
 0
 0
 0
 0
 0
 0
 0
 0
 0
 0
 0
 0
 0
 0


