# Created by Octave 5.1.0, Fri Feb 14 16:50:37 2020 GMT <unknown@Thomas-PC>
# name: u_sol
# type: matrix
# rows: 50
# columns: 1
 0.010628813975430714
 -0.01062881397543076
 0
 0
 -7.5593983285003557e-18
 -0.034716782259767778
 0
 0.034716782259767751
 -4.8976857101629959e-18
 0.0070873868608231413
 -4.8092430937485531e-18
 -0.0026743532885586262
 -0.0070873868608231664
 0.002674353288558608
 -0.0077651692068512806
 -0.014871476018550761
 -0.053792267058502277
 -0.021823359076988111
 0
 -6.1664516388773e-18
 0
 0.021823359076988097
 0.053792267058502263
 0.014871476018550742
 0.0077651692068512607
 -0.25622042852081894
 -0.256220428520819
 0
 0
 -0.10000000000000001
 -0.18862554465205314
 0
 -0.18862554465205314
 -0.17475174035155538
 -0.21701225728940707
 -0.16449890897388103
 -0.22106332815838492
 -0.2170122572894071
 -0.22106332815838495
 -0.23722042226550022
 -0.19039321827169628
 -0.12491565426102898
 -0.11339387981268516
 0
 -0.10365544673428634
 0
 -0.11339387981268517
 -0.12491565426102896
 -0.19039321827169625
 -0.23722042226550019


