# Created by Octave 5.1.0, Fri Feb 14 16:50:55 2020 GMT <unknown@Thomas-PC>
# name: u_sol
# type: matrix
# rows: 162
# columns: 1
 0.039790551178741911
 -0.039790551178742077
 0
 0
 -6.8309319211945169e-17
 -0.024509507265062402
 0
 0.024509507265062312
 -3.686725227761874e-17
 0.033393737919709315
 -6.058010657399312e-17
 -0.0073780433165173617
 -0.033393737919709461
 0.0073780433165172316
 -0.0040730906722313666
 -0.0055676210273274788
 -0.050808915992529145
 -0.021271935850394656
 0
 -1.9732303628824124e-17
 0
 0.021271935850394628
 0.050808915992529097
 0.0055676210273273973
 0.0040730906722312365
 0.037448824885970899
 0.0018885304599605146
 0.008389511115082661
 -6.4632399690242464e-17
 -0.0035855158343603348
 0.021018005244802549
 -0.005019625236179855
 -0.0077388220346660012
 -5.1569292157214111e-17
 -0.021018005244802691
 0.0035855158343601973
 -0.0083895111150828015
 -0.0018885304599606518
 -0.037448824885971052
 0.0077388220346658806
 0.0050196252361797561
 -0.013733253755630871
 0.0026757984839334802
 -0.013730932269787203
 -0.0010160044748111728
 -0.0097274603086726485
 0.00422760312180449
 -0.00086097747180931944
 -0.03881288298262877
 -0.026868144084700049
 -0.029755127443604045
 -0.035938085750859987
 -0.050396663011480221
 -0.015821770830957829
 -0.0073338924661559791
 0
 -0.017199995565066878
 -4.9338969626924701e-18
 -0.0078613897948181469
 0
 -0.0098341349428362115
 -3.0528528389866354e-17
 0
 0.0078613897948181348
 0.029755127443604021
 0.017199995565066861
 0
 0.0098341349428361768
 0.0073338924661559227
 0.0503966630114802
 0.035938085750859945
 0.013730932269787116
 0.02686814408469999
 0.038812882982628708
 0.015821770830957767
 0.00086097747180923889
 0.0097274603086725444
 0.0010160044748110642
 -0.0026757984839336094
 0.013733253755630725
 -0.0042276031218045941
 -0.2548235002627926
 -0.25482350026279266
 0
 0
 -0.10000000000000001
 -0.18049698701400479
 0
 -0.18049698701400474
 -0.16575910211421413
 -0.18051021837454811
 -0.15274787340605656
 -0.19633138922595064
 -0.18051021837454811
 -0.19633138922595067
 -0.23216098804877897
 -0.17727564510231225
 -0.11634402812385082
 -0.1108737420808235
 0
 -0.10459059410819739
 0
 -0.11087374208082348
 -0.11634402812385078
 -0.17727564510231222
 -0.23216098804877891
 -0.22679249407703239
 -0.19275324916032308
 -0.22831397377606114
 -0.12771209671948899
 -0.14264606918694711
 -0.099999999999999992
 -0.17288187350504811
 -0.16461204852640418
 -0.1661719034197775
 -0.099999999999999992
 -0.14264606918694711
 -0.22831397377606116
 -0.1927532491603231
 -0.22679249407703239
 -0.16461204852640418
 -0.17288187350504811
 -0.24920488474838265
 -0.22134109383903386
 -0.18536566990377981
 -0.20711698405791401
 -0.20848026013603102
 -0.19186991088585267
 -0.16671790274635001
 -0.15164818595845905
 -0.15594201452411705
 -0.05977084586267295
 -0.11549641024579863
 -0.070716173314966893
 -0.15107393783666437
 -0.14506075339642069
 0
 -0.057945186424940703
 -0.054949809284235734
 -0.056740903064829373
 0
 -0.10714156792232706
 -0.14259928847094225
 0
 -0.056740903064829373
 -0.059770845862672943
 -0.057945186424940696
 0
 -0.10714156792232706
 -0.14506075339642069
 -0.070716173314966879
 -0.11549641024579861
 -0.18536566990377976
 -0.15594201452411702
 -0.15164818595845903
 -0.15107393783666434
 -0.16671790274635001
 -0.20848026013603096
 -0.20711698405791398
 -0.22134109383903383
 -0.24920488474838262
 -0.19186991088585265


