# Created by Octave 5.1.0, Fri Feb 14 16:55:38 2020 GMT <unknown@Thomas-PC>
# name: u_sol
# type: matrix
# rows: 578
# columns: 1
 0.051559149971499699
 -0.051559149971499733
 0
 0
 -2.522545823037526e-17
 -0.019219673365073003
 0
 0.019219673365072971
 -1.916336103787792e-17
 0.039305977629946032
 -2.3830241471140851e-17
 -0.0096530168629961801
 -0.039305977629946073
 0.0096530168629961333
 -0.0007634611485105153
 -0.0029345316181435639
 -0.04978342844746516
 -0.020958144606753451
 0
 -4.9977903070064542e-18
 0
 0.02095814460675343
 0.049783428447465132
 0.0029345316181435327
 0.00076346114851047822
 0.047523788792300098
 0.00027123157653112956
 0.0092805085193711605
 -2.5433625174953635e-17
 -0.00025638631502382907
 0.013861027796870659
 -0.0047625076364023666
 -0.0062196765082129209
 -2.0022104425111785e-17
 -0.013861027796870708
 0.00025638631502377589
 -0.0092805085193712021
 -0.00027123157653117076
 -0.047523788792300133
 0.0062196765082128741
 0.0047625076364023241
 -0.016972672161084536
 0.0062620136691035099
 -0.0091759811778151217
 0.0036229853684462353
 -0.0042482126207370316
 0.006656583399281624
 -0.00032489476333822585
 -0.036082323943466568
 -0.024218872100612077
 -0.031607305961497884
 -0.035093990626014565
 -0.050652930758617556
 -0.014032338031344538
 -0.0062835762717132837
 0
 -0.017789715551452694
 -4.921103977944189e-18
 -0.0079425674693589954
 0
 -0.0095610844812019525
 -1.2449502076836914e-17
 0
 0.0079425674693589868
 0.031607305961497877
 0.017789715551452683
 0
 0.0095610844812019386
 0.0062835762717132594
 0.05065293075861755
 0.035093990626014544
 0.0091759811778150905
 0.024218872100612049
 0.036082323943466534
 0.014032338031344514
 0.0003248947633381904
 0.0042482126207369934
 -0.0036229853684462731
 -0.006262013669103555
 0.016972672161084491
 -0.0066565833992816674
 0.049058055031382067
 0.025791587556968643
 0.029470142701476874
 0.014022795331314732
 0.020789432641012476
 0.045266916827659931
 -0.0044794478484763093
 0.0047898541103470887
 -0.0068583386462680741
 -2.7451816204139609e-17
 0.0039126821638717207
 0.0061372620926836161
 -0.0019268882903035341
 0.00056674539073605648
 -2.3269259497118088e-17
 0.025756936758598102
 0.0071623359831419027
 0.0071740177572403802
 -0.0015180025442860124
 -0.0025875942003224951
 -1.9151006016176886e-17
 -0.0088645714593297738
 -0.0061296436415087035
 -0.0084126867676536515
 -2.2924725000476322e-17
 -0.0031914850019448744
 -0.0030820490196873588
 -0.0022183682223593667
 -0.0045009415860322475
 -0.0070526481615316031
 -0.0061372620926836699
 -0.0039126821638717736
 -0.0071740177572404227
 -0.0071623359831419504
 -0.02575693675859814
 -0.00056674539073610646
 0.0019268882903034845
 -0.029470142701476916
 -0.025791587556968681
 -0.049058055031382108
 0.0068583386462680324
 -0.0047898541103471304
 0.0044794478484762651
 -0.045266916827659973
 -0.020789432641012517
 -0.014022795331314772
 0.0025875942003224521
 0.0015180025442859712
 0.0030820490196873111
 0.0031914850019448288
 0.0084126867676536064
 0.0061296436415086558
 0.0088645714593297217
 0.002218368222359322
 0.0070526481615315511
 0.0045009415860321981
 -0.032894646063880047
 -0.013167948580016084
 0.003191964983464979
 -0.0021993198614955042
 -0.0060688678488070016
 0.0012413044447369184
 0.0085630228379928522
 -0.01373406637065021
 -0.0058260193849462598
 -0.010837867013214427
 0.00075399295323966753
 -0.0019779745701500118
 -0.0055726131098950867
 -0.0005078474630524568
 0.00030867758727545075
 0.0036801870838856438
 0.0025052386314448334
 6.8331337509963374e-06
 0.0093131927965098733
 0.0062573845497798757
 -0.0012287980573445767
 0.002886579113120923
 0.0023638403759110504
 0.0067077967570098223
 0.0057623459707191746
 0.008658120106580125
 -0.027504018617865965
 -0.02187997473195967
 -0.037301558640431429
 -0.030034929876743676
 -0.043842463267448437
 -0.0167777219053175
 -0.012350476016976751
 -0.026763858323613787
 -0.041035130059838575
 -0.040211177347158636
 -0.027730862442857943
 -0.036109677883024771
 -0.028069177722199086
 -0.05266974643112745
 -0.044648590006333269
 -0.042640600731565267
 -0.0035231565106327084
 -0.0017453080943030841
 -0.008682168980868649
 -0.0057728968076316773
 -0.01308224821872863
 -0.0098685126828258769
 -0.018363471402163083
 -0.030664866948727575
 -0.024265669432152293
 -0.018834858326005354
 0
 -0.019766824166073466
 -0.010811063412022837
 -0.014768032731659329
 0
 -0.024033764628315302
 -0.021015377262599281
 4.1919361667575627e-19
 -0.0022768105761987335
 0
 -0.0046259954162101991
 -0.0038471020003554421
 -3.5581659757118676e-18
 0
 -0.0047474917948862067
 -0.007539861314919411
 -0.0030851191987779289
 -1.5349671688182999e-17
 -0.01492671850825175
 -0.0083852099267590421
 -9.2037679113049238e-18
 -0.0041053521192551054
 -0.004670119489758511
 -0.012513280559599693
 -0.0095018733690292959
 -0.014888297420918474
 0
 0.0022768105761987339
 0.0075398613149194058
 0.004747491794886205
 0
 0.0038471020003554364
 0.0046259954162101904
 0.026763858323613776
 0.019766824166073463
 0
 0.021015377262599267
 0.024033764628315295
 0.028069177722199069
 0
 0.014768032731659327
 0.01081106341202283
 0.0030851191987779042
 0.0017453080943030535
 0.004670119489758498
 0.0041053521192550846
 0.013082248218728608
 0.0083852099267590213
 0.014926718508251733
 0.012513280559599682
 0.014888297420918462
 0.0095018733690292838
 0.040211177347158622
 0.041035130059838561
 0.042640600731565247
 0.044648590006333248
 0.052669746431127429
 0.036109677883024757
 0.027730862442857922
 0.013734066370650177
 0.021879974731959642
 0.027504018617865934
 0.012350476016976721
 0.016777721905317469
 0.0055726131098950554
 0.043842463267448409
 0.030034929876743652
 0.037301558640431401
 0.0035231565106326797
 -6.833133751031978e-06
 0.018363471402163063
 0.0098685126828258508
 0.0012287980573445466
 0.0057728968076316469
 0.0086821689808686195
 0.03066486694872755
 0.01883485832600533
 0.024265669432152269
 0.010837867013214396
 0.0058260193849462233
 -0.0036801870838856841
 -0.00030867758727548891
 0.0005078474630524104
 0.0019779745701499775
 -0.0007539929532397032
 0.013167948580016043
 0.032894646063880005
 -0.008563022837992899
 -0.0012413044447369603
 0.0060688678488069591
 0.0021993198614954604
 -0.0031919649834650206
 -0.0025052386314448724
 -0.0023638403759110881
 -0.0028865791131209603
 -0.0062573845497799182
 -0.0093131927965099184
 -0.0067077967570098639
 -0.0086581201065801684
 -0.0057623459707192154
 -0.24877812293303644
 -0.24877812293303642
 0
 0
 -0.10000000000000001
 -0.17236582394205341
 0
 -0.17236582394205341
 -0.15903757604669325
 -0.14994517069479157
 -0.14781365894731546
 -0.18099126928459275
 -0.14994517069479157
 -0.18099126928459275
 -0.22462346397921434
 -0.17049983447581185
 -0.11062270591911078
 -0.10900327692066161
 0
 -0.10392624757367544
 0
 -0.1090032769206616
 -0.11062270591911076
 -0.17049983447581185
 -0.22462346397921437
 -0.21144357739417552
 -0.17136710812272266
 -0.21502200423873705
 -0.12594903907400273
 -0.13289099017165515
 -0.099999999999999992
 -0.16586239562984312
 -0.15605105570776323
 -0.16005349423124002
 -0.099999999999999992
 -0.13289099017165515
 -0.21502200423873705
 -0.17136710812272266
 -0.21144357739417549
 -0.15605105570776323
 -0.16586239562984312
 -0.24409051901509793
 -0.20939591121825524
 -0.17808650413542762
 -0.19718301300537527
 -0.199401271786705
 -0.18127247804072863
 -0.16150423606111955
 -0.14414305438333957
 -0.15076160176340156
 -0.059714771250426305
 -0.1123590094345291
 -0.068449931726592278
 -0.1469794114128628
 -0.14159561545317007
 0
 -0.057504242795852832
 -0.055488424568444286
 -0.056404774907532741
 0
 -0.10566560353353839
 -0.13932485416026938
 0
 -0.056404774907532741
 -0.059714771250426305
 -0.057504242795852832
 0
 -0.10566560353353839
 -0.14159561545317007
 -0.068449931726592278
 -0.1123590094345291
 -0.17808650413542762
 -0.15076160176340153
 -0.14414305438333957
 -0.1469794114128628
 -0.16150423606111952
 -0.19940127178670497
