# Created by Octave 5.1.0, Fri Feb 14 17:46:17 2020 GMT <unknown@Thomas-PC>
# name: u_sol
# type: matrix
# rows: 2178
# columns: 1
 0.055173077418497536
 -0.055173077418497606
 0
 0
 -2.3893563260524268e-17
 -0.017198599982104205
 0
 0.017198599982104178
 -1.2095551695043366e-17
 0.038079466749664566
 -2.0259710410744261e-17
 -0.010146441935468101
 -0.038079466749664621
 0.010146441935468055
 0.0015247123913731061
 -0.0024166362937122097
 -0.049219642319305472
 -0.020788432695348278
 0
 -3.5098399616700784e-18
 0
 0.020788432695348268
 0.049219642319305458
 0.0024166362937121841
 -0.0015247123913731532
 0.050852774097401292
 -0.0014575277914644284
 0.0080557377247125698
 -2.3161549916142072e-17
 0.00059344411484083524
 0.0097760968484524886
 -0.0044611261361946781
 -0.0054358664619135813
 -1.6288180639162145e-17
 -0.0097760968484525389
 -0.00059344411484088457
 -0.0080557377247126201
 0.0014575277914643779
 -0.050852774097401354
 0.0054358664619135397
 0.0044611261361946451
 -0.017291819673961709
 0.0084101389610758484
 -0.0078051360468207685
 0.0053445745162728851
 -0.0018946125460104634
 0.0071066991228495103
 -0.00031522574628207561
 -0.03504304958699176
 -0.023356552775868244
 -0.032052109471481287
 -0.034710155115837193
 -0.050571655448998165
 -0.013500116420501088
 -0.0059861517433748576
 0
 -0.017949278630336803
 7.9873595297429852e-19
 -0.0079731380874063645
 0
 -0.0094694145206828517
 -9.5685927585482186e-18
 0
 0.0079731380874063663
 0.03205210947148128
 0.017949278630336799
 0
 0.009469414520682843
 0.0059861517433748429
 0.050571655448998158
 0.034710155115837187
 0.0078051360468207433
 0.023356552775868223
 0.03504304958699174
 0.013500116420501069
 0.00031522574628205013
 0.0018946125460104261
 -0.0053445745162729215
 -0.0084101389610758952
 0.01729181967396165
 -0.0071066991228495432
 0.052255959853185166
 0.026442297559837
 0.031092556929525374
 0.010629507560050502
 0.019626184374845961
 0.048440279262413816
 -0.0063622508873945301
 0.0027238264061640255
 -0.0076626546249466835
 -2.4690860047747344e-17
 0.0032612958784285669
 0.0044679800903407851
 -0.0014081655137824296
 0.00075773637143709122
 -2.1535984791215835e-17
 0.017998756334470935
 0.006266085057856783
 0.0075515184409905272
 -0.0013146084935743618
 -0.0023225927599195501
 -1.4595036333820618e-17
 -0.0082716485663811481
 -0.0056198589271886186
 -0.0081149113488576067
 -1.7708075064291933e-17
 -0.0028264734038289697
 -0.0025950962963975492
 -0.0011261278440416027
 -0.0034766045280445134
 -0.0061320684347447888
 -0.0044679800903408354
 -0.0032612958784286137
 -0.0075515184409905775
 -0.0062660850578568324
 -0.017998756334470987
 -0.00075773637143713741
 0.0014081655137823858
 -0.03109255692952544
 -0.026442297559837059
 -0.052255959853185235
 0.0076626546249466349
 -0.0027238264061640771
 0.0063622508873944815
 -0.048440279262413878
 -0.019626184374846017
 -0.010629507560050556
 0.0023225927599195193
 0.0013146084935743341
 0.002595096296397508
 0.0028264734038289346
 0.0081149113488575668
 0.0056198589271885778
 0.0082716485663811064
 0.0011261278440415526
 0.0061320684347447437
 0.0034766045280444679
 -0.035238907344077662
 -0.012769468046449264
 0.0055327992137640938
 -0.00042634481887785842
 -0.0046670412245808906
 0.0032515016418503892
 0.010134435702254922
 -0.011996138796368247
 -0.0039474048610363662
 -0.0086765311816615464
 0.0017522928619041981
 -0.00048414105341020264
 -0.0046314041264868041
 0.0019799156266494169
 0.0024353209143868951
 0.0060352389242738788
 0.0023615230679625526
 -3.784232229710393e-05
 0.0097483179070694398
 0.0061777537686557729
 -0.0010382784141645209
 0.0029615787484738917
 0.0028441648030563004
 0.0086889281920568065
 0.0068887791939649199
 0.0099747693726038866
 -0.026123437905204838
 -0.02058287689492164
 -0.036555617016498773
 -0.029043080327372062
 -0.043051833681764171
 -0.015682017693178955
 -0.011514445777738734
 -0.027968753748630056
 -0.041225992893165461
 -0.040283786664998628
 -0.027468070608076427
 -0.036054829316657551
 -0.028124613530326421
 -0.052345160059270875
 -0.044451607493028164
 -0.042143778365739612
 -0.0032579186994923571
 -0.001548973412888441
 -0.0080985503474760405
 -0.0053843363404661943
 -0.012793755129461733
 -0.0094698100169814947
 -0.017977324617035179
 -0.030026177420551227
 -0.023756335049092622
 -0.018139058592310433
 0
 -0.02023008938647522
 -0.010853103385035544
 -0.014932580338980993
 0
 -0.024333531609922895
 -0.021071936778680796
 1.5817712036557724e-18
 -0.0022812427283005819
 0
 -0.0046189072168958739
 -0.0038594330957621059
 -2.5677070493245491e-18
 0
 -0.0047421172797697262
 -0.0075386626553992642
 -0.0028997340025262346
 -1.0738490839604763e-17
 -0.014805873490142611
 -0.008174617185691388
 -6.9772217393719558e-18
 -0.0039796676426694247
 -0.0046118329033040719
 -0.012586635988756704
 -0.0095046962893283165
 -0.014915423603374204
 0
 0.0022812427283005854
 0.0075386626553992676
 0.0047421172797697279
 0
 0.0038594330957621064
 0.0046189072168958695
 0.027968753748630053
 0.020230089386475216
 0
 0.021071936778680789
 0.024333531609922888
 0.028124613530326414
 0
 0.014932580338980992
 0.010853103385035544
 0.0028997340025262142
 0.0015489734128884204
 0.0046118329033040632
 0.0039796676426694108
 0.012793755129461721
 0.0081746171856913758
 0.014805873490142602
 0.012586635988756704
 0.014915423603374198
 0.009504696289328313
 0.040283786664998621
 0.041225992893165454
 0.042143778365739598
 0.044451607493028157
 0.052345160059270861
 0.036054829316657544
 0.027468070608076416
 0.011996138796368218
 0.020582876894921616
 0.026123437905204813
 0.011514445777738714
 0.015682017693178934
 0.0046314041264867798
 0.043051833681764157
 0.029043080327372049
 0.036555617016498759
 0.0032579186994923359
 3.7842322297079427e-05
 0.017977324617035165
 0.0094698100169814791
 0.0010382784141644941
 0.0053843363404661735
 0.0080985503474760197
 0.03002617742055121
 0.018139058592310412
 0.023756335049092608
 0.0086765311816615134
 0.0039474048610363332
 -0.0060352389242739213
 -0.0024353209143869329
 -0.0019799156266494611
 0.00048414105341017054
 -0.0017522928619042269
 0.012769468046449205
 0.0352389073440776
 -0.010134435702254968
 -0.0032515016418504408
 0.0046670412245808385
 0.00042634481887780773
 -0.0055327992137641406
 -0.0023615230679625821
 -0.0028441648030563295
 -0.0029615787484739216
 -0.0061777537686558076
 -0.0097483179070694797
 -0.0086889281920568481
 -0.00997476937260393
 -0.0068887791939649555
 0.053496628000621015
 0.041672645810075584
 0.043334815065882694
 0.038152486781090234
 0.040023786724845085
 0.051449158845107493
 0.018972056878643815
 0.028943246671673462
 0.0163448119908896
 0.021132630510612149
 0.02749800622243756
 0.044980805214401752
 0.0065116889187106968
 0.015199536569748448
 0.0035736633079629021
 0.050062255867784226
 0.03232274704925079
 0.035727051822799831
 -0.0093467862414140322
 -0.0073419718509692847
 -0.0093076424283120088
 0.0054193770941926645
 -0.0026001981251843219
 -0.00058796225358334262
 -0.0051014922067180307
 -0.004215697505150235
 0.0002701919341765944
 0.023386363812652248
 0.0099652714536175562
 0.013329138011604413
 -2.4658679985745592e-17
 0.0020466920671917965
 0.0021777230504661919
 0.0010644820897715854
 0.0016385824050914048
 -2.3726625866708121e-17
 0.0069497485795851884
 0.004151468985187895
 0.006360282798811622
 -0.0010291593999248014
 -0.0006538925362478469
 -2.2131355125356689e-17
 0.00085244950192907797
 -0.00043038042519115362
 -0.00092293179238166797
 -2.2050212904462357e-17
 -0.00015594883444325523
 0.00043628542373684446
 0.025716803708473915
 0.013486964504150057
 0.014608338947263983
 0.0087103330204179562
 0.011182852947708249
 0.013241886207130526
 0.003314715374657233
 0.0073182998747636958
 0.0033518003909654569
 0.0020490611534206469
 0.0028613985256939357
 0.0048357058198491469
 -0.00037901000297316001
 -0.00068520277056036561
 -1.3495918717495372e-17
 -0.0034263849246190044
 -0.0018687127321855934
 -0.0027267556781539032
