# Created by Octave 5.1.0, Wed Apr 22 03:12:44 2020 GMT <unknown@Thomas-PC>
# name: contactConvergence
# type: matrix
# rows: 6
# columns: 1
 2.748904271099518
 3.286017857546689
 1.3010426069826053e-18
 3.0899761915836876e-18
 3.9573379295720912e-18
 1.0842021724855044e-18


