# Created by Octave 5.1.0, Wed Apr 22 03:14:41 2020 GMT <unknown@Thomas-PC>
# name: contactConvergence
# type: matrix
# rows: 6
# columns: 1
 4.8993595724772909
 1.6359338798751728e-18
 2.533271149392985e-18
 1.8738137503898947e-18
 2.0236035207819789e-18
 3.0795723067429516e-18


