# Created by Octave 5.1.0, Wed Apr 22 03:12:09 2020 GMT <unknown@Thomas-PC>
# name: contactConvergence
# type: matrix
# rows: 6
# columns: 1
 2.8999988438379014
 1.4592141225239992
 1.7347234759768071e-18
 7.8062556418956319e-18
 6.0715321659188248e-18
 4.3368086899420177e-18


