# Created by Octave 5.1.0, Wed Feb 19 21:11:14 2020 GMT <unknown@Thomas-PC>
# name: contactConvergence
# type: matrix
# rows: 7
# columns: 1
 7.8921735802065625
 0.85309843487716863
 1.457028544589713e-18
 1.4526826891724062e-18
 1.4896835666010992e-18
 7.9057947840915026e-19
 7.8005046099356295e-19


