# Created by Octave 5.1.0, Wed Feb 19 22:56:55 2020 GMT <unknown@Thomas-PC>
# name: contactConvergence
# type: matrix
# rows: 8
# columns: 1
 17.974692691260948
 0.0036218769551065334
 1.0528600595563033e-18
 0.30715878802988095
 9.3323107520280926e-19
 1.136542854958476e-18
 1.0074251213803761e-18
 1.086907417734521e-18


