# Created by Octave 5.1.0, Wed Apr 22 03:33:01 2020 GMT <unknown@Thomas-PC>
# name: contactConvergence
# type: matrix
# rows: 8
# columns: 1
 6.1659520158860746
 0.0014831718840437494
 0.26188167929580208
 0.5215855453146836
 2.3780839478864675e-18
 2.8658092305329165e-18
 1.9002944701486465e-18
 2.453558219145973e-18


