# Created by Octave 5.1.0, Wed Feb 19 21:11:14 2020 GMT <unknown@Thomas-PC>
# name: equilibriumConvergence
# type: matrix
# rows: 7
# columns: 1
 2.2568989133062756
 1.3107999827990651
 0.34617625054892925
 0.038425666730471333
 0.00052750514173113621
 9.944534829820947e-08
 5.2997560676922097e-14


