# Created by Octave 5.1.0, Wed Apr 22 03:14:41 2020 GMT <unknown@Thomas-PC>
# name: equilibriumConvergence
# type: matrix
# rows: 6
# columns: 1
 3.4478579726611338
 0.66580290839071288
 0.042574105938461809
 0.00024197497999231302
 1.0216338757762468e-08
 1.4588053401095375e-14


