# Created by Octave 5.1.0, Wed Apr 22 03:12:44 2020 GMT <unknown@Thomas-PC>
# name: equilibriumConvergence
# type: matrix
# rows: 6
# columns: 1
 3.5356246401864571
 0.70816228629787525
 0.10359539768530314
 0.00040721946431804859
 1.1942478299644242e-08
 8.2373412382684555e-15


