# Created by Octave 5.1.0, Wed Apr 22 03:11:57 2020 GMT <unknown@Thomas-PC>
# name: equilibriumConvergence
# type: matrix
# rows: 6
# columns: 1
 5.7282196186948102
 1.0813006340369067
 0.87500340542805688
 0.0069285428533036701
 2.5515706939123321e-07
 2.9906051677242558e-15


