# Created by Octave 5.1.0, Wed Feb 19 22:56:55 2020 GMT <unknown@Thomas-PC>
# name: equilibriumConvergence
# type: matrix
# rows: 8
# columns: 1
 1.8459406095407713
 2.6026224189686009
 0.96913755628466247
 0.55085443933926426
 0.095223761859359352
 0.0037158315214140931
 6.0708448295689659e-06
 1.6228570948551916e-11


