# Created by Octave 5.1.0, Wed Apr 22 03:33:01 2020 GMT <unknown@Thomas-PC>
# name: equilibriumConvergence
# type: matrix
# rows: 8
# columns: 1
 3.0502616274749594
 0.83311855469144791
 0.78172978788369218
 0.59612583784210871
 0.11330407934868575
 0.0017390431367901567
 6.7879337675046968e-07
 1.1485020294102282e-13


