# Created by Octave 5.1.0, Wed Apr 22 03:12:09 2020 GMT <unknown@Thomas-PC>
# name: equilibriumConvergence
# type: matrix
# rows: 6
# columns: 1
 3.7320415216065461
 1.9046686283855176
 0.11838602951948224
 0.00015086430201619898
 1.0530237035573776e-09
 4.6427651267196541e-15


