# Created by Octave 5.1.0, Wed Apr 22 03:11:57 2020 GMT <unknown@Thomas-PC>
# name: lambda_sol
# type: matrix
# rows: 3
# columns: 1
 0
 -8.2003577004459167
 0


