# Created by Octave 5.1.0, Wed Apr 22 03:12:09 2020 GMT <unknown@Thomas-PC>
# name: lambda_sol
# type: matrix
# rows: 5
# columns: 1
 0
 0
 -14.81263108585042
 0
 0


