# Created by Octave 5.1.0, Wed Apr 22 03:14:41 2020 GMT <unknown@Thomas-PC>
# name: lambda_sol
# type: matrix
# rows: 17
# columns: 1
 0
 0
 0
 0
 0
 0
 0
 -1.2787704590036559
 -46.940916111539977
 -1.2787704590036582
 0
 0
 0
 0
 0
 0
 0


