# Created by Octave 5.1.0, Wed Apr 22 03:33:01 2020 GMT <unknown@Thomas-PC>
# name: lambda_sol
# type: matrix
# rows: 33
# columns: 1
 0
 0
 0
 0
 0
 0
 0
 0
 0
 0
 0
 0
 -0.39797005674698743
 -2.6238334123947009
 -4.9405252840526259
 -3.4481566669542669
 -74.624616872523418
 -3.4481566669542705
 -4.9405252840526286
 -2.6238334123947107
 -0.39797005674697433
 0
 0
 0
 0
 0
 0
 0
 0
 0
 0
 0
 0


