# Created by Octave 5.1.0, Wed Feb 19 21:11:14 2020 GMT <unknown@Thomas-PC>
# name: lambda_sol
# type: matrix
# rows: 65
# columns: 1
 0
 0
 0
 0
 0
 0
 0
 0
 0
 0
 0
 0
 0
 0
 0
 0
 0
 0
 0
 0
 0
 0
 0
 0
 -0.59922977694341817
 -1.6709219124401395
 -2.6146615087564706
 -3.6863695886994599
 -5.024398146274847
 -6.893653066388997
 -9.9633277380824374
 -3.3951839583648362
 -126.03862282732541
 -3.3951839583648722
 -9.9633277380823841
 -6.8936530663890219
 -5.0243981462748497
 -3.686369588699451
 -2.6146615087564578
 -1.6709219124401509
 -0.59922977694341384
 0
 0
 0
 0
 0
 0
 0
 0
 0
 0
 0
 0
 0
 0
 0
 0
 0
 0
 0
 0
 0
 0
 0
 0


