# Created by Octave 5.1.0, Wed Apr 22 03:11:57 2020 GMT <unknown@Thomas-PC>
# name: u_sol
# type: matrix
# rows: 18
# columns: 1
 -0.0054581010652532602
 0.0054581010652533651
 0
 0
 4.8386985467836286e-17
 -0.03545200682673616
 0
 0.035452006826736215
 1.7025113106431017e-17
 -0.2362430481393816
 -0.23624304813938152
 0
 0
 -0.10000000000000003
 -0.17021056689926281
 0
 -0.17021056689926284
 -0.15819896742582326


