# Created by Octave 5.1.0, Wed Apr 22 03:12:09 2020 GMT <unknown@Thomas-PC>
# name: u_sol
# type: matrix
# rows: 50
# columns: 1
 0.010628813975433271
 -0.010628813975433192
 0
 0
 4.8000711736361158e-17
 -0.03471678225976748
 0
 0.034716782259767515
 2.29133648213683e-17
 0.0070873868608241674
 2.8135604667353006e-17
 -0.0026743532885578724
 -0.0070873868608241023
 0.0026743532885579293
 -0.007765169206851703
 -0.014871476018550682
 -0.053792267058501535
 -0.02182335907698758
 0
 4.6126168138493743e-18
 0
 0.02182335907698758
 0.053792267058501556
 0.014871476018550713
 0.0077651692068517542
 -0.25622042852081678
 -0.25622042852081678
 0
 0
 -0.099999999999999978
 -0.18862554465205175
 0
 -0.18862554465205178
 -0.17475174035155236
 -0.2170122572894034
 -0.16449890897387739
 -0.22106332815838234
 -0.2170122572894034
 -0.22106332815838234
 -0.2372204222654988
 -0.19039321827169434
 -0.12491565426102808
 -0.11339387981268391
 0
 -0.10365544673428509
 0
 -0.11339387981268391
 -0.12491565426102812
 -0.19039321827169434
 -0.23722042226549886


