# Created by Octave 5.1.0, Wed Apr 22 03:12:44 2020 GMT <unknown@Thomas-PC>
# name: u_sol
# type: matrix
# rows: 162
# columns: 1
 0.031295014119166291
 -0.031295014119166444
 0
 0
 -7.7987570813557199e-17
 -0.034652428209629653
 0
 0.034652428209629577
 -3.2581987232598818e-17
 0.026553518006568317
 -5.9076719023725529e-17
 -0.002411498386860559
 -0.026553518006568466
 0.0024114983868604362
 -0.010689685607292831
 -0.012038506445964632
 -0.060954394633287987
 -0.026528759259874756
 0
 -9.8470027935841443e-18
 0
 0.026528759259874728
 0.060954394633287945
 0.012038506445964561
 0.010689685607292715
 0.029559465121278387
 0.0037924688804544804
 0.0095265327940433631
 -7.0842271357952207e-17
 -0.0019187978031675833
 0.016981722736863863
 -0.0020778311519300471
 -0.005190016689755138
 -3.8096948614954446e-17
 -0.016981722736864005
 0.0019187978031674413
 -0.009526532794043507
 -0.0037924688804546235
 -0.029559465121278543
 0.0051900166897550217
 0.0020778311519299561
 -0.014397426597867993
 -0.003343312797461744
 -0.022415702501102881
 -0.0091060384314449721
 -0.019120185251788817
 -0.0018092625299270736
 -0.0042688030874667099
 -0.049502743915300004
 -0.035555788818116461
 -0.035239596882979667
 -0.043857284655503981
 -0.058805679082073986
 -0.021869816257744947
 -0.010251865835805132
 0
 -0.020715428775232716
 -3.19011392964524e-18
 -0.0095698189487905261
 0
 -0.012398408138071885
 -2.1404215435137215e-17
 0
 0.0095698189487905226
 0.035239596882979653
 0.020715428775232702
 0
 0.012398408138071859
 0.010251865835805091
 0.058805679082073951
 0.043857284655503953
 0.022415702501102815
 0.035555788818116413
 0.049502743915299956
 0.021869816257744902
 0.0042688030874666414
 0.01912018525178872
 0.0091060384314448749
 0.0033433127974616238
 0.014397426597867852
 0.001809262529926973
 -0.28757145007931911
 -0.28757145007931917
 0
 0
 -0.099999999999999964
 -0.20514161914777423
 0
 -0.20514161914777418
 -0.19246541319563967
 -0.23715125355391922
 -0.18398613615049716
 -0.23782007407256869
 -0.23715125355391928
 -0.23782007407256872
 -0.26212651184571117
 -0.20567846824613795
 -0.13129297746262628
 -0.12463123490255162
 0
 -0.1175724198093583
 0
 -0.12463123490255161
 -0.13129297746262625
 -0.20567846824613792
 -0.26212651184571106
 -0.26876706452418186
 -0.24099155661250685
 -0.26687890930761438
 -0.15226936892504192
 -0.1995622528758102
 -0.18196848593721623
 -0.20932768193775972
 -0.2094970625481333
 -0.19698249371325502
 -0.18196848593721629
 -0.19956225287581023
 -0.26687890930761443
 -0.2409915566125069
 -0.26876706452418192
 -0.20949706254813333
 -0.20932768193775972
 -0.28033465137117336
 -0.25655176321225726
 -0.21177762582518253
 -0.23832028721277831
 -0.2364590753642512
 -0.22686914082534435
 -0.19559563426605803
 -0.17205106188157535
 -0.17669672045580512
 -0.066215713001052057
 -0.12961341269920801
 -0.079333400656312891
 -0.17242171628834116
 -0.1663175747930998
 0
 -0.064121349554777135
 -0.060673467536975396
 -0.062840446268538616
 0
 -0.12069967166278697
 -0.16291345327591977
 0
 -0.062840446268538602
 -0.066215713001052057
 -0.064121349554777135
 0
 -0.12069967166278696
 -0.16631757479309978
 -0.079333400656312891
 -0.12961341269920798
 -0.21177762582518248
 -0.17669672045580509
 -0.17205106188157529
 -0.17242171628834116
 -0.195595634266058
 -0.23645907536425112
 -0.23832028721277826
 -0.25655176321225726
 -0.2803346513711733
 -0.22686914082534432


