# Created by Octave 5.1.0, Wed Apr 22 03:33:01 2020 GMT <unknown@Thomas-PC>
# name: u_sol
# type: matrix
# rows: 2178
# columns: 1
 0.04277857756157849
 -0.042778577561578511
 0
 0
 -6.3552572882069481e-18
 -0.034800006393015642
 0
 0.034800006393015628
 -6.0977453296030258e-18
 0.043178089694039731
 -8.1856160423345645e-18
 -0.0031102678819391726
 -0.043178089694039752
 0.0031102678819391566
 -0.013771501408797567
 -0.011137925791902422
 -0.067186653855227388
 -0.029989651066617471
 0
 -6.4874468420286855e-18
 0
 0.029989651066617461
 0.067186653855227374
 0.011137925791902406
 0.013771501408797546
 0.042014554293622539
 0.0081915037702211431
 0.017349407607999967
 -9.3765474711663852e-18
 -0.0037932083042137117
 0.030673994702105304
 -0.0024894057338683941
 -0.0070363535107035025
 -5.8761365361074183e-18
 -0.030673994702105335
 0.0037932083042136939
 -0.017349407607999988
 -0.0081915037702211622
 -0.042014554293622566
 0.0070363535107034842
 0.0024894057338683789
 -0.023620822444098997
 -0.0049261080666342773
 -0.021426444448770468
 -0.0081381047603882213
 -0.019008938520701103
 -0.00052459950892483646
 -0.0041672247894515534
 -0.053165656535965965
 -0.037366189922027372
 -0.042901171317729379
 -0.048489167856864766
 -0.066186077069287169
 -0.022898972837186761
 -0.010617492620495371
 0
 -0.024705848565104025
 -3.9904899334371956e-18
 -0.011223850991563023
 0
 -0.014034322719719728
 -5.2296647474951523e-18
 0
 0.011223850991563018
 0.042901171317729372
 0.024705848565104018
 0
 0.014034322719719716
 0.010617492620495357
 0.066186077069287169
 0.048489167856864759
 0.021426444448770451
 0.037366189922027358
 0.053165656535965951
 0.022898972837186747
 0.0041672247894515404
 0.019008938520701089
 0.0081381047603882057
 0.00492610806663426
 0.023620822444098976
 0.00052459950892482031
 0.041888182941366793
 0.029036827506571772
 0.030908798154220707
 0.022539579290827862
 0.02654447954445855
 0.042849691743501138
 0.0047634128685395336
 0.013357048109762138
 4.6858480575562653e-05
 -1.1985351448967939e-17
 -0.0015523775324347967
 0.012906837495411905
 -0.0059917591558936844
 -0.0057852510802584934
 -7.9731049572577692e-18
 0.040652277512500869
 0.0066757656065157024
 0.015974527611116372
 6.8668740740782396e-06
 -0.0017668697982458495
 -6.3979986795878953e-18
 -0.0060859422417224585
 -0.0052124113778806661
 -0.0048022856940803669
 -7.8234844199974593e-18
 -0.0034459700168711447
 -0.0049348818919464389
 0.0020041084541699058
 -0.0071522557268767798
 -0.0044311418913360557
 -0.012906837495411909
 0.0015523775324347803
 -0.015974527611116392
 -0.0066757656065157198
 -0.040652277512500896
 0.0057852510802584734
 0.0059917591558936636
 -0.030908798154220731
 -0.029036827506571793
 -0.041888182941366814
 -4.6858480575581118e-05
 -0.013357048109762158
 -0.0047634128685395518
 -0.042849691743501166
 -0.026544479544458571
 -0.022539579290827883
 0.0017668697982458346
 -6.8668740740925646e-06
 0.0049348818919464216
 0.0034459700168711295
 0.0048022856940803504
 0.0052124113778806488
 0.0060859422417224411
 -0.0020041084541699236
 0.0044311418913360375
 0.007152255726876759
 -0.03281508722465059
 -0.020548868340910603
 -0.0091317500629236586
 -0.012917133882052392
 -0.016864991091955817
 -0.0090563829866460895
 -0.00078929226072194786
 -0.027710999101309402
 -0.019545627885114179
 -0.026042235452022302
 -0.0092243006609273349
 -0.01397549562843536
 -0.015892952406630932
 -0.014636292854819981
 -0.013117174056810763
 -0.0093646829595971596
 -0.00072664087374688948
 -0.0018521788899310348
 0.0025863578082142009
 0.0017081495257212506
 -0.0072242017060811072
 -0.0024779588569083699
 -0.0053446906742143597
 -0.0048330308800983279
 -0.0039048616846356276
 -0.00079325874638385416
 -0.044020173410874157
 -0.036516857711491935
 -0.052741921906329765
 -0.045169757895321273
 -0.061245954772751583
 -0.029503864001627352
 -0.023044932051772129
 -0.036965249728849417
 -0.054450520069197185
 -0.052629200006763591
 -0.038983777216323547
 -0.048939563074689052
 -0.038742418858636052
 -0.069572229197251437
 -0.059577569176385979
 -0.058086675878745692
 -0.0076101039188317407
 -0.0036896082908890069
 -0.017215626339379914
 -0.012074556230344129
 -0.019886010678289948
 -0.01647497652309635
 -0.027447203994407785
 -0.044082550944921993
 -0.035562808220634748
 -0.029893958197192316
 0
 -0.027036372471979986
 -0.014862830593108263
 -0.020199230486273503
 0
 -0.033033796816037291
 -0.029462664733983828
 -2.8026104211820068e-18
 -0.0032095373309326413
 0
 -0.0066635792028252898
 -0.005468758544974619
 -5.6635872204064826e-18
 0
 -0.0066307444645037784
 -0.010442789232106535
 -0.0052006892844481539
 -5.0809584805440412e-18
 -0.021681841499136982
 -0.012887105924498009
 -6.2735833137064187e-18
 -0.0063291427880812238
 -0.006887486615367918
 -0.017541816628448791
 -0.013616658402572215
 -0.021138444805604516
 0
 0.0032095373309326356
 0.010442789232106531
 0.006630744464503774
 0
 0.0054687585449746121
 0.0066635792028252802
 0.036965249728849417
 0.027036372471979986
 0
 0.029462664733983814
 0.033033796816037284
 0.038742418858636038
 0
 0.020199230486273499
 0.014862830593108259
 0.0052006892844481418
 0.0036896082908889965
 0.0068874866153679042
 0.0063291427880812108
 0.019886010678289934
 0.012887105924497995
 0.021681841499136968
 0.017541816628448781
 0.021138444805604506
 0.013616658402572207
 0.052629200006763591
 0.054450520069197185
 0.058086675878745678
 0.059577569176385965
 0.069572229197251423
 0.048939563074689038
 0.038983777216323533
 0.027710999101309385
 0.036516857711491914
 0.044020173410874129
 0.023044932051772112
 0.029503864001627338
 0.015892952406630915
 0.061245954772751569
 0.045169757895321259
 0.052741921906329751
 0.0076101039188317277
 0.0018521788899310227
 0.027447203994407771
 0.016474976523096336
 0.0072242017060810924
 0.012074556230344114
 0.0172156263393799
 0.044082550944921972
 0.029893958197192299
 0.035562808220634734
 0.026042235452022281
 0.019545627885114162
 0.0093646829595971422
 0.013117174056810744
 0.014636292854819962
 0.013975495628435345
 0.0092243006609273211
 0.020548868340910582
 0.032815087224650562
 0.00078929226072193106
 0.0090563829866460721
 0.016864991091955796
 0.012917133882052373
 0.0091317500629236395
 0.00072664087374687397
 0.005344690674214345
 0.0024779588569083548
 -0.0017081495257212677
 -0.002586357808214217
 0.0048330308800983114
 0.00079325874638383758
 0.0039048616846356124
 0.042238172114461445
 0.036492148645416861
 0.037073174974556061
 0.035560187718003289
 0.036000901733212631
 0.041818641381425228
 0.024239433116032293
 0.030005936269861484
 0.022863612400111224
 0.032164313517578279
 0.033575085202657069
 0.043188762185965145
 0.01719700286776335
 0.024797645517597975
 0.014538527603474901
 0.042399864828598796
 0.034483812120653684
 0.035093103303709454
 5.8861807574537473e-05
 0.0024346666191363583
 -0.002069767080845586
 0.015483728947036913
 0.0084613816936843864
 0.010685408161302857
 0.003410391711097722
 0.0060259924427432249
 0.010929841835359392
 0.027917014719968113
 0.019423248503697203
 0.021285608515302253
 -4.4243265166855959e-18
 4.4095110317363829e-05
 0.0064661067139050021
 -0.0038249664383307805
 -0.0028043210106152069
 -1.1065838564957917e-17
 0.021579293147385926
 0.0039885267365265551
 0.0098115158712413567
 -0.0031264021594275171
 -0.0035099610159071782
 -9.5050775144981616e-18
 -0.0055428975977831248
 -0.0061485479689673515
 -0.0068132411307870377
 -1.027518027366498e-17
 -0.0038320531748805742
 -0.0040069396188113877
 0.0424877879213112
 0.02680178018999433
 0.030001661101548258
 0.016433021359840875
 0.02230026792734045
 0.037010350810013956
 0.0039973930374331262
 0.011571882675764473
 0.00022622653253833908
 -0.0044848179541051416
 -0.0028620616877591347
 0.0019549527589473241
 0.00039086072147956244
 -5.8347769140989914e-05
 -6.4817040662653602e-18
 -0.0023016726356925124
 -0.00088780962159881684
 -0.0010470662741260454
 -6.8543976984124945e-18
 -0.00050940689534279861
