# Created by Octave 5.1.0, Fri Feb 14 18:45:04 2020 GMT <unknown@Thomas-PC>
# name: contactConvergence
# type: matrix
# rows: 44
# columns: 1
 0.93640166713505113
 0.46820083356752557
 7.3176179907841906e-19
 3.1841229209693254e-19
 3.2526065174565133e-19
 3.2185468719006421e-19
 3.2974721750313767e-19
 3.2974721750313767e-19
 3.5236570605778894e-19
 3.616265290724389e-19
 2.1169724165680508e-19
 1.3552527156068805e-19
 6.0608743975763504e-20
 5.4210108624275222e-20
 1.1499700625125307e-19
 1.9166167708542177e-19
 2.3158568555993882e-19
 1.7142741545784674e-19
 1.7355703022298208e-19
 3.4801482463710155e-06
 3.0451297155743817e-06
 1.5225648577875665e-06
 1.141923643340339e-06
 9.9918318792297008e-07
 7.4938739094186249e-07
 7.0255067900860572e-07
 6.5864126157041708e-07
 6.4834999185872303e-07
 6.3821952323560504e-07
 6.1827516313459722e-07
 6.0876555979554478e-07
 5.9940222232846672e-07
 5.6193958343258183e-07
 0.0014837421061185104
 0.0013910082244861033
 0.0013040702104557219
 0.0012633180163789813
 0.0012435786723730593
 0.0012287296794808594
 0.00098958019523063883
 0.00097411800468015942
 0.00097315329356655283
 0.00095742742017728376
 0.0009509384423529439


