# Created by Octave 5.1.0, Fri Feb 14 16:50:33 2020 GMT <unknown@Thomas-PC>
# name: contactConvergence
# type: matrix
# rows: 6
# columns: 1
 0.0049038105676657978
 1.3877787807814457e-17
 6.9388939039072284e-18
 0
 3.4694469519536142e-18
 3.4694469519536142e-18


