# Created by Octave 5.1.0, Fri Feb 14 17:20:09 2020 GMT <unknown@Thomas-PC>
# name: contactConvergence
# type: matrix
# rows: 43
# columns: 1
 1.122489117798237
 4.5998802500501228e-19
 4.5998802500501228e-19
 4.5998802500501228e-19
 1.5332934166833742e-19
 2.4243497590305402e-19
 2.4243497590305402e-19
 4.8486995180610803e-19
 1.5332934166833742e-19
 1.0842021724855044e-19
 3.9091465258659389e-19
 3.0665868333667484e-19
 5.4210108624275222e-20
 6.1331736667334967e-19
 3.0665868333667484e-19
 8.4678896662722031e-19
 3.9091465258659389e-19
 3.4285483091569348e-19
 1.0842021724855044e-19
 1.0842021724855044e-19
 4.5998802500501228e-19
 6.0158573165786848e-05
 1.3615818764989776e-18
 1.5332934166833742e-19
 2.4243497590305402e-19
 3.0665868333667484e-19
 3.0665868333667484e-19
 1.6263032587282567e-19
 3.4285483091569348e-19
 4.4702800766818725e-19
 2.4243497590305402e-19
 3.0665868333667484e-19
 2.4243497590305402e-19
 2.1684043449710089e-19
 6.8570966183138696e-19
 3.9091465258659389e-19
 1.9545732629329695e-19
 3.9091465258659389e-19
 7.2730492770916205e-19
 3.4285483091569348e-19
 5.6597014991876857e-19
 3.4285483091569348e-19
 7.8182930517318779e-19


