# Created by Octave 5.1.0, Fri Feb 14 16:50:33 2020 GMT <unknown@Thomas-PC>
# name: equilibriumConvergence
# type: matrix
# rows: 6
# columns: 1
 5.7282196186947996
 2.30146053660593
 0.056193211900084986
 0.00030339742491062796
 1.2741965292944563e-08
 1.3671344973816034e-15


