# Created by Octave 5.1.0, Fri Feb 14 17:20:09 2020 GMT <unknown@Thomas-PC>
# name: equilibriumConvergence
# type: matrix
# rows: 43
# columns: 1
 1.2307017314266817
 0.44324843610528059
 0.34710762066766992
 0.16817983117022914
 0.16003256934035132
 0.16164622904542827
 0.16037823239794
 0.16230123344459163
 0.16052179921076359
 0.16958451295699709
 0.16290231191056273
 0.1620183124846282
 0.21538354372709864
 0.18818286148894062
 0.16450303479321318
 0.17264110863516924
 0.16719798242996334
 0.16554390979340908
 0.17256254474257834
 0.16674657547585028
 0.1655264332287805
 0.40206772654062822
 0.30849265412447435
 0.14808054452922861
 0.14795233739308461
 0.14976759553502761
 0.14813630697403413
 0.18024681889094116
 0.15793941109009754
 0.15600489310486715
 0.15631627794774627
 0.15648409783343359
 0.1562784907372666
 0.15803433544245896
 0.17128414303285106
 0.16971566471739682
 0.17012185017451506
 0.16727085922831336
 0.16472573788510186
 0.26143199667304184
 0.21294429162979381
 0.21147495444322928
 0.19502736082369787


