# Created by Octave 5.1.0, Fri Feb 14 18:45:04 2020 GMT <unknown@Thomas-PC>
# name: equilibriumConvergence
# type: matrix
# rows: 44
# columns: 1
 0.77032895842982574
 0.76190940943399033
 0.30025944845092967
 0.2603385640817365
 0.25712820799309605
 0.25415053468396387
 0.24733564877434508
 0.24111019314632517
 0.23846810406061175
 0.25626562675142839
 0.28396410592130333
 0.22647782169947847
 0.21092036155273416
 0.18143720110383998
 0.17860729693701138
 0.18453723949747033
 0.18778162724510922
 0.14242950127598214
 0.14248834151760587
 0.19127155963654224
 0.17769547581380707
 0.16014259857561447
 0.1400548112190215
 0.13346526405608677
 0.11321901356844045
 0.11111021919740494
 0.11096861339617793
 0.11025335162454779
 0.11020212615200958
 0.10934026164434235
 0.11010209911465525
 0.11074475109230546
 0.10980203556081757
 1.2817558448864799
 1.2296165687275913
 1.1617540051297812
 1.127448259898747
 1.1103117359712023
 1.0809976620355102
 0.47518139221689959
 0.46947131511206813
 0.48455438295081149
 0.4421334824099768
 0.36511784684562509


