# Created by Octave 5.1.0, Fri Feb 14 16:54:52 2020 GMT <unknown@Thomas-PC>
# name: equilibriumConvergence
# type: matrix
# rows: 6
# columns: 1
 2.04293614615028
 0.36429515835456555
 0.015995371611890734
 6.9180417361179849e-05
 2.2245240876598571e-09
 4.6531330289264654e-15


