# Created by Octave 5.1.0, Fri Feb 14 17:20:09 2020 GMT <unknown@Thomas-PC>
# name: lambda_sol
# type: matrix
# rows: 17
# columns: 1
 0
 0
 0
 0
 0
 -4.545905590057373
 -5.6561504445248829
 -5.3817381172448222
 -5.1949684426072054
 -5.4244788839150715
 -5.8210837883871136
 -4.825709342956543
 0
 0
 0
 0
 0


