# Created by Octave 5.1.0, Fri Feb 14 18:45:04 2020 GMT <unknown@Thomas-PC>
# name: lambda_sol
# type: matrix
# rows: 33
# columns: 1
 0
 0
 0
 0
 0
 0
 0
 0
 0
 -4.7356027000173526
 -4.210009753704071
 -6.6610787923119688
 -6.5271385676664977
 -5.3968688718077829
 -5.2006789511999614
 -5.1990438003055033
 -5.1247050166130066
 -5.4059901237487793
 -6.5111382901668549
 -7.6009865999221802
 -2.3260221481323242
 -0.29247847944498062
 -0.88460636138916016
 -8.226279593696745
 0
 0
 0
 0
 0
 0
 0
 0
 0


