# Created by Octave 5.1.0, Fri Feb 14 16:50:33 2020 GMT <unknown@Thomas-PC>
# name: u_sol
# type: matrix
# rows: 18
# columns: 1
 0.0072936482174478781
 -0.0072936482174479449
 0
 0
 -3.8322184271652147e-17
 -0.027911169755735959
 0
 0.027911169755735935
 -8.1536446207480716e-18
 -0.17455863085467579
 -0.17455863085467582
 0
 0
 0.009807621135331606
 -0.11635912345111152
 0
 -0.1163591234511115
 -0.10459851009075054


