# Created by Octave 5.1.0, Fri Feb 14 16:54:52 2020 GMT <unknown@Thomas-PC>
# name: u_sol
# type: matrix
# rows: 162
# columns: 1
 0.02028952854130044
 -0.020289528541300509
 0
 0
 -3.1075850039644685e-17
 -0.031620068557186645
 0
 0.031620068557186617
 -1.2425512395032988e-17
 0.017419948616139051
 -2.2965543405654784e-17
 0.0038603174388677341
 -0.017419948616139116
 -0.0038603174388677796
 -0.017276097259931983
 -0.012319082104266525
 -0.037235907494538277
 -0.012693881509529057
 0
 -3.9270173147185243e-18
 0
 0.012693881509529048
 0.037235907494538263
 0.012319082104266499
 0.017276097259931934
 0.018809340045145753
 0.0037565939455155226
 0.0097802157668397619
 -2.9555688623605211e-17
 -0.0033508595969333047
 0.0054544971736561355
 0.0021409272874517928
 -0.00070556923852042105
 -1.7403039562166098e-17
 -0.0054544971736561997
 0.0033508595969332458
 -0.0097802157668398192
 -0.003756593945515582
 -0.018809340045145818
 0.00070556923852037573
 -0.0021409272874518275
 -0.014506234949122886
 -0.010322606919221941
 -0.021872012090437216
 -0.015539451661786899
 -0.024318985361074175
 -0.0077587146593722988
 -0.0047911081999648872
 -0.036904237533780831
 -0.025077847206656723
 -0.013974932806615391
 -0.023344623926451352
 -0.028822540725488694
 -0.014312244566083987
 -0.0064071047717342627
 0
 -0.0074320773652386731
 -1.68804495123897e-18
 -0.0032582525920427882
 0
 -0.005632626597130784
 -7.9694419899895797e-18
 0
 0.0032582525920427856
 0.013974932806615388
 0.0074320773652386688
 0
 0.0056326265971307753
 0.0064071047717342462
 0.028822540725488687
 0.023344623926451341
 0.021872012090437189
 0.025077847206656706
 0.036904237533780811
 0.014312244566083971
 0.004791108199964862
 0.024318985361074137
 0.015539451661786864
 0.010322606919221895
 0.014506234949122829
 0.007758714659372265
 -0.19487658395993759
 -0.19487658395993762
 0
 0
 -0.10000000000000001
 -0.13172874680696453
 0
 -0.1317287468069645
 -0.12536300877952836
 -0.17033558400969293
 -0.14317910910141099
 -0.16363670931442315
 -0.17033558400969293
 -0.16363670931442315
 -0.17292598631459513
 -0.13030762299438342
 -0.078634684679095138
 -0.072600090641245271
 0
 -0.070685079794339731
 0
 -0.072600090641245257
 -0.078634684679095124
 -0.13030762299438339
 -0.1729259863145951
 -0.18751127320362923
 -0.1704338064435563
 -0.1832466509808354
 -0.13047131608848589
 -0.14275606856038059
 -0.10000000000000001
 -0.1423443774293241
 -0.14910964975737717
 -0.13961434563132724
 -0.10000000000000001
 -0.14275606856038059
 -0.18324665098083542
 -0.1704338064435563
 -0.18751127320362926
 -0.1491096497573772
 -0.1423443774293241
 -0.18739311837228692
 -0.17228754006676963
 -0.13385584277600801
 -0.15569395409060649
 -0.15411532106121928
 -0.15032570813539428
 -0.12574014168349654
 -0.10758160251447407
 -0.10705878701779102
 -0.037954533494394767
 -0.074988656529496225
 -0.043833983314109599
 -0.10408467814855533
 -0.10144219702368373
 0
 -0.037390920018697572
 -0.03684515658676292
 -0.03708926190908788
 0
 -0.071285718151112731
 -0.10062520345312864
 0
 -0.03708926190908788
 -0.03795453349439476
 -0.037390920018697565
 0
 -0.071285718151112731
 -0.10144219702368373
 -0.043833983314109592
 -0.074988656529496225
 -0.13385584277600798
 -0.10705878701779101
 -0.10758160251447406
 -0.10408467814855532
 -0.12574014168349651
 -0.15411532106121925
 -0.15569395409060649
 -0.17228754006676963
 -0.18739311837228689
 -0.15032570813539428


