# Created by Octave 5.1.0, Fri Feb 14 17:20:09 2020 GMT <unknown@Thomas-PC>
# name: u_sol
# type: matrix
# rows: 578
# columns: 1
 0.017989409156143665
 -0.01701526902616024
 0
 0
 -0.00063691940158605576
 -0.029883840586990118
 0
 0.030321677681058645
 6.7776418291032314e-05
 0.019155283458530903
 0.00017497595399618149
 0.0020443624816834927
 -0.018279415555298328
 -0.001330018974840641
 -0.013849605806171894
 -0.011180439963936806
 -0.037443548440933228
 -0.012825083802454174
 0
 -7.8460288932546973e-08
 0
 0.01286977855488658
 0.037614518398186192
 0.011460104142315686
 0.014693107455968857
 0.017960627097636461
 0.0012605162337422371
 0.0077511044219136238
 0.0001545310951769352
 -0.0024343482218682766
 0.0034975530579686165
 0.0021025913301855326
 -0.00080646760761737823
 0.0001245101448148489
 -0.0052087507210671902
 0.0029180156998336315
 -0.0067387772724032402
 -0.00020861346274614334
 -0.017022573854774237
 0.0012477701529860497
 -0.0017918860539793968
 -0.011393425054848194
 -0.0072251511737704277
 -0.020150134805589914
 -0.013169106096029282
 -0.021455303765833378
 -0.0061734919436275959
 -0.0045504062436521053
 -0.036230116616934538
 -0.024470184231176972
 -0.014864195429254323
 -0.02361362474039197
 -0.029784537269733846
 -0.013892238959670067
 -0.0060811371076852083
 0
 -0.0076356306963134557
 -1.0870309779420495e-05
 -0.0032792032689030748
 0
 -0.0055695201444905251
 2.9145099688321352e-05
 0
 0.0032625348831061274
 0.014889612430124544
 0.0076343400578480214
 0
 0.0055807111930334941
 0.0061603564827237278
 0.029871727617148736
 0.023710820529231569
 0.02051773015409708
 0.024679996073246002
 0.036514362553134561
 0.014029322133865207
 0.0047338255681097507
 0.02208508038893342
 0.013743161223828793
 0.0080389664508402348
 0.012388896662741899
 0.0066396547481417656
 0.017641384620219469
 0.01137850247323513
 0.012940982356667519
 0.0050772903487086296
 0.0089942505583167076
 0.018725458532571793
 0.0038246517069637775
 0.0047649182379245758
 0.00081161921843886375
 -7.6774507761001587e-05
 0.0013762842863798141
 0.0017642974853515625
 -0.0012119966559112072
 -0.00089253298938274384
 0.00018909620121121407
 0.0022533975425176322
 0.0014492031186819077
 -0.00094565469771623611
 0.0015909299254417419
 0.00088842259719967842
 9.685929398983717e-05
 8.3097256720066071e-06
 0.00061543518677353859
 0.0019091826397925615
 0.00015113269910216331
 0.00012689456343650818
 -0.00062042358331382275
 -0.001834699884057045
 -0.0019512372091412544
 -0.0014083054848015308
 -0.0031657786457799375
 -0.001525096595287323
 0.0024181902408599854
 -0.0014298837631940842
 -0.0040397513657808304
 0.0012479652650654316
 0.0016111843287944794
 -0.011928279884159565
 -0.010344859212636948
 -0.016676206607371569
 5.8527104556560516e-05
 -0.0037301825359463692
 -0.0029115648940205574
 -0.01782757556065917
 -0.0079012513160705566
 -0.0038411077111959457
 -0.0006239977665245533
 -0.0013838841114193201
 0.00098958378657698631
 0.0001930873841047287
 -0.0014245742931962013
 -0.00023754313588142395
 0.00059034256264567375
 0.0028049293905496597
 0.0021541900932788849
 0.0024423506110906601
 -0.013274701312184334
 -0.009149446152150631
 -0.010430903173983097
 -0.0087940087541937828
 -0.011695458553731441
 -0.0059489542618393898
 -0.0041093798354268074
 -0.025063200853765011
 -0.021196601446717978
 -0.025829588994383812
 -0.012536979746073484
 -0.016732744406908751
 -0.015436220914125443
 -0.017292709089815617
 -0.017188447527587414
 -0.013430108316242695
 -0.0032715355046093464
 -0.0020794926676899195
 -0.0035673696547746658
 -0.0035969438031315804
 -0.0075442136730998755
 -0.0057033943012356758
 -0.0088044935837388039
 -0.0098363310098648071
 -0.009436299093067646
 -0.006480291485786438
 -0.033547340892255306
 -0.028230185620486736
 -0.031317819841206074
 -0.030431473162025213
 -0.037657420616596937
 -0.022782019339501858
 -0.017586976289749146
 -0.011143561685457826
 -0.021171842934563756
 -0.019976677373051643
 -0.017682236502878368
 -0.02035248139873147
 -0.014887059223838151
 -0.035077615641057491
 -0.027330228826031089
 -0.030466032214462757
 -0.0055712101748213172
 -0.0026942593976855278
 -0.012927596224471927
 -0.0089315916411578655
 -0.0096517110941931605
 -0.0096629209583625197
 -0.013893848983570933
 -0.024866692721843719
 -0.018963285954669118
 -0.018855469068512321
 0
 -0.0077020885946694762
 -0.003945737800677307
 -0.0055298720544669777
 0
 -0.010698270867578685
 -0.010689951479434967
 -8.2984915934503078e-06
 -0.00081518861406948417
 0
 -0.0022226007422432303
 -0.0015798407548572868
 -8.0168683780357242e-06
 0
 -0.0016931513891904615
 -0.0027084499315606081
 -0.0029420216451399028
 4.8630870878696442e-05
 -0.0088695838931016624
 -0.0060740400804206729
 1.2518867151811719e-05
 -0.0029337611922528595
 -0.0026868668937822804
 -0.0052424178647925146
 -0.0046108584210742265
 -0.0073597578448243439
 0
 0.00079912538058124483
 0.0026974498177878559
 0.0016789878427516669
 0
 0.0015592802374158055
 0.0022084690572228283
 0.011160902759002056
 0.0077082533680368215
 0
 0.0107058426074218
 0.010708459885790944
 0.014920596338924952
 0
 0.0055287443829001859
 0.0039390678284689784
 0.0030054055678192526
 0.0027990276576019824
 0.0026894424518104643
 0.0029625386014231481
 0.0097113891788467299
 0.006114525394878001
 0.0088950102654052898
 0.0052322204865049571
 0.0073618048045318574
 0.0046028112410567701
 0.020024992953040055
 0.021220955808530562
 0.030597601100453176
 0.027417248642450431
 0.035204122286813799
 0.020408792581292801
 0.017750742692442145
 0.02546679275110364
 0.02855016419198364
 0.033902832306921482
 0.01783029199577868
 0.023064968059770763
 0.015762803144752979
 0.037880460266023874
 0.030678358220029622
 0.031502200319664553
 0.005698172957636416
 0.0022312550572678447
 0.013978885115648154
 0.0097676060395315289
 0.0077736895764246583
 0.0090923313400708139
 0.013129106257110834
 0.025014817627379671
 0.01902840007096529
 0.01907815775484778
 0.026357758790254593
 0.021696138428524137
 0.014150307979434729
 0.017794718965888023
 0.018030166160315275
 0.017197774723172188
 0.012958106584846973
 0.010150512680411339
 0.014281105250120163
 0.0048882500268518925
 0.0068762097507715225
 0.012630823999643326
 0.0097279157489538193
 0.011264672502875328
 0.003516319440677762
 0.0091706588864326477
 0.0060067276936024427
 0.0039849146269261837
 0.0041486057452857494
 0.010528616607189178
 0.0071289492771029472
 0.0099649406038224697
 -0.19086374543948637
 -0.1900772899389267
 0
 0
 -0.09999999962747097
 -0.12882107961922884
 0
 -0.12940678163431585
 -0.12286357767879963
 -0.16021168697625399
 -0.14050314528867602
 -0.15878336655441672
 -0.15916311740875244
 -0.15802685357630253
 -0.16839189641177654
 -0.12801214400678873
 -0.077387477736920118
 -0.07186687202192843
 0
 -0.070133187109604478
 0
 -0.07200305350124836
 -0.077668083773460239
 -0.1283603004849283
 -0.16920803464017808
 -0.18317600851878524
 -0.16321832803077996
 -0.17907745589036494
 -0.12860669754445553
 -0.13883957793586887
 -0.10000000009313226
 -0.14013732469175011
 -0.14621020865160972
 -0.13711833534762263
 -0.10000000009313226
 -0.13817000202834606
 -0.1782608088105917
 -0.16214987263083458
 -0.18236294016242027
 -0.14573361910879612
 -0.13983319327235222
 -0.18299614917486906
 -0.16780576109886169
 -0.13145682122558355
 -0.15222366433590651
 -0.15008987579494715
 -0.14668466709554195
 -0.12392794154584408
 -0.1051777140237391
 -0.1054278202354908
 -0.037801033351570368
 -0.074041820829734206
 -0.044199574971571565
 -0.10271387500688434
 -0.10023968201130629
 0
 -0.037055854452773929
 -0.036661612801253796
 -0.036801500478759408
 0
 -0.070627136621624231
 -0.099351127631962299
 0
 -0.036833256977843121
 -0.037892374471994117
 -0.037117498992301989
 0
 -0.070698072086088359
 -0.10036109038628638
 -0.044337916129734367
 -0.074240799352992326
 -0.13190952665172517
 -0.10574768611695617
 -0.10560911893844604
 -0.1029422354476992
 -0.12412120692897588
 -0.15081525524146855
