# Created by Octave 5.1.0, Fri Feb 14 18:45:04 2020 GMT <unknown@Thomas-PC>
# name: u_sol
# type: matrix
# rows: 2178
# columns: 1
 0.015867836773395538
 -0.025932407123036683
 0
 0
 -0.0015160189941525459
 -0.03184654051437974
 0
 0.028637089184485376
 -0.00060595214017666876
 0.020292028086259961
 -0.0013175772037357092
 -0.00040500163049728144
 -0.032361852237954736
 -0.0052738147787749767
 -0.018174221273511648
 -0.012436230899766088
 -0.038652636110782623
 -0.013166950375307351
 0
 -2.3564716684632003e-05
 0
 0.01281541824573651
 0.0374008251237683
 0.010315063991583884
 0.01162979262880981
 0.016916855005547404
 -0.0018498781719245017
 0.0049983006902039051
 -0.0014437010977417231
 -0.0038742735632695258
 0.00086508475942537189
 0.00095654615870444104
 -0.002303623768966645
 -0.001014877634588629
 0.004943142004776746
 -0.0007571876049041748
 -0.013146536890417337
 -0.0066068847663700581
 -0.027243141259532422
 -0.0014493248891085386
 -0.0035311739193275571
 -0.01828616508282721
 -0.011303276289254427
 -0.021639991784468293
 -0.015734709799289703
 -0.024236641358584166
 -0.0085062745492905378
 -0.0055229516001418233
 -0.037651637103408575
 -0.025459371972829103
 -0.015438086469657719
 -0.0243494474561885
 -0.030878356541506946
 -0.014549051062203944
 -0.0064501648303121328
 0
 -0.0077591358276549727
 7.1569353167433292e-05
 -0.0032412496657343581
 0
 -0.0056614543136674911
 -0.00026532122137723491
 0
 0.0033483895967947319
 0.015243029367411509
 0.0077602921519428492
 0
 0.0055344865249935538
 0.0057729436666704714
 0.03021851007360965
 0.02363550168229267
 0.018944050127174705
 0.023931224131956697
 0.035587118589319289
 0.013497609703335911
 0.0040069372626021504
 0.01952265651198104
 0.011457001324743032
 0.0050842366617871448
 0.0098621578072197735
 0.0048990721988957375
 0.015786063158884645
 0.0094412601320073009
 0.011015161639079452
 0.0020240063313394785
 0.0066557466052472591
 0.019119941862300038
 0.00074961131031159312
 0.001674246828770265
 -0.0019957570475526154
 -0.0016162879765033722
 -0.00087786401854828
 -0.00042804121039807796
 -0.0024556772550567985
 -0.0022246276494115591
 -0.0013871805276721716
 0.00074863829649984837
 -0.0018503053743188502
 -0.0026780807529576123
 0.00077125236566644162
 -0.00014174428361002356
 -0.00081595167284831405
 -0.0019240141555201262
 -0.00073305769183207303
 0.00023267175856744871
 -0.0011896274518221617
 -0.0010769979562610388
 -0.0019169479783158749
 -0.004209723963867873
 -0.003496919758617878
 -0.003571209468645975
 -0.0014356570318341255
 -0.0016831057146191597
 -0.0095811178907752037
 -0.0038079973310232162
 -0.014479889068752527
 -0.00057252217084169388
 -0.00058718363288789988
 -0.020227614557370543
 -0.018481364706531167
 -0.025819784612394869
 -0.005032507237046957
 -0.0097324368543922901
 -0.0078656417317688465
 -0.030685563542647287
 -0.015238333959132433
 -0.010433748364448547
 -0.0020354427397251129
 -0.0025084968074224889
 -0.00099114782642573118
 -0.0015095554990693927
 -0.0041574204806238413
 -0.0024271090514957905
 -0.0030012014321982861
 -0.0043839933350682259
 -0.0027286382392048836
 -0.00079678697511553764
 -0.021579894470050931
 -0.015895556658506393
 -0.014633966609835625
 -0.014122311025857925
 -0.017167947720736265
 -0.011063687968999147
 -0.008098201360553503
 -0.026739188004285097
 -0.023331520613282919
 -0.028100140392780304
 -0.014420659746974707
 -0.01873449538834393
 -0.016800355166196823
 -0.020742055028676987
 -0.019858562853187323
 -0.016769529785960913
 -0.0046067468356341124
 -0.0028965089586563408
 -0.0066112084314227104
 -0.005684724310413003
 -0.0086720098042860627
 -0.0072688786312937737
 -0.01055610622279346
 -0.013078563380986452
 -0.011903108330443501
 -0.0096388896927237511
 -0.03518087207339704
 -0.029614326544106007
 -0.032371028792113066
 -0.031614411855116487
 -0.038944161497056484
 -0.023985132575035095
 -0.018641073256731033
 -0.011900896206498146
 -0.022023114725016057
 -0.020987293915823102
 -0.018205723143182695
 -0.021009882853832096
 -0.015312150586396456
 -0.03623929584864527
 -0.028262021718546748
 -0.031445630243979394
 -0.0061808299506083131
 -0.0031710391049273312
 -0.013840127270668745
 -0.0096942387754097581
 -0.0099758987780660391
 -0.010167278116568923
 -0.014367896365001798
 -0.025705548818223178
 -0.019608544069342315
 -0.019672135356813669
 0
 -0.0079870229965308681
 -0.0039796476630726829
 -0.0056492028525099158
 0
 -0.010990349546773359
 -0.010921283683273941
 5.7651261158753186e-05
 -0.0007568691380583914
 0
 -0.0021872230936423875
 -0.0015112568730728526
 4.377697769086808e-05
 0
 -0.0016486922413605498
 -0.0026923173572868109
 -0.0032260983716696501
 -0.00043011603702325374
 -0.0090645696618594229
 -0.0062814527773298323
 -0.00012781889745383523
 -0.0030756689957343042
 -0.0027227436512475833
 -0.0052640696085290983
 -0.0046210232394514605
 -0.0074556983017828315
 0
 0.0008678851299919188
 0.002768336606095545
 0.0017464456468587741
 0
 0.0016454703436465934
 0.002260714172734879
 0.011758259846828878
 0.0079370989842573181
 0
 0.010789445776026696
 0.010909455391811207
 0.015057098207762465
 0
 0.0056550400913693011
 0.0040255350031657144
 0.0026582764985505491
 0.0022589169748243876
 0.0026555515942163765
 0.0027925699978368357
 0.0094836435455363244
 0.0059171029133722186
 0.008841630449751392
 0.0053268414048943669
 0.0074182188836857677
 0.0046522780321538448
 0.020602987671736628
 0.021648270456353202
 0.030482555041089654
 0.027615502884145826
 0.035301915719173849
 0.020590565691236407
 0.017692791880108416
 0.023786749807186425
 0.027289851801469922
 0.032592353411018848
 0.016839207673911005
 0.021921032457612455
 0.014378840394783765
 0.037321376439649612
 0.029825029836501926
 0.031031600723508745
 0.005118993460200727
 0.0015907036222415627
 0.013710330764297396
 0.0093224907177500427
 0.0068659563548862934
 0.0084128655726090074
 0.012303069757763296
 0.024624512298032641
 0.018390459765214473
 0.018754509917926043
 0.024189886345993727
 0.019650227855890989
 0.01134506898233667
 0.015348849759902805
 0.015140170638915151
 0.01530003611696884
 0.011272094445303082
 0.0075916511123068631
 0.012278088019229472
 0.0020850738364970312
 0.0038396951713366434
 0.0096695294923847541
 0.0067549465602496639
 0.0082407058216631413
 0.0025856001011561602
 0.0077511948184110224
 0.0048599066212773323
 0.0025770255160750821
 0.0020592741930158809
 0.0078623705194331706
 0.0046893905673641711
 0.0079129158402793109
 0.015713862841948867
 0.013422523625195026
 0.013678789022378623
 0.012963065528310835
 0.013208611286245286
 0.016186065273359418
 0.0079860882833600044
 0.010318813961930573
 0.0067679372150450945
 0.0068980497890152037
 0.0099794556153938174
 0.020224358653649688
 0.0014580671559087932
 0.0045251030242070556
 -0.00059165610582567751
 0.017931565409526229
 0.011682935175485909
 0.012539215618744493
 -0.00016896005035960115
 -0.00072016293415799737
 -0.001350142658338882
 0.0034229765296913683
 0.00084465942927636206
 0.0024904367746785283
 -0.0022222209081519395
 -0.00077655416680499911
 -0.00014796954928897321
 0.0082642934285104275
 0.0034907837398350239
 0.0052796173840761185
 -0.0020370520651340485
 -0.0011618433054536581
 -0.0011239857412874699
 -0.0015483533497899771
 -0.0012436762917786837
 -0.001480381703004241
 0.00028522138018161058
 -0.00027257716283202171
 0.00057840760564431548
 -0.0017913490300998092
 -0.0018982517067342997
 -0.0013589918962679803
 -0.0029003748204559088
 -0.0024811105104163289
 -0.0031492696725763381
 -0.0014085712609812617
 -0.001902286778204143
 -0.0017876733327284455
 -0.00071242987178266048
 -0.0025930940173566341
 0.0035075635241810232
 0.0013762681483058259
 -0.00067428126931190491
 0.0011155204847455025
 -0.004390002170111984
 -0.0033318605437671067
 -0.0033370112651027739
 -0.0016841390170156956
 -0.0020250968518666923
 -0.00068487421958707273
 0.00022202056425157934
 -3.6335797631181777e-05
 -0.00071270571788772941
 0.00035903857497032732
 0.00032307072979165241
