# Created by Octave 5.1.0, Wed Feb 19 18:53:18 2020 GMT <unknown@Thomas-PC>
# name: contactConvergence
# type: matrix
# rows: 3
# columns: 1
 0.91121937175113799
 4.6870344834362694e-06
 1.1206392229126945e-18


