# Created by Octave 5.1.0, Wed Apr 22 01:18:44 2020 GMT <unknown@Thomas-PC>
# name: contactConvergence
# type: matrix
# rows: 3
# columns: 1
 1.0977780229346854
 1.67193515292332
 1.3010426069826053e-18


