# Created by Octave 5.1.0, Wed Apr 22 01:18:00 2020 GMT <unknown@Thomas-PC>
# name: contactConvergence
# type: matrix
# rows: 3
# columns: 1
 0
 0.04830614871768299
 2.4286128663675299e-17


