# Created by Octave 5.1.0, Wed Apr 22 01:21:18 2020 GMT <unknown@Thomas-PC>
# name: contactConvergence
# type: matrix
# rows: 4
# columns: 1
 1.8258880190676776
 0.91294400953383881
 0.89307935227550395
 3.6320772778264399e-18


