# Created by Octave 5.1.0, Wed Feb 19 17:58:00 2020 GMT <unknown@Thomas-PC>
# name: contactConvergence
# type: matrix
# rows: 15
# columns: 1
 0.80091620605923897
 0.00010397630478118274
 5.198815239059168e-05
 2.5994076195295443e-05
 1.299703809764752e-05
 6.4985190488245258e-06
 3.2492595244119012e-06
 1.6246297622054549e-06
 8.12314881102734e-07
 7.107755209643259e-07
 6.9966965345079239e-07
 4.8342717162436756e-07
 4.9085519012596313e-07
 1.7964956132486063e-08
 1.3269854597992514e-18


