# Created by Octave 5.1.0, Wed Apr 22 01:28:48 2020 GMT <unknown@Thomas-PC>
# name: contactConvergence
# type: matrix
# rows: 2
# columns: 1
 3.0960547365237576
 1.3776396580217312e-18


