# Created by Octave 5.1.0, Wed Feb 19 18:53:18 2020 GMT <unknown@Thomas-PC>
# name: equilibriumConvergence
# type: matrix
# rows: 3
# columns: 1
 0.56863769503808781
 2.2628735533824469e-11
 1.5801834592889521e-12


