# Created by Octave 5.1.0, Wed Feb 19 17:58:00 2020 GMT <unknown@Thomas-PC>
# name: equilibriumConvergence
# type: matrix
# rows: 15
# columns: 1
 0.84015335601175267
 1.4966777723755564e-12
 8.4986698072725756e-13
 4.5006072477955507e-13
 2.4083433899462022e-13
 1.3457103433477566e-13
 7.4439227130626862e-14
 5.1632949460579957e-14
 4.3256787744439246e-14
 5.3305782925263934e-14
 6.1222096978018092e-14
 4.7583820887494214e-14
 5.0587373828718066e-14
 6.2401755958161548e-14
 3.4910310523099056e-14


