# Created by Octave 5.1.0, Wed Apr 22 01:28:48 2020 GMT <unknown@Thomas-PC>
# name: equilibriumConvergence
# type: matrix
# rows: 2
# columns: 1
 1.1105472795019751
 1.7594897293138598e-14


