# Created by Octave 5.1.0, Wed Apr 22 01:18:00 2020 GMT <unknown@Thomas-PC>
# name: equilibriumConvergence
# type: matrix
# rows: 3
# columns: 1
 3.8188130791298733
 1.6412537749474819e-15
 1.3959389663557876e-15


