# Created by Octave 5.1.0, Wed Apr 22 01:18:44 2020 GMT <unknown@Thomas-PC>
# name: equilibriumConvergence
# type: matrix
# rows: 3
# columns: 1
 1.6151304031403602
 0.80756520157017986
 4.3240165702457478e-15


