# Created by Octave 5.1.0, Wed Apr 22 01:21:18 2020 GMT <unknown@Thomas-PC>
# name: equilibriumConvergence
# type: matrix
# rows: 4
# columns: 1
 1.3144739697921182
 0.65723698489605897
 0.32861849244802949
 8.6636024351818626e-15


