# Created by Octave 5.1.0, Wed Apr 22 01:18:10 2020 GMT <unknown@Thomas-PC>
# name: equilibriumConvergence
# type: matrix
# rows: 3
# columns: 1
 2.1208309850581872
 1.5906232387936401
 2.0274122683438338e-15


