# Created by Octave 5.1.0, Wed Apr 22 01:18:00 2020 GMT <unknown@Thomas-PC>
# name: lambda_sol
# type: matrix
# rows: 3
# columns: 1
 0
 -3.4805960838623395
 0


