# Created by Octave 5.1.0, Wed Apr 22 01:18:10 2020 GMT <unknown@Thomas-PC>
# name: lambda_sol
# type: matrix
# rows: 5
# columns: 1
 0
 0
 -5.9148070853357195
 0
 0


