# Created by Octave 5.1.0, Wed Apr 22 01:18:44 2020 GMT <unknown@Thomas-PC>
# name: lambda_sol
# type: matrix
# rows: 9
# columns: 1
 0
 0
 0
 0
 -10.002627136818411
 0
 0
 0
 0


