# Created by Octave 5.1.0, Wed Apr 22 01:21:18 2020 GMT <unknown@Thomas-PC>
# name: lambda_sol
# type: matrix
# rows: 17
# columns: 1
 0
 0
 0
 0
 0
 0
 0
 0
 -16.960928945211485
 0
 0
 0
 0
 0
 0
 0
 0


