# Created by Octave 5.1.0, Wed Apr 22 01:18:00 2020 GMT <unknown@Thomas-PC>
# name: u_sol
# type: matrix
# rows: 18
# columns: 1
 0.0024733216285513053
 -0.0024733216285512324
 0
 0
 3.8019932078152994e-17
 -0.024326807134134456
 0
 0.024326807134134487
 1.3378182689395751e-17
 -0.16631338163279852
 -0.16631338163279849
 0
 0
 -0.10000000000000006
 -0.11456470706389443
 0
 -0.11456470706389446
 -0.11282052132285514


