# Created by Octave 5.1.0, Wed Apr 22 01:18:10 2020 GMT <unknown@Thomas-PC>
# name: u_sol
# type: matrix
# rows: 50
# columns: 1
 0.0072805964368727188
 -0.0072805964368726703
 0
 0
 2.1083579223458031e-17
 -0.025747057950300942
 0
 0.025747057950300953
 1.4184516477024752e-18
 0.0026455082166645938
 1.1568552542662255e-17
 0.0023231272066502971
 -0.0026455082166645487
 -0.0023231272066502745
 -0.011234374368222388
 -0.011909821427063448
 -0.032696789039083976
 -0.01286504107924178
 0
 -3.1897365432167278e-18
 0
 0.012865041079241774
 0.032696789039083976
 0.011909821427063452
 0.011234374368222409
 -0.17163599152821471
 -0.17163599152821468
 0
 0
 -0.099999999999999964
 -0.12208371676374626
 0
 -0.12208371676374627
 -0.11949203761515857
 -0.15871918806515772
 -0.12887939445832031
 -0.15272753889377058
 -0.15871918806515772
 -0.15272753889377058
 -0.15638959477944805
 -0.12455308526541235
 -0.077127364892251762
 -0.071279118575746703
 0
 -0.068127508526592967
 0
 -0.071279118575746717
 -0.077127364892251762
 -0.12455308526541235
 -0.15638959477944808


