# Created by Octave 5.1.0, Wed Apr 22 01:18:44 2020 GMT <unknown@Thomas-PC>
# name: u_sol
# type: matrix
# rows: 162
# columns: 1
 0.010081742149636258
 -0.010081742149636181
 0
 0
 3.7282948173567267e-17
 -0.027502160995319189
 0
 0.027502160995319214
 1.0587978646624325e-17
 0.0074192905186639801
 2.1888981499877745e-17
 0.0031223155624764726
 -0.0074192905186639055
 -0.0031223155624764288
 -0.012428133171120379
 -0.012210690774262201
 -0.036588401529027419
 -0.015019215192807654
 0
 6.9398550635370883e-19
 0
 0.015019215192807658
 0.036588401529027426
 0.012210690774262222
 0.012428133171120424
 0.0089696006806058298
 0.0021502834966489713
 0.0054898409458548772
 2.8936294092283268e-17
 -0.00096894819977102423
 0.0037363112869904652
 0.0023449510823286904
 -0.00011682040787337582
 1.6640114990697997e-17
 -0.0037363112869903924
 0.00096894819977108061
 -0.0054898409458548191
 -0.0021502834966489149
 -0.0089696006806057552
 0.00011682040787342092
 -0.0023449510823286574
 -0.0085371544057272156
 -0.0075241558169167246
 -0.01993329180026554
 -0.013064766334558194
 -0.019617217220181202
 -0.0071175177430411705
 -0.0053495811224734237
 -0.034201914927110832
 -0.024861095906991554
 -0.0170563454262628
 -0.025296757438549741
 -0.03008181074907056
 -0.015417584428871344
 -0.0072836672261871929
 0
 -0.0097174781331139208
 -2.5317458982265868e-18
 -0.0044246087004790385
 0
 -0.0069700009579410568
 5.0195759272798328e-18
 0
 0.0044246087004790324
 0.017056345426262796
 0.0097174781331139191
 0
 0.0069700009579410594
 0.0072836672261872041
 0.030081810749070563
 0.025296757438549748
 0.019933291800265561
 0.024861095906991568
 0.034201914927110846
 0.015417584428871357
 0.0053495811224734445
 0.019617217220181234
 0.013064766334558227
 0.007524155816916768
 0.0085371544057272711
 0.0071175177430412035
 -0.17937450508204061
 -0.17937450508204056
 0
 0
 -0.099999999999999992
 -0.12800807499120656
 0
 -0.12800807499120659
 -0.12649999224020098
 -0.16833333153122754
 -0.13999956819263865
 -0.1599350712944414
 -0.16833333153122751
 -0.15993507129444137
 -0.16310327558485349
 -0.13044709229480589
 -0.080215023343563702
 -0.074985979698387092
 0
 -0.072745610558332521
 0
 -0.074985979698387092
 -0.080215023343563716
 -0.13044709229480589
 -0.16310327558485352
 -0.17634670800096097
 -0.16623072814119444
 -0.17304070296401083
 -0.12854407364377288
 -0.15174676942210255
 -0.14967297581749511
 -0.1428037054719771
 -0.15051069119149363
 -0.13841941338568017
 -0.14967297581749509
 -0.15174676942210255
 -0.17304070296401081
 -0.16623072814119441
 -0.17634670800096094
 -0.15051069119149363
 -0.1428037054719771
 -0.17413413027046876
 -0.1645585180403123
 -0.13191359658129406
 -0.15087316622817029
 -0.14755493304079748
 -0.14831731826276776
 -0.12726312950910953
 -0.10661944801937022
 -0.10774290807699373
 -0.039820838280768288
 -0.077282493959371049
 -0.047089144552617257
 -0.10598660751720074
 -0.10389342251709038
 0
 -0.038809373131275193
 -0.037952815982893573
 -0.038422477172254554
 0
 -0.073653926172867909
 -0.10281036585374981
 0
 -0.038422477172254554
 -0.039820838280768295
 -0.038809373131275193
 0
 -0.073653926172867909
 -0.10389342251709038
 -0.047089144552617264
 -0.077282493959371062
 -0.13191359658129409
 -0.10774290807699374
 -0.10661944801937025
 -0.10598660751720075
 -0.12726312950910953
 -0.14755493304079753
 -0.15087316622817032
 -0.16455851804031232
 -0.17413413027046881
 -0.14831731826276778


