# Created by Octave 5.1.0, Wed Apr 22 01:21:18 2020 GMT <unknown@Thomas-PC>
# name: u_sol
# type: matrix
# rows: 578
# columns: 1
 0.0097551777617989697
 -0.0097551777617989922
 0
 0
 -9.8494121739436814e-18
 -0.029336718268861497
 0
 0.02933671826886149
 -7.5544829052912779e-19
 0.009657185937784505
 -5.3185578467669963e-18
 0.0039037060750660478
 -0.0096571859377845275
 -0.00390370607506606
 -0.013806901425760916
 -0.013103944859721299
 -0.039208202393013335
 -0.016393092036065617
 0
 8.2206483428271986e-19
 0
 0.016393092036065621
 0.039208202393013335
 0.013103944859721295
 0.013806901425760902
 0.0094206671475165014
 0.0031678600710641708
 0.0068831751347689591
 -9.3398666496572052e-18
 -0.00098998952507090184
 0.0078358793398421948
 0.0029978610089753939
 0.00010007693796775072
 -2.3399520929527934e-18
 -0.0078358793398422173
 0.00098998952507088449
 -0.0068831751347689764
 -0.0031678600710641882
 -0.0094206671475165239
 -0.00010007693796776189
 -0.0029978610089753991
 -0.0098623214062838662
 -0.0087982987965108238
 -0.021208932148900742
 -0.014335648918768143
 -0.021013665617494338
 -0.0080756433128532923
 -0.0059340809878373245
 -0.03650754601746526
 -0.026564396409298151
 -0.019128063224595201
 -0.027346067128269827
 -0.032548673533794509
 -0.016584335702184344
 -0.0078202436198823323
 0
 -0.010680833957497238
 3.1131456869702853e-19
 -0.0048193534323694087
 0
 -0.007581232810282397
 6.8186748340332864e-19
 0
 0.0048193534323694096
 0.019128063224595201
 0.010680833957497242
 0
 0.0075812328102823979
 0.0078202436198823323
 0.032548673533794502
 0.02734606712826983
 0.021208932148900739
 0.026564396409298151
 0.036507546017465253
 0.016584335702184344
 0.0059340809878373237
 0.021013665617494327
 0.014335648918768136
 0.0087982987965108117
 0.0098623214062838471
 0.0080756433128532853
 0.0094702662595063086
 0.00771892959279192
 0.0085596116201531285
 0.0052674660657064647
 0.0066689069677146606
 0.0095624578872506374
 0.0051302378774641865
 0.0051636867840846356
 0.0028952005048447568
 -1.1864707618904634e-17
 -0.0011721814804909446
 0.0040641137949115475
 -0.0013759027418844235
 -0.001875933877516819
 -7.0215502404694891e-18
 0.0093134356758298002
 0.00099460170148146353
 0.0033732621439841017
 0.0020567010062391184
 0.0012411643466885825
 -1.4735418717466137e-18
 0.0017164266867785451
 0.0014814262972876716
 0.0033498322427864598
 -3.6146027625412681e-18
 0.00036201205705177757
 -0.00054118712215889958
 0.00099416733763953787
 -0.00089683051609340504
 0.00074914338396234528
 -0.0040641137949115674
 0.0011721814804909214
 -0.0033732621439841216
 -0.0009946017014814837
 -0.0093134356758298228
 0.0018759338775168012
 0.001375902741884409
 -0.0085596116201531493
 -0.0077189295927919399
 -0.0094702662595063311
 -0.0028952005048447724
 -0.0051636867840846529
 -0.005130237877464203
 -0.00956245788725066
 -0.0066689069677146806
 -0.0052674660657064847
 -0.0012411643466885872
 -0.002056701006239121
 0.00054118712215888885
 -0.000362012057051785
 -0.0033498322427864685
 -0.0014814262972876796
 -0.001716426686778557
 -0.00099416733763955565
 -0.00074914338396236003
 0.0008968305160933904
 -0.0093827791981397606
 -0.0083788319009188289
 -0.011259757569848998
 -0.0092806357851883507
 -0.011336685132434503
 -0.0072632640664794385
 -0.0063294511320661218
 -0.025328813090574935
 -0.021457048542263442
 -0.025213333418520206
 -0.014102602768756035
 -0.017746612151858125
 -0.017092133604622882
 -0.017114760342696548
 -0.017629796565428887
 -0.01413220409928014
 -0.0045158445574497528
 -0.0028416759740240573
 -0.0057465584923857161
 -0.0053144538424752096
 -0.0093587680824787425
 -0.0073808406767191803
 -0.010609941742236624
 -0.011253306799567857
 -0.011126758103067191
 -0.008436226218610985
 -0.033284283807987536
 -0.028862637632837255
 -0.033353345611440002
 -0.031666075524453538
 -0.038647792338289043
 -0.02424605090028541
 -0.019622860382777534
 -0.01452667084984801
 -0.025345507592835766
 -0.022455276745847609
 -0.021592673737633503
 -0.024697005359335441
 -0.019063945041813184
 -0.037510067600607967
 -0.031088332997804037
 -0.033401573211852831
 -0.0071064422831382916
 -0.0035294801426333832
 -0.015157688890957597
 -0.010968672157504704
 -0.012346993403648915
 -0.012030071052158768
 -0.01708883086079336
 -0.027762648119081378
 -0.022258384587406442
 -0.021467825710038666
 0
 -0.010547367586048049
 -0.00577251423617243
 -0.0078490964471832642
 0
 -0.014428605005361935
 -0.014279163820325272
 -1.9834610640587107e-19
 -0.00125275659239904
 0
 -0.0031817405080669819
 -0.0023448378858272867
 9.3609988871649332e-20
 0
 -0.0025851707397648842
 -0.0040624736840493177
 -0.0038647419154807616
 3.3117014275904505e-20
 -0.011758393105972305
 -0.0080002774621868653
 8.2830583814303923e-19
 -0.0039356597558050316
 -0.0037149530323069848
 -0.0075475546878204505
 -0.0065166078181368471
 -0.010159569867056942
 0
 0.00125275659239904
 0.0040624736840493194
 0.0025851707397648851
 0
 0.0023448378858272867
 0.0031817405080669823
 0.01452667084984801
 0.010547367586048049
 0
 0.014279163820325274
 0.014428605005361937
 0.019063945041813187
 0
 0.0078490964471832642
 0.0057725142361724317
 0.0038647419154807625
 0.0035294801426333832
 0.0037149530323069861
 0.0039356597558050333
 0.012346993403648913
 0.0080002774621868653
 0.011758393105972305
 0.0075475546878204522
 0.010159569867056944
 0.006516607818136848
 0.022455276745847609
 0.025345507592835766
 0.033401573211852831
 0.031088332997804041
 0.037510067600607967
 0.024697005359335441
 0.021592673737633503
 0.025328813090574928
 0.028862637632837251
 0.033284283807987529
 0.019622860382777531
 0.024246050900285407
 0.017092133604622878
 0.038647792338289043
 0.031666075524453538
 0.033353345611440002
 0.0071064422831382907
 0.002841675974024056
 0.017088830860793356
 0.012030071052158767
 0.0093587680824787408
 0.010968672157504702
 0.015157688890957595
 0.027762648119081378
 0.021467825710038666
 0.022258384587406442
 0.025213333418520199
 0.021457048542263435
 0.01413220409928013
 0.01762979656542888
 0.017114760342696538
 0.017746612151858118
 0.01410260276875603
 0.0083788319009188116
 0.0093827791981397398
 0.0063294511320661096
 0.0072632640664794237
 0.011336685132434486
 0.0092806357851883351
 0.011259757569848984
 0.0045158445574497502
 0.010609941742236619
 0.0073808406767191777
 0.0053144538424752044
 0.0057465584923857066
 0.011253306799567847
 0.0084362262186109746
 0.011126758103067184
 -0.18417257975605891
 -0.18417257975605894
 0
 0
 -0.09999999999999995
 -0.13226129514345714
 0
 -0.13226129514345711
 -0.13152074346829842
 -0.17696252130242099
 -0.15057003792091
 -0.1662978956091388
 -0.17696252130242099
 -0.1662978956091388
 -0.16818376704960397
 -0.13509970132770893
 -0.082464609190929683
 -0.077535121482320335
 0
 -0.075681839302204623
 0
 -0.077535121482320335
 -0.082464609190929683
 -0.13509970132770893
 -0.16818376704960394
 -0.18292231622300503
 -0.17383722489018205
 -0.17946698494498201
 -0.13986876864550848
 -0.15984249635128164
 -0.15980837412164145
 -0.14899185201610285
 -0.15767175424071397
 -0.14622166654900809
 -0.15980837412164148
 -0.15984249635128167
 -0.17946698494498203
 -0.17383722489018205
 -0.18292231622300506
 -0.15767175424071397
 -0.14899185201610285
 -0.17941836594828711
 -0.17030435869989607
 -0.13640286700624968
 -0.15598230230429416
 -0.15221099312974559
 -0.15378921838361492
 -0.13230365623375889
 -0.10952049006905076
 -0.11122432080134524
 -0.041459705770753238
 -0.079753214153849672
 -0.049479641541071401
 -0.10964905012697487
 -0.10774229716846125
 0
 -0.040055868470737235
 -0.039464325839232588
 -0.03968829219801423
 0
 -0.076266559851443261
 -0.10691984879152436
 0
 -0.03968829219801423
 -0.041459705770753238
 -0.040055868470737235
 0
 -0.076266559851443261
 -0.10774229716846123
 -0.049479641541071394
 -0.079753214153849658
 -0.13640286700624968
 -0.11122432080134523
 -0.10952049006905075
 -0.10964905012697486
 -0.13230365623375889
 -0.15221099312974559
