# Created by Octave 5.1.0, Wed Apr 22 01:28:48 2020 GMT <unknown@Thomas-PC>
# name: u_sol
# type: matrix
# rows: 2178
# columns: 1
 0.0081985445075073403
 -0.0081985445075073264
 0
 0
 -2.8583479842209308e-18
 -0.030394889008537439
 0
 0.030394889008537439
 -1.0279376596949966e-17
 0.009145047043979275
 -4.1191710870243948e-18
 0.0042730931355763049
 -0.0091450470439792559
 -0.0042730931355763136
 -0.014415420738657319
 -0.013776015876944487
 -0.040532379420004316
 -0.017110509285591144
 0
 -3.642110340986559e-18
 0
 0.01711050928559114
 0.040532379420004316
 0.013776015876944476
 0.014415420738657323
 0.0082356689996426341
 0.0032509364939657458
 0.0070647460050185682
 2.3303191494504648e-19
 -0.0014395968298205656
 0.0090846804295177195
 0.0034629564334776246
 0.00027093441976861973
 -9.7562893629520138e-18
 -0.0090846804295177039
 0.0014395968298205664
 -0.0070647460050185613
 -0.0032509364939657445
 -0.0082356689996426185
 -0.00027093441976863019
 -0.0034629564334776419
 -0.0099537181100775377
 -0.0093898885008155027
 -0.022057167264112384
 -0.015126132011130193
 -0.021842735644189894
 -0.0087154735764632795
 -0.0063799169436885763
 -0.037693625607078084
 -0.027521092657329032
 -0.020117608287849524
 -0.028398197907942117
 -0.033823631643762488
 -0.017295922363739884
 -0.0081794477659090647
 0
 -0.011185458692418482
 -5.7805732397989271e-19
 -0.0050435623760767987
 0
 -0.007928348123735416
 -7.6276013764320707e-18
 0
 0.005043562376076797
 0.020117608287849524
 0.011185458692418482
 0
 0.0079283481237354091
 0.0081794477659090543
 0.033823631643762495
 0.028398197907942117
 0.022057167264112377
 0.027521092657329032
 0.037693625607078091
 0.01729592236373988
 0.006379916943688559
 0.021842735644189898
 0.015126132011130188
 0.0093898885008154992
 0.0099537181100775481
 0.0087154735764632674
 0.0080702378964151045
 0.0074115137528409508
 0.008135987569709062
 0.0052611744297106841
 0.0065156228009899822
 0.0086483478255981929
 0.0054830321828060746
 0.0053340717389668496
 0.0030976365868434228
 2.416288014278245e-18
 -0.0020684112060446445
 0.0056681811211202644
 -0.0014410655213170029
 -0.0023805985921823919
 -2.5501150960152625e-18
 0.009487677964030182
 0.0006927894283767983
 0.0033879741393245569
 0.002375527610842532
 0.0015512722481759787
 -1.103419765793484e-17
 0.0019565236726632271
 0.0018471725226623819
 0.0037852136089229571
 -6.8221181259221167e-18
 0.00063206578218278752
 -0.00037338608371650266
 0.00085719507396679942
 -0.0010301995746035478
 0.00075685246053506215
 -0.005668181121120261
 0.0020684112060446475
 -0.0033879741393245491
 -0.00069278942837679386
 -0.0094876779640301664
 0.0023805985921823906
 0.001441065521317
 -0.0081359875697090498
 -0.0074115137528409395
 -0.0080702378964150907
 -0.0030976365868434267
 -0.0053340717389668462
 -0.0054830321828060755
 -0.0086483478255981756
 -0.0065156228009899727
 -0.0052611744297106754
 -0.0015512722481759978
 -0.0023755276108425533
 0.00037338608371649334
 -0.00063206578218280248
 -0.0037852136089229684
 -0.0018471725226623956
 -0.0019565236726632363
 -0.00085719507396679736
 -0.00075685246053506725
 0.0010301995746035441
 -0.0088535906244132205
 -0.0085387856644522399
 -0.01188723183628701
 -0.0097431395149319318
 -0.011760855874666078
 -0.0077017509662051752
 -0.006829143467049964
 -0.026272121375268413
 -0.022357162849420568
 -0.026131713533530991
 -0.014877065230565003
 -0.018593912249688916
 -0.01785258136140068
 -0.017845458907051182
 -0.018458158550985856
 -0.014870920879775191
 -0.0050038063948250992
 -0.0031028496199820925
 -0.0062739200439307728
 -0.0058705269104412814
 -0.0099322296255636988
 -0.0079806756053860482
 -0.011300967652129342
 -0.011956552496965466
 -0.011849407527217541
 -0.0090624407083347257
 -0.034397951322282606
 -0.029855452304478391
 -0.034485178128545631
 -0.0327275981995509
 -0.039908589716308777
 -0.025146018279752994
 -0.020429318937588876
 -0.015590016386796862
 -0.026539371507592779
 -0.02348929445687712
 -0.022485732093649052
 -0.025757065999503673
 -0.019928714798111102
 -0.038861190413587564
 -0.032319402712826337
 -0.034596404724749917
 -0.007484606612454388
 -0.0036875044239052354
 -0.015854575164480637
 -0.011526926444277798
 -0.012895679169966656
 -0.012580153905818941
 -0.017812142621601561
 -0.028773339221670542
 -0.023134936816751762
 -0.022312082655876187
 0
 -0.011126136757414626
 -0.0060328639869263751
 -0.0082238288605551869
 0
 -0.015139928777510907
 -0.01493753608860446
 -2.3045601050878373e-19
 -0.0013142116806357253
 0
 -0.003330795003373885
 -0.0024565800519740278
 -1.5651785107618533e-18
 0
 -0.0027036189829620777
 -0.0042437953138232199
 -0.004027316719617537
 -8.5133313439788853e-18
 -0.012290246454883694
 -0.0083601239713246202
 -6.1889098536348963e-18
 -0.0041072336539639534
 -0.0038838659431193858
 -0.0078975089005581516
 -0.0068202168739946497
 -0.010630708722239993
 0
 0.0013142116806357251
 0.0042437953138232207
 0.0027036189829620777
 0
 0.0024565800519740265
 0.0033307950033738807
 0.015590016386796864
 0.011126136757414628
 0
 0.014937536088604458
 0.015139928777510907
 0.019928714798111098
 0
 0.0082238288605551886
 0.006032863986926376
 0.0040273167196175231
 0.0036875044239052194
 0.003883865943119378
 0.0041072336539639421
 0.012895679169966649
 0.0083601239713246116
 0.012290246454883687
 0.0078975089005581499
 0.010630708722239991
 0.0068202168739946462
 0.02348929445687712
 0.026539371507592779
 0.034596404724749917
 0.032319402712826337
 0.038861190413587571
 0.025757065999503677
 0.022485732093649052
 0.026272121375268413
 0.029855452304478395
 0.034397951322282613
 0.020429318937588873
 0.025146018279752994
 0.017852581361400669
 0.039908589716308784
 0.032727598199550907
 0.034485178128545631
 0.0074846066124543741
 0.0031028496199820735
 0.017812142621601555
 0.012580153905818934
 0.0099322296255636867
 0.011526926444277788
 0.01585457516448063
 0.028773339221670542
 0.022312082655876187
 0.023134936816751762
 0.026131713533530991
 0.022357162849420568
 0.014870920879775189
 0.018458158550985853
 0.017845458907051186
 0.018593912249688913
 0.014877065230564993
 0.0085387856644522486
 0.0088535906244132326
 0.0068291434670499588
 0.0077017509662051769
 0.011760855874666085
 0.009743139514931937
 0.01188723183628701
 0.0050038063948250819
 0.011300967652129332
 0.0079806756053860343
 0.0058705269104412667
 0.0062739200439307623
 0.011956552496965462
 0.009062440708334717
 0.011849407527217533
 0.0081091682637754476
 0.0081071000607327078
 0.0082747566488177889
 0.007817851668794451
 0.0079563646065670176
 0.0081138387201950164
 0.0077160901962095071
 0.0077859789707874546
 0.0071340260141894178
 0.0070193267006752047
 0.0073108056651853435
 0.0088981216903713366
 0.0049405843717788851
 0.0059479546649700444
 0.0039994019651966245
 0.0084203316454372831
 0.0075186658777019232
 0.0076786475110776197
 0.0047882404953269097
 0.0043035961409606171
 0.0035535057979527843
 0.0062396442522574475
 0.0052434753971889103
 0.0062800981377089697
 0.0029727963840769133
 0.0041377341989356107
 0.0043386057543237187
 0.0069949754167313452
 0.0057650488811902649
 0.0064900230176345381
 1.7674027218734049e-18
 -0.0016549488140181522
 0.000942778846722615
 -0.0020313806142621162
 -0.0021965529089168715
 1.1935904591611012e-18
 0.008051734298348559
 -6.0448934870007418e-05
 0.0020408996648437869
 -0.00058335604415305712
 -0.00091871763330584862
 -3.3037087397093299e-18
 -0.002205154393336363
 -0.0019568715128191715
 -0.0019542374488866008
 -8.5130969458019691e-19
 -0.0012847468048184665
 -0.0016718517492554145
 0.0093575203176132771
 0.0059772556597163891
 0.0065964074601038807
 0.0037898444912591849
 0.0050758992839631985
 0.0094513358427417964
 0.00043677309812512435
 0.0021403900465546181
 -0.00086482661969072058
 -0.0025457476011281396
 -0.0019783748065155889
 -0.00083179876887276799
 0.0013500326974397706
 0.0011651955923002366
 -1.0595032253472474e-17
 0.0024480549352232182
 0.0019759656071090099
 0.0030639014726573906
