# Created by Octave 5.1.0, Tue Apr 21 17:53:54 2020 GMT <unknown@Thomas-PC>
# name: contactConvergence
# type: matrix
# rows: 2
# columns: 1
 0.62519253810081654
 2.5667799186979604e-18


