# Created by Octave 5.1.0, Tue Apr 21 17:46:45 2020 GMT <unknown@Thomas-PC>
# name: contactConvergence
# type: matrix
# rows: 3
# columns: 1
 1.3088428143816051
 1.2347061341630445
 5.0602019257821179e-18


