# Created by Octave 5.1.0, Tue Apr 21 17:46:10 2020 GMT <unknown@Thomas-PC>
# name: contactConvergence
# type: matrix
# rows: 6
# columns: 1
 0
 0.11667777348585019
 0.12325121181763889
 0.031047868574021944
 0.0019258001846505259
 2.6020852139652106e-18


