# Created by Octave 5.1.0, Tue Apr 21 17:46:20 2020 GMT <unknown@Thomas-PC>
# name: contactConvergence
# type: matrix
# rows: 2
# columns: 1
 3.0689010759778355
 1.4065838813554058e-17


