# Created by Octave 5.1.0, Sun Feb 16 19:32:39 2020 GMT <unknown@Thomas-PC>
# name: contactConvergence
# type: matrix
# rows: 3
# columns: 1
 0.15010121675180374
 0.37361367340953311
 2.0084609917393571e-18


