# Created by Octave 5.1.0, Tue Apr 21 17:48:20 2020 GMT <unknown@Thomas-PC>
# name: contactConvergence
# type: matrix
# rows: 3
# columns: 1
 0.60909296382724754
 0.38620399436427694
 4.5335371499925537e-18


