# Created by Octave 5.1.0, Sun Feb 16 20:07:18 2020 GMT <unknown@Thomas-PC>
# name: contactConvergence
# type: matrix
# rows: 3
# columns: 1
 0.16260815166823561
 0.24508876523042811
 1.178775926266487e-18


