# Created by Octave 5.1.0, Tue Apr 21 17:46:45 2020 GMT <unknown@Thomas-PC>
# name: equilibriumConvergence
# type: matrix
# rows: 3
# columns: 1
 2.1401384223241378
 1.0700692111620695
 4.6733086476524877e-15


