# Created by Octave 5.1.0, Sun Feb 16 19:32:39 2020 GMT <unknown@Thomas-PC>
# name: equilibriumConvergence
# type: matrix
# rows: 3
# columns: 1
 0.50486216824655084
 0.37864662618491263
 3.5966401724125937e-13


