# Created by Octave 5.1.0, Tue Apr 21 17:53:54 2020 GMT <unknown@Thomas-PC>
# name: equilibriumConvergence
# type: matrix
# rows: 2
# columns: 1
 0.87090841655772011
 1.8364653742378906e-14


