# Created by Octave 5.1.0, Tue Apr 21 17:46:20 2020 GMT <unknown@Thomas-PC>
# name: equilibriumConvergence
# type: matrix
# rows: 2
# columns: 1
 3.943029424238834
 2.2688402150454119e-15


