# Created by Octave 5.1.0, Tue Apr 21 17:48:20 2020 GMT <unknown@Thomas-PC>
# name: equilibriumConvergence
# type: matrix
# rows: 3
# columns: 1
 1.4192897102411131
 0.70964485512055708
 8.1774597564383618e-15


