# Created by Octave 5.1.0, Tue Apr 21 17:46:10 2020 GMT <unknown@Thomas-PC>
# name: equilibriumConvergence
# type: matrix
# rows: 6
# columns: 1
 5.7282196186948102
 2.6578137629021552e-15
 2.7894207938511386e-15
 1.238647245277199e-15
 2.5030236328135236e-15
 1.275490906583857e-15


