# Created by Octave 5.1.0, Sun Feb 16 20:07:18 2020 GMT <unknown@Thomas-PC>
# name: equilibriumConvergence
# type: matrix
# rows: 3
# columns: 1
 0.2811710816841323
 0.14058554084206773
 5.7190261138299225e-13


