# Created by Octave 5.1.0, Tue Apr 21 17:46:10 2020 GMT <unknown@Thomas-PC>
# name: lambda_sol
# type: matrix
# rows: 3
# columns: 1
 0
 -8.6801256708844861
 0


