# Created by Octave 5.1.0, Tue Apr 21 17:46:20 2020 GMT <unknown@Thomas-PC>
# name: lambda_sol
# type: matrix
# rows: 5
# columns: 1
 0
 -3.0458023248572426
 -9.1839676180924386
 -3.045802324857243
 0


