# Created by Octave 5.1.0, Tue Apr 21 17:46:45 2020 GMT <unknown@Thomas-PC>
# name: lambda_sol
# type: matrix
# rows: 9
# columns: 1
 0
 0
 -2.6750251221955188
 -7.7925373008106904
 -8.6859150931795366
 -7.7925373008106931
 -2.6750251221955166
 0
 0


