# Created by Octave 5.1.0, Tue Apr 21 17:48:20 2020 GMT <unknown@Thomas-PC>
# name: lambda_sol
# type: matrix
# rows: 17
# columns: 1
 0
 0
 0
 0
 -2.9534099690770552
 -5.9802233754920149
 -7.529287959023919
 -8.4305075748341576
 -8.7018666021945563
 -8.4305075748341594
 -7.5292879590239119
 -5.9802233754920255
 -2.9534099690770481
 0
 0
 0
 0


