# Created by Octave 5.1.0, Tue Apr 21 17:53:54 2020 GMT <unknown@Thomas-PC>
# name: lambda_sol
# type: matrix
# rows: 33
# columns: 1
 0
 0
 0
 0
 0
 0
 0
 -0.54486383222566881
 -3.4911618961192885
 -4.7415837069223601
 -5.7766522307985095
 -6.6706949431438858
 -7.4256629828076601
 -8.0291387183791301
 -8.4650964004519373
 -8.7174440487962208
 -8.7850165443121337
 -8.717444048796219
 -8.4650964004519302
 -8.0291387183791372
 -7.4256629828076566
 -6.670694943143892
 -5.7766522307984847
 -4.7415837069223814
 -3.4911618961192823
 -0.54486383222566415
 0
 0
 0
 0
 0
 0
 0


