# Created by Octave 5.1.0, Sun Feb 16 19:32:39 2020 GMT <unknown@Thomas-PC>
# name: lambda_sol
# type: matrix
# rows: 65
# columns: 1
 0
 0
 0
 0
 0
 0
 0
 0
 0
 0
 0
 0
 0
 0
 -0.69014328244004641
 -2.5323870775036856
 -3.3416056614644551
 -4.0178424026924331
 -4.6263853506441688
 -5.1854202520942128
 -5.7026968528850759
 -6.1819203713495083
 -6.6246060266101168
 -7.0309107831085225
 -7.4001187442586538
 -7.7309657503856357
 -8.0218737520814436
 -8.2711274767285037
 -8.477008115847104
 -8.63788765607827
 -8.7522809114984703
 -8.8188700576105781
 -8.8281716292662011
 -8.8188700576106811
 -8.7522809114986551
 -8.6378876560786182
 -8.4770081158474824
 -8.2711274767289957
 -8.0218737520820227
 -7.7309657503862104
 -7.4001187442593004
 -7.0309107831090909
 -6.6246060266106861
 -6.1819203713500013
 -5.7026968528855129
 -5.1854202520945289
 -4.6263853506443624
 -4.0178424026925876
 -3.3416056614644658
 -2.5323870775036057
 -0.6901432824394268
 0
 0
 0
 0
 0
 0
 0
 0
 0
 0
 0
 0
 0
 0


