# Created by Octave 5.1.0, Sun Feb 16 20:07:18 2020 GMT <unknown@Thomas-PC>
# name: lambda_sol
# type: matrix
# rows: 129
# columns: 1
 0
 0
 0
 0
 0
 0
 0
 0
 0
 0
 0
 0
 0
 0
 0
 0
 0
 0
 0
 0
 0
 0
 0
 0
 0
 0
 0
 0
 -0.97160749963108628
 -1.9467212249839174
 -2.4582457593201927
 -2.8910427148434228
 -3.2812290267960473
 -3.6415179370210189
 -3.9787632130289783
 -4.2973412241759492
 -4.6002307648649676
 -4.8895163281789307
 -5.1666750122001837
 -5.4327561337338395
 -5.6884993518745404
 -5.934414997919407
 -6.1708402577117845
 -6.3979795041059067
 -6.6159339918124251
 -6.8247242682496472
 -7.0243075025767405
 -7.2145912055885413
 -7.3954443414566216
 -7.5667065212797873
 -7.7281957593369963
 -7.8797151297262458
 -8.0210585610050629
 -8.1520159349185324
 -8.2723776023400131
 -8.3819383875534115
 -8.4805011133522736
 -8.5678796333710743
 -8.6439012849268568
 -8.7084085373339342
 -8.7612593444405853
 -8.8023252998814296
 -8.8314868383046292
 -8.8486343517720325
 -8.8459923210217237
 -8.8486343517720236
 -8.831486838304599
 -8.8023252998813817
 -8.7612593444405835
 -8.7084085373338809
 -8.6439012849268533
 -8.5678796333709837
 -8.4805011133522559
 -8.3819383875532552
 -8.2723776023399882
 -8.1520159349183405
 -8.0210585610050362
 -7.8797151297260246
 -7.7281957593369199
 -7.5667065212795626
 -7.3954443414564874
 -7.2145912055882988
 -7.0243075025765442
 -6.8247242682493967
 -6.6159339918121578
 -6.397979504105578
 -6.1708402577114203
 -5.9344149979190117
 -5.6884993518740261
 -5.4327561337334176
 -5.1666750121995655
 -4.8895163281783773
 -4.6002307648642198
 -4.2973412241752476
 -3.978763213028043
 -3.6415179370201618
 -3.2812290267949642
 -2.8910427148422961
 -2.4582457593187881
 -1.9467212249825019
 -0.9716074996275933
 0
 0
 0
 0
 0
 0
 0
 0
 0
 0
 0
 0
 0
 0
 0
 0
 0
 0
 0
 0
 0
 0
 0
 0
 0
 0
 0
 0


