# Created by Octave 5.1.0, Tue Apr 21 17:46:10 2020 GMT <unknown@Thomas-PC>
# name: u_sol
# type: matrix
# rows: 18
# columns: 1
 0.014313427744611905
 -0.014313427744611888
 0
 0
 8.2340910094583603e-18
 -0.031777922208772187
 0
 0.031777922208772201
 1.7789108632710948e-18
 -0.20816621093412183
 -0.20816621093412183
 0
 0
 -0.060718904624101983
 -0.14723017645133527
 0
 -0.14723017645133529
 -0.12654695940644889


