# Created by Octave 5.1.0, Tue Apr 21 17:46:20 2020 GMT <unknown@Thomas-PC>
# name: u_sol
# type: matrix
# rows: 50
# columns: 1
 -0.0097236319151527226
 0.0097236319151527365
 0
 0
 6.4785600664559135e-18
 -0.024366984289762823
 0
 0.024366984289762812
 -9.3002456769523642e-18
 -0.01201691512309515
 -3.0694635535623218e-18
 -0.0076869181685749639
 0.012016915123095164
 0.0076869181685749605
 0.00091715657293882022
 -0.0095116088945364045
 -0.038339458254020478
 -0.015125302361243324
 0
 -7.8930034303472877e-18
 0
 0.015125302361243311
 0.038339458254020464
 0.0095116088945363872
 -0.00091715657293882369
 -0.19691514305655042
 -0.19691514305655039
 0
 0
 -0.08858192373974208
 -0.14748791494787189
 0
 -0.14748791494787189
 -0.14977656229720296
 -0.15768663956508286
 -0.1468017110877067
 -0.1737627092269321
 -0.15768663956508283
 -0.1737627092269321
 -0.18420613122703283
 -0.151986565810694
 -0.09649418228351328
 -0.091114474583159827
 0
 -0.088303441110337472
 0
 -0.091114474583159841
 -0.09649418228351328
 -0.15198656581069403
 -0.18420613122703286


