# Created by Octave 5.1.0, Tue Apr 21 17:46:45 2020 GMT <unknown@Thomas-PC>
# name: u_sol
# type: matrix
# rows: 162
# columns: 1
 -0.0024038203289113696
 0.0024038203289113522
 0
 0
 -3.8258495082197147e-18
 -0.02384362287253235
 0
 0.023843622872532357
 3.2722390865853017e-18
 -0.0052762499322457426
 2.9482356892365961e-19
 -0.0094898484897949307
 0.0052762499322457253
 0.0094898484897949342
 0.0022397205072874895
 -0.008064728029037415
 -0.041915758784930007
 -0.016679117152396134
 0
 2.6570967281891707e-18
 0
 0.016679117152396138
 0.041915758784930014
 0.0080647280290374237
 -0.0022397205072874878
 -0.0030594276604849462
 -0.012835701701749507
 -0.011095520737892973
 -2.2653715712386105e-18
 -0.0095009251858925968
 -0.0042213141009746387
 -0.002611988119975173
 -0.0072390228587217754
 2.3354265241082819e-18
 0.0042213141009746265
 0.0095009251858925933
 0.011095520737892967
 0.012835701701749504
 0.0030594276604849271
 0.0072390228587217772
 0.0026119881199751795
 0.0080249176451911257
 0.0071364577166666381
 -0.015685238111845662
 -0.0031684242139610927
 -0.0099623138825541656
 0.0014395866840872032
 -0.0027601521545136585
 -0.035617636544523837
 -0.025172690463903254
 -0.020406579462638772
 -0.028622175422008459
 -0.036379454098215226
 -0.015024834604154389
 -0.0070386995584282453
 0
 -0.011475089513123343
 1.836330116736312e-18
 -0.0051865359520943824
 0
 -0.0076849855496926292
 4.7612658242842901e-18
 0
 0.005186535952094385
 0.020406579462638769
 0.01147508951312334
 0
 0.0076849855496926335
 0.007038699558428254
 0.036379454098215226
 0.028622175422008463
 0.015685238111845669
 0.025172690463903261
 0.035617636544523844
 0.015024834604154397
 0.0027601521545136667
 0.0099623138825541725
 0.0031684242139611001
 -0.0071364577166666363
 -0.0080249176451911326
 -0.0014395866840871965
 -0.20873400508640086
 -0.20873400508640086
 0
 0
 -0.097219945245792708
 -0.15225126949037537
 0
 -0.15225126949037537
 -0.15256473447628982
 -0.1625581642669664
 -0.15333824644228131
 -0.17727288261620702
 -0.1625581642669664
 -0.17727288261620702
 -0.19042558288707567
 -0.15626109797002946
 -0.098419478965397628
 -0.09422454673154193
 0
 -0.09178757113163892
 0
 -0.09422454673154193
 -0.098419478965397614
 -0.15626109797002946
 -0.19042558288707565
 -0.19746840880400501
 -0.17347568870848051
 -0.19632184993011456
 -0.13178463883654204
 -0.14429723589445495
 -0.11396623998498856
 -0.16308093884348129
 -0.16058005838923767
 -0.159955970022089
 -0.11396623998498855
 -0.14429723589445492
 -0.19632184993011456
 -0.17347568870848051
 -0.19746840880400501
 -0.16058005838923767
 -0.16308093884348129
 -0.20265544051647214
 -0.19038254137889934
 -0.15886667619233305
 -0.17821733880830898
 -0.17362367997373637
 -0.17191384096459078
 -0.15189932324223715
 -0.12881942627656157
 -0.13224375838808028
 -0.050542670516681917
 -0.096536641998721737
 -0.058584123762410782
 -0.130366431573708
 -0.12792971897672573
 0
 -0.04963159354060892
 -0.048717821432197744
 -0.049274470704934972
 0
 -0.092761927982878523
 -0.12709661364607849
 0
 -0.049274470704934972
 -0.05054267051668191
 -0.04963159354060892
 0
 -0.092761927982878509
 -0.12792971897672573
 -0.058584123762410789
 -0.096536641998721737
 -0.15886667619233305
 -0.13224375838808028
 -0.12881942627656157
 -0.130366431573708
 -0.15189932324223715
 -0.17362367997373634
 -0.17821733880830895
 -0.19038254137889934
 -0.20265544051647211
 -0.17191384096459075


