# Created by Octave 5.1.0, Tue Apr 21 17:48:20 2020 GMT <unknown@Thomas-PC>
# name: u_sol
# type: matrix
# rows: 578
# columns: 1
 0.00060035678680944228
 -0.00060035678680943978
 0
 0
 4.9101033923865169e-18
 -0.023585674186787916
 0
 0.023585674186787926
 4.0395582968880684e-18
 -0.0024523024286069021
 4.6123071250592357e-18
 -0.010340084945751732
 0.0024523024286069021
 0.010340084945751742
 0.0031945617536272694
 -0.0077992139801130846
 -0.043792817426970644
 -0.01751557496431775
 0
 2.8638447631842194e-18
 0
 0.017515574964317757
 0.043792817426970651
 0.0077992139801130915
 -0.0031945617536272607
 0.00076125424569843908
 -0.013583506570238903
 -0.010999130581944502
 3.9332004538762263e-18
 -0.0094443484353501118
 -0.0052065361916195495
 -0.0023560353740381735
 -0.0071970343837810648
 4.1420135649336575e-18
 0.0052065361916195591
 0.0094443484353501205
 0.010999130581944509
 0.013583506570238912
 -0.00076125424569843713
 0.0071970343837810744
 0.0023560353740381826
 0.0072560990487682692
 0.0082769245942858789
 -0.015122726437051528
 -0.0022212913775522657
 -0.0088700157449987382
 0.0018592409022718109
 -0.0029007509810099166
 -0.036626500242891893
 -0.025711031358132855
 -0.022407907815344266
 -0.030048482158719678
 -0.038593059455440955
 -0.015252973749766197
 -0.0069139161887696848
 0
 -0.01224069431739719
 2.6736105742511472e-18
 -0.0054148984779444267
 0
 -0.0079087320524765699
 2.3538793215475964e-18
 0
 0.005414898477944431
 0.022407907815344269
 0.012240694317397195
 0
 0.0079087320524765751
 0.0069139161887696908
 0.038593059455440962
 0.030048482158719685
 0.015122726437051537
 0.025711031358132862
 0.036626500242891907
 0.015252973749766205
 0.0029007509810099236
 0.0088700157449987469
 0.0022212913775522753
 -0.0082769245942858703
 -0.0072560990487682631
 -0.0018592409022718016
 0.00049472441500297707
 -0.0073317866865017711
 -0.0059441681648704052
 -0.010922823109210184
 -0.0092048649366621264
 0.00029199543757852373
 -0.01251012227846722
 -0.012707717449860791
 -0.012969785284177027
 3.5691728457749069e-18
 -0.0045936118414090267
 -0.0031187672194682623
 -0.0047455210511152587
 -0.0050605801927222733
 4.4788534440503443e-18
 -0.0049528891966054049
 -0.0083894172458370449
 -0.010731498847213354
 -9.0855303839641201e-05
 -0.0014222597509232608
 4.2198302296868093e-18
 -0.0094578473067268385
 -0.0049293078120119568
 -0.0062507323571416307
 4.1210584988999225e-18
 -0.0027287377292656966
 -0.0038931587637458607
 -0.012508918902892656
 -0.008850565306960774
 -0.011752515217986063
 0.0031187672194682697
 0.0045936118414090336
 0.010731498847213364
 0.0083894172458370518
 0.004952889196605411
 0.005060580192722282
 0.0047455210511152673
 0.0059441681648704087
 0.0073317866865017754
 -0.00049472441500297457
 0.012969785284177037
 0.012707717449860798
 0.012510122278467229
 -0.0002919954375785227
 0.0092048649366621316
 0.010922823109210193
 0.001422259750923269
 9.0855303839649875e-05
 0.0038931587637458698
 0.0027287377292657053
 0.0062507323571416402
 0.0049293078120119663
 0.0094578473067268472
 0.012508918902892664
 0.011752515217986073
 0.0088505653069607827
 0.0047645828076800364
 0.0092073347299055676
 0.0060364499175806097
 0.0090344227589243993
 0.0065761195215319748
 0.011020022895689064
 0.0098280416547422873
 -0.01934204477124938
 -0.012261531484301905
 -0.016219072540691049
 -0.0054921824260972868
 -0.0086305281082211648
 -0.011203419445304931
 -0.0021878097454521243
 -0.0053060329042895985
 0.0010067160515107956
 -0.00031234248225590878
 -0.0012897119938675085
 0.0064552507414518687
 0.0025567471183836695
 -0.0050319452016762767
 -0.0012997371372736675
 -0.0030161970170104304
 0.0036176589869418834
 0.00022730048605441476
 0.0055126370230285599
 -0.030556553449687298
 -0.025802432423924319
 -0.035290390204216482
 -0.031298967266612514
 -0.041261888980799487
 -0.020916396110130953
 -0.016232236075404468
 -0.017509786276526461
 -0.029939718824791284
 -0.027174122015597241
 -0.02340866004934038
 -0.028158614102182084
 -0.021484616607220775
 -0.04333502738652794
 -0.035760208089971192
 -0.037087509016363526
 -0.0052483523334479329
 -0.0026005416000777922
 -0.011996431945274872
 -0.0083361774339293943
 -0.01222873054143536
 -0.010809805328960382
 -0.017208670709990825
 -0.028968502431740397
 -0.022827937312926327
 -0.020265179409768179
 0
 -0.012617224614250857
 -0.0067599597188924511
 -0.0092950597319816867
 0
 -0.016725295489401167
 -0.015892526732684958
 9.5711057882032942e-19
 -0.0014283835231339017
 0
 -0.0034464217517956521
 -0.0026186529244033975
 3.3128289523858136e-18
 0
 -0.0029674445179334202
 -0.004706250340045807
 -0.0033964797689817168
 3.0075124568024171e-18
 -0.012395967783117108
 -0.007825707448662728
 2.2775758088873403e-18
 -0.0038245019911572176
 -0.0038510565613532918
 -0.0085566096318538312
 -0.0071014218312882103
 -0.011176094122129951
 0
 0.0014283835231339052
 0.0047062503400458087
 0.0029674445179334232
 0
 0.0026186529244034023
 0.0034464217517956573
 0.017509786276526461
 0.012617224614250857
 0
 0.015892526732684965
 0.016725295489401173
 0.021484616607220782
 0
 0.0092950597319816902
 0.0067599597188924537
 0.003396479768981722
 0.0026005416000777987
 0.0038510565613532974
 0.0038245019911572228
 0.012228730541435367
 0.0078257074486627332
 0.012395967783117115
 0.0085566096318538364
 0.011176094122129956
 0.0071014218312882155
 0.027174122015597241
 0.029939718824791288
 0.037087509016363533
 0.035760208089971192
 0.043335027386527947
 0.028158614102182091
 0.023408660049340387
 0.01934204477124939
 0.02580243242392433
 0.030556553449687308
 0.016232236075404475
 0.020916396110130964
 0.01120341944530494
 0.041261888980799494
 0.031298967266612521
 0.035290390204216489
 0.0052483523334479398
 0.0012897119938675154
 0.017208670709990832
 0.010809805328960389
 0.0050319452016762828
 0.0083361774339294013
 0.011996431945274879
 0.028968502431740404
 0.020265179409768189
 0.022827937312926334
 0.016219072540691059
 0.012261531484301914
 -0.0010067160515107867
 0.0053060329042896072
 0.0021878097454521329
 0.0086305281082211735
 0.0054921824260972954
 -0.0092073347299055624
 -0.0047645828076800321
 -0.0098280416547422787
 -0.011020022895689055
 -0.006576119521531967
 -0.0090344227589243906
 -0.0060364499175806011
 0.00031234248225591658
 0.0030161970170104386
 0.0012997371372736751
 -0.0025567471183836608
 -0.0064552507414518592
 -0.0036176589869418743
 -0.0055126370230285503
 -0.00022730048605440516
 -0.21442488425498041
 -0.21442488425498041
 0
 0
 -0.099283984016261095
 -0.15368748378912583
 0
 -0.15368748378912583
 -0.15290849161458794
 -0.16312974376257619
 -0.15630692834100224
 -0.17851761822505904
 -0.16312974376257622
 -0.17851761822505902
 -0.19288321129748426
 -0.15832573871125238
 -0.098816519093696167
 -0.095594880975799781
 0
 -0.093304094737008861
 0
 -0.095594880975799768
 -0.098816519093696167
 -0.15832573871125238
 -0.19288321129748426
 -0.20155814883835638
 -0.17410197413599565
 -0.19896687818148889
 -0.13522521763441628
 -0.14627640385377641
 -0.11625648694397638
 -0.16529763833251995
 -0.16289104226484047
 -0.16184899976738273
 -0.11625648694397639
 -0.14627640385377641
 -0.19896687818148889
 -0.17410197413599565
 -0.20155814883835638
 -0.16289104226484047
 -0.16529763833251995
 -0.20719643054686657
 -0.19223509049077478
 -0.16081252379986302
 -0.17999690397767859
 -0.17505807864843267
 -0.17370338985640857
 -0.15385338924147404
 -0.12922476853757964
 -0.13379407822443348
 -0.0516276060305726
 -0.097694959830424463
 -0.060132781819641712
 -0.13218007881786434
 -0.12956465052675764
 0
 -0.050324673848707001
 -0.049678161397687097
 -0.049964979287675439
 0
 -0.094070665679614834
 -0.12846342001829425
 0
 -0.049964979287675439
 -0.051627606030572593
 -0.050324673848707001
 0
 -0.094070665679614834
 -0.12956465052675764
 -0.060132781819641705
 -0.097694959830424449
 -0.16081252379986302
 -0.13379407822443348
 -0.12922476853757964
 -0.13218007881786434
 -0.15385338924147404
