# Created by Octave 5.1.0, Tue Apr 21 17:53:54 2020 GMT <unknown@Thomas-PC>
# name: u_sol
# type: matrix
# rows: 2178
# columns: 1
 0.00082117422925781904
 -0.0008211742292578224
 0
 0
 -3.0880231730902732e-18
 -0.023541128759363966
 0
 0.023541128759363972
 -2.1371317162800253e-19
 -0.0011928129925611734
 -1.5423872715223758e-18
 -0.010577003245357198
 0.0011928129925611647
 0.010577003245357196
 0.00358746852638762
 -0.0077863622585839449
 -0.044570886675332627
 -0.017872243476509557
 0
 3.7604232575661686e-18
 0
 0.017872243476509567
 0.044570886675332627
 0.0077863622585839466
 -0.0035874685263876196
 0.001863538488419075
 -0.013917712466108656
 -0.011058148365210943
 -2.8671927834179858e-18
 -0.0094686379232840484
 -0.0059519432971117158
 -0.0022613714353483098
 -0.0071781492499432067
 -1.2230071397428082e-18
 0.0059519432971117045
 0.0094686379232840432
 0.01105814836521094
 0.013917712466108652
 -0.0018635384884190796
 0.0071781492499432033
 0.0022613714353483081
 0.006986684816197508
 0.0087193127917239779
 -0.014996868095895042
 -0.0019357434838637329
 -0.008500111999039963
 0.0019368756822573492
 -0.002976185604993401
 -0.037014912315546704
 -0.025952105595246421
 -0.023245390585977837
 -0.030646410987450093
 -0.039617395651946469
 -0.015388373884177282
 -0.0069116652856564204
 0
 -0.012590230580878147
 3.6628123615080104e-18
 -0.0055392795051965532
 0
 -0.0080349528360167243
 1.9520260573979283e-18
 0
 0.0055392795051965593
 0.02324539058597784
 0.012590230580878152
 0
 0.008034952836016733
 0.0069116652856564256
 0.039617395651946476
 0.0306464109874501
 0.014996868095895045
 0.025952105595246428
 0.037014912315546711
 0.015388373884177287
 0.002976185604993401
 0.0085001119990399682
 0.0019357434838637353
 -0.0087193127917239797
 -0.0069866848161975114
 -0.0019368756822573489
 0.00091429234039251228
 -0.0068096244545836288
 -0.0052994275167014028
 -0.011101475269386592
 -0.0090668988455352238
 0.0022679867249685848
 -0.012930896652435363
 -0.013037876417389713
 -0.013274203355948878
 -2.8930044014611542e-18
 -0.0047197223528918737
 -0.0037653742498296623
 -0.0047150058910271787
 -0.0050613472892716022
 -2.1306989186018769e-18
 -0.0051742140590414444
 -0.0085296083678918864
 -0.01078407493495658
 3.7773539604093266e-05
 -0.0013223955905475101
 -8.1129891691064304e-19
 -0.0095369837385548793
 -0.0048741820681635637
 -0.0062761798188871202
 -1.4757007265622474e-18
 -0.002659445003235744
 -0.0038462092056150278
 -0.012626244489263451
 -0.0088546263556947124
 -0.011868846539165942
 0.0037653742498296571
 0.0047197223528918659
 0.010784074934956572
 0.0085296083678918794
 0.0051742140590414348
 0.005061347289271597
 0.0047150058910271743
 0.0052994275167013993
 0.0068096244545836236
 -0.00091429234039251597
 0.013274203355948876
 0.01303787641738971
 0.012930896652435362
 -0.0022679867249685913
 0.0090668988455352168
 0.011101475269386587
 0.0013223955905475077
 -3.7773539604094892e-05
 0.0038462092056150243
 0.0026594450032357414
 0.0062761798188871194
 0.0048741820681635611
 0.0095369837385548776
 0.012626244489263447
 0.011868846539165938
 0.0088546263556947107
 0.0041141756029984752
 0.0090372889845551294
 0.0064685298279075782
 0.009280898812474677
 0.0067377902760080779
 0.011378002492610957
 0.010214313912276732
 -0.019223279327912686
 -0.012047169913874268
 -0.015967620552188044
 -0.005384552179964839
 -0.00845475459075847
 -0.011122470261701146
 -0.0017504377153405133
 -0.0049689325268984039
 0.0014400987031499015
 -0.00042180542797683521
 -0.0013516485871333751
 0.0066113217074885771
 0.0025304999643796125
 -0.0050784333347627594
 -0.0013548400963630486
 -0.0029939936292342787
 0.0040118655197423306
 0.00042110051247452689
 0.0058108342346517797
 -0.030739200609861551
 -0.025895040733317165
 -0.03578598622661161
 -0.031595967445931218
 -0.041848006209284916
 -0.02097608818079855
 -0.016283128567727422
 -0.018587264260609363
 -0.030954224435635707
 -0.028118630343953028
 -0.023892682247853854
 -0.028911580637479704
 -0.022072197076789205
 -0.04428252459795165
 -0.036642205567596398
 -0.037781609682555312
 -0.0052243099149372569
 -0.0025209368470850836
 -0.012039456454738796
 -0.0083565713298304426
 -0.012382176264336586
 -0.010878318869224813
 -0.01745837930045846
 -0.029389908902995691
 -0.023168316691253632
 -0.020456526309131643
 0
 -0.01314306078340201
 -0.0069431349388544153
 -0.0095955727225103832
 0
 -0.017277525983101231
 -0.016300459700083484
 3.1691752673850586e-18
 -0.0014640731007883887
 0
 -0.0035123992683642183
 -0.0026777729634491799
 4.3232938630290793e-18
 0
 -0.0030355456314182763
 -0.0048191371493205492
 -0.0033555035144668234
 1.1376194529784648e-18
 -0.012627065605987817
 -0.0078928938062055587
 2.9215150572875179e-18
 -0.0038358834719251192
 -0.003900971439791668
 -0.0087714570956907729
 -0.0072493120439470517
 -0.011435427357274215
 0
 0.0014640731007883941
 0.0048191371493205518
 0.0030355456314182798
 0
 0.0026777729634491873
 0.0035123992683642265
 0.018587264260609367
 0.013143060783402011
 0
 0.016300459700083491
 0.017277525983101234
 0.022072197076789212
 0
 0.009595572722510385
 0.0069431349388544171
 0.0033555035144668278
 0.0025209368470850853
 0.0039009714397916753
 0.0038358834719251257
 0.012382176264336592
 0.0078928938062055656
 0.012627065605987826
 0.0087714570956907781
 0.011435427357274224
 0.0072493120439470595
 0.028118630343953031
 0.03095422443563571
 0.037781609682555312
 0.036642205567596405
 0.04428252459795165
 0.028911580637479711
 0.023892682247853861
 0.019223279327912693
 0.025895040733317169
 0.030739200609861555
 0.016283128567727425
 0.020976088180798554
 0.011122470261701149
 0.041848006209284923
 0.031595967445931225
 0.035785986226611617
 0.0052243099149372595
 0.0013516485871333749
 0.017458379300458467
 0.01087831886922482
 0.0050784333347627603
 0.0083565713298304461
 0.012039456454738799
 0.029389908902995698
 0.02045652630913165
 0.023168316691253639
 0.015967620552188047
 0.012047169913874271
 -0.0014400987031499002
 0.0049689325268984074
 0.0017504377153405152
 0.0084547545907584735
 0.0053845521799648407
 -0.0090372889845551328
 -0.0041141756029984796
 -0.010214313912276736
 -0.011378002492610959
 -0.0067377902760080788
 -0.0092808988124746788
 -0.0064685298279075782
 0.00042180542797683423
 0.0029939936292342792
 0.0013548400963630481
 -0.0025304999643796133
 -0.0066113217074885789
 -0.0040118655197423306
 -0.0058108342346517806
 -0.0004211005124745257
 0.00075319977180268944
 -0.0023267329323876937
 -0.0020801295985225072
 -0.0029977444035122103
 -0.0026002321399793628
 0.0013248920206334874
 -0.0084776153652196488
 -0.0059707947959786465
 -0.0094785627887107472
 -0.0074602732754650057
 -0.00608957252526862
 0.0011741468820849902
 -0.012621478998351346
 -0.010275414819537745
 -0.01308005973669017
 0.0023036842083754522
 -0.0046841128522843454
 -0.0036503314775126927
 -0.012161705535672852
 -0.013301899141385893
 -0.01212559433868704
 -0.012097229444217279
 -0.013382483865121772
 -0.012599319920199178
 -0.013917460748886697
 -0.013867244716696094
 -0.013709857960802792
 -0.0078525005600145591
 -0.011696499908137693
 -0.01058312496389306
 -2.7180956468529295e-18
 -0.0022243726637337083
 -0.0019642264423692254
 -0.002539410383394104
 -0.0024199927400526846
 -3.1276413956469395e-18
 -0.005161475376768465
 -0.0042984343959303218
 -0.0060698128347695885
 -0.0022019676778672879
 -0.0023948433122605137
 -1.7718203741946978e-18
 -0.0073847693970979407
 -0.0049665042505865958
 -0.0072585598119794406
 -2.5295693852842896e-18
 -0.002522609704804152
 -0.0025734369904482483
 -0.0035203365783034644
 -0.008482137864853476
 -0.0082023365469926623
 -0.0074091869855213493
 -0.0082260338833530285
 -0.0059855654115690791
 -0.010865480476643067
 -0.0098760552751201956
 -0.0092178792095174312
 -0.0049805128597680158
 -0.0072333332175408731
 -0.0067876897081321497
 0.00031174864764577543
 -1.2468290721167243e-05
 -6.0290260614951978e-19
 -0.0018594910458656448
 -0.00063883639869511657
