# Created by Octave 5.1.0, Wed Apr 22 01:18:19 2020 GMT <unknown@Thomas-PC>
# name: contactConvergence
# type: matrix
# rows: 5
# columns: 1
 1.4357824518418438
 1.0757836211833798
 8.6736173798840355e-18
 2.6020852139652106e-18
 3.4694469519536142e-18


