# Created by Octave 5.1.0, Wed Feb 19 20:58:11 2020 GMT <unknown@Thomas-PC>
# name: contactConvergence
# type: matrix
# rows: 7
# columns: 1
 6.9805437526794369
 2.8745451678399198e-05
 1.0869216343201408e-18
 1.0459561809444249e-18
 9.6120346102662315e-19
 1.2769087122101769e-18
 1.0962086858635813e-18


