# Created by Octave 5.1.0, Wed Apr 22 01:35:06 2020 GMT <unknown@Thomas-PC>
# name: contactConvergence
# type: matrix
# rows: 6
# columns: 1
 4.2627772590380291
 3.2100716489357441e-18
 0.092297604507690909
 4.7645603283054394e-19
 5.5681828370129569e-19
 1.3000896949169442e-18


