# Created by Octave 5.1.0, Wed Apr 22 01:24:22 2020 GMT <unknown@Thomas-PC>
# name: contactConvergence
# type: matrix
# rows: 7
# columns: 1
 2.3820176698162343
 1.1910088349081172
 0.89325662618108781
 0.8058200950903609
 1.6805133673525319e-18
 2.0328790734103208e-18
 1.0842021724855044e-19


