# Created by Octave 5.1.0, Wed Apr 22 01:18:02 2020 GMT <unknown@Thomas-PC>
# name: contactConvergence
# type: matrix
# rows: 6
# columns: 1
 0
 0.04830614871768299
 1.3877787807814457e-17
 3.4694469519536142e-18
 6.9388939039072284e-18
 3.4694469519536142e-18


