# Created by Octave 5.1.0, Wed Apr 22 01:19:11 2020 GMT <unknown@Thomas-PC>
# name: contactConvergence
# type: matrix
# rows: 5
# columns: 1
 1.3583664018686628
 1.3750787149961448
 6.5052130349130266e-18
 3.0357660829594124e-18
 2.6020852139652106e-18


