# Created by Octave 5.1.0, Wed Feb 19 18:18:29 2020 GMT <unknown@Thomas-PC>
# name: contactConvergence
# type: matrix
# rows: 7
# columns: 1
 7.7825677151939772
 0.00018768606553884001
 0.091705306249367721
 1.1785011001319074e-18
 1.5218354561370582e-18
 1.0999865050331974e-18
 8.8000616676113945e-19


