# Created by Octave 5.1.0, Wed Feb 19 20:58:11 2020 GMT <unknown@Thomas-PC>
# name: equilibriumConvergence
# type: matrix
# rows: 7
# columns: 1
 1.0283756481152455
 0.46824711867976238
 0.10911928400248844
 0.0087864813473732765
 6.1836472506170172e-05
 3.0117552616265009e-09
 6.8952095520452251e-14


