# Created by Octave 5.1.0, Wed Feb 19 18:18:29 2020 GMT <unknown@Thomas-PC>
# name: equilibriumConvergence
# type: matrix
# rows: 7
# columns: 1
 1.4070355327604778
 0.31654551779214457
 0.29699406093734759
 0.059336278354041296
 0.00080620108191686889
 2.7529192957935262e-07
 5.5308922231542841e-14


