# Created by Octave 5.1.0, Wed Apr 22 01:18:02 2020 GMT <unknown@Thomas-PC>
# name: equilibriumConvergence
# type: matrix
# rows: 6
# columns: 1
 3.8188130791298733
 0.53917085524523012
 0.20684058017505969
 0.00030849836137963118
 2.8970578603377333e-10
 4.3954908464320719e-15


