# Created by Octave 5.1.0, Wed Apr 22 01:24:22 2020 GMT <unknown@Thomas-PC>
# name: equilibriumConvergence
# type: matrix
# rows: 7
# columns: 1
 1.7099364170455884
 0.87145226619027139
 0.65546962556931188
 0.57381179166311491
 0.010203639488045471
 5.673679930357377e-06
 2.8896969283889613e-12


