# Created by Octave 5.1.0, Wed Apr 22 01:18:19 2020 GMT <unknown@Thomas-PC>
# name: equilibriumConvergence
# type: matrix
# rows: 5
# columns: 1
 2.232560031495328
 1.6839437510255981
 0.073339952463092897
 6.164639414631369e-05
 1.5931029005760257e-10


