# Created by Octave 5.1.0, Wed Apr 22 01:35:06 2020 GMT <unknown@Thomas-PC>
# name: equilibriumConvergence
# type: matrix
# rows: 6
# columns: 1
 1.5437060541330871
 0.28878489344605157
 0.017252439410680904
 0.00012813571387393865
 5.5290602718196634e-09
 1.795622069964527e-14


