# Created by Octave 5.1.0, Wed Apr 22 01:19:11 2020 GMT <unknown@Thomas-PC>
# name: equilibriumConvergence
# type: matrix
# rows: 5
# columns: 1
 1.8983368653134522
 0.96434532987221244
 0.034841776285556909
 4.0399138364585987e-05
 1.6921336996680956e-10


