# Created by Octave 5.1.0, Wed Apr 22 01:18:02 2020 GMT <unknown@Thomas-PC>
# name: lambda_sol
# type: matrix
# rows: 3
# columns: 1
 0
 -4.0554853455841213
 0


