# Created by Octave 5.1.0, Wed Apr 22 01:19:11 2020 GMT <unknown@Thomas-PC>
# name: lambda_sol
# type: matrix
# rows: 9
# columns: 1
 0
 0
 0
 0
 -13.049240670227334
 0
 0
 0
 0


