# Created by Octave 5.1.0, Wed Apr 22 01:18:02 2020 GMT <unknown@Thomas-PC>
# name: u_sol
# type: matrix
# rows: 18
# columns: 1
 0.0012310011240806869
 -0.0012310011240806954
 0
 0
 -4.6534272747408716e-18
 -0.026674879025229459
 0
 0.026674879025229463
 -4.7216720598927419e-18
 -0.17540814150593947
 -0.17540814150593947
 0
 0
 -0.10000000000000005
 -0.12340845426810625
 0
 -0.12340845426810625
 -0.11983615460056976


