# Created by Octave 5.1.0, Wed Apr 22 01:18:19 2020 GMT <unknown@Thomas-PC>
# name: u_sol
# type: matrix
# rows: 50
# columns: 1
 0.0072970321273236709
 -0.0072970321273236414
 0
 0
 2.6132022483248321e-17
 -0.027235617469870972
 0
 0.027235617469870986
 4.3983871750198596e-18
 0.0036878394748668685
 1.8109468357854628e-17
 0.001023366410062511
 -0.0036878394748668082
 -0.0010233664100624889
 -0.0095828723830135611
 -0.012644413006024931
 -0.03867258972733946
 -0.015937606924954995
 0
 6.4959630917504377e-18
 0
 0.015937606924954995
 0.038672589727339474
 0.012644413006024943
 0.0095828723830135853
 -0.18352284066176103
 -0.18352284066176097
 0
 0
 -0.099999999999999978
 -0.13311652901786986
 0
 -0.13311652901786986
 -0.12941635379024372
 -0.16571908247955519
 -0.13347961645460843
 -0.16287250603896869
 -0.16571908247955514
 -0.16287250603896869
 -0.16862581310290892
 -0.13616014480162247
 -0.086558760556643966
 -0.079086184628742839
 0
 -0.074051114042986602
 0
 -0.079086184628742826
 -0.086558760556643966
 -0.13616014480162245
 -0.16862581310290897


