# Created by Octave 5.1.0, Wed Apr 22 01:19:11 2020 GMT <unknown@Thomas-PC>
# name: u_sol
# type: matrix
# rows: 162
# columns: 1
 0.013483955853128247
 -0.013483955853128209
 0
 0
 1.7532127673566067e-17
 -0.028219973330296681
 0
 0.028219973330296706
 4.2328444254826182e-18
 0.011252863061785171
 1.4832774038027703e-17
 0.0012423443984642241
 -0.011252863061785124
 -0.0012423443984641935
 -0.010548872540380649
 -0.011952028280733136
 -0.043262900053392339
 -0.018942767776282878
 0
 4.9997619861285037e-19
 0
 0.018942767776282884
 0.043262900053392339
 0.011952028280733154
 0.01054887254038068
 0.012572459013640579
 0.0020353689425568863
 0.0054021612786564182
 1.4747398849145566e-17
 -0.0011132969858865674
 0.0071609373441190952
 0.0011501431958691609
 -0.0014219893099702561
 1.0160434741129717e-17
 -0.0071609373441190631
 0.0011132969858866097
 -0.0054021612786563852
 -0.0020353689425568412
 -0.012572459013640538
 0.0014219893099702882
 -0.0011501431958691453
 -0.0084798805245180457
 -0.0054556667238002928
 -0.019869206292639781
 -0.011122139609894055
 -0.018133503631070583
 -0.0053279647059973215
 -0.0051256041668287415
 -0.037509640597174987
 -0.027597119112143804
 -0.023251265456536083
 -0.031087789984463137
 -0.039273039929718964
 -0.017428702137190191
 -0.008357727745202841
 0
 -0.013657221113442154
 1.3058670600500404e-18
 -0.0063287241143618325
 0
 -0.0089335012589010134
 -3.1483271628444314e-18
 0
 0.0063287241143618342
 0.02325126545653608
 0.013657221113442154
 0
 0.0089335012589010186
 0.0083577277452028479
 0.039273039929718964
 0.031087789984463137
 0.019869206292639795
 0.027597119112143818
 0.037509640597175001
 0.017428702137190204
 0.0051256041668287563
 0.018133503631070622
 0.011122139609894086
 0.005455666723800324
 0.0084798805245180769
 0.0053279647059973441
 -0.19697201252260424
 -0.19697201252260424
 0
 0
 -0.099999999999999978
 -0.14147091687542732
 0
 -0.14147091687542734
 -0.13918937158067052
 -0.17765550817983045
 -0.14578008548888918
 -0.17226673196827147
 -0.17765550817983042
 -0.17226673196827144
 -0.17958700865901681
 -0.14461042117920522
 -0.090091456430029623
 -0.085111875862186853
 0
 -0.08154013706697448
 0
 -0.085111875862186853
 -0.090091456430029637
 -0.14461042117920525
 -0.17958700865901683
 -0.19061734785862053
 -0.17712474293977121
 -0.18784295303205584
 -0.13043696558511964
 -0.15718627716076508
 -0.15129785935988482
 -0.15411828090546847
 -0.15904831717228676
 -0.14821335397661464
 -0.15129785935988482
 -0.15718627716076508
 -0.18784295303205581
 -0.17712474293977118
 -0.1906173478586205
 -0.15904831717228676
 -0.15411828090546847
 -0.19156189818106778
 -0.17967657574942264
 -0.1466251239697762
 -0.16605594344307834
 -0.16266465791464799
 -0.16194414002087834
 -0.14021133545200337
 -0.1185509315432559
 -0.1212699360927266
 -0.044922553303815158
 -0.088045426376930552
 -0.054021003230317784
 -0.11931236822019037
 -0.11644816063033622
 0
 -0.043639135225938687
 -0.041969606052426188
 -0.04303215431449707
 0
 -0.083143751369514296
 -0.11482090819416287
 0
 -0.043032154314497056
 -0.044922553303815151
 -0.04363913522593868
 0
 -0.083143751369514282
 -0.11644816063033621
 -0.054021003230317777
 -0.088045426376930552
 -0.1466251239697762
 -0.12126993609272661
 -0.11855093154325591
 -0.11931236822019037
 -0.14021133545200337
 -0.16266465791464801
 -0.16605594344307836
 -0.17967657574942264
 -0.19156189818106778
 -0.16194414002087837


