# Created by Octave 5.1.0, Wed Apr 22 01:24:22 2020 GMT <unknown@Thomas-PC>
# name: u_sol
# type: matrix
# rows: 578
# columns: 1
 0.016144775356056768
 -0.016144775356056799
 0
 0
 -1.5942459844023304e-17
 -0.029475501249640688
 0
 0.029475501249640688
 6.6462796949411297e-19
 0.016822213405388482
 -7.0135041308222166e-18
 0.0016969837296971406
 -0.016822213405388503
 -0.0016969837296971556
 -0.012118518034910404
 -0.01226361215607079
 -0.046389420162194224
 -0.020697370055061656
 0
 -1.2054748599942925e-18
 0
 0.020697370055061656
 0.046389420162194231
 0.012263612156070787
 0.012118518034910392
 0.015979210464211146
 0.0039276423345876435
 0.0081095326896116794
 -7.0221637292467643e-18
 -0.0010719868299956382
 0.014127629969796078
 0.0014160125675615886
 -0.0016428386655568733
 -3.3678782134461322e-18
 -0.0141276299697961
 0.0010719868299956185
 -0.0081095326896117002
 -0.0039276423345876643
 -0.015979210464211184
 0.0016428386655568561
 -0.0014160125675615977
 -0.011365588295512161
 -0.0066557445373945185
 -0.020459587762846339
 -0.011724336444095845
 -0.019029518573264001
 -0.0056473519021393625
 -0.0053818540413221915
 -0.039813097254476244
 -0.029069188172657939
 -0.026576844264233242
 -0.033494295274335339
 -0.042618537794135145
 -0.018372468921906557
 -0.0087607986028723685
 0
 -0.015286292157047488
 1.2265900503099335e-18
 -0.0069910218487820967
 0
 -0.0097352655722905846
 1.435315576218071e-18
 0
 0.0069910218487820976
 0.026576844264233242
 0.01528629215704749
 0
 0.0097352655722905829
 0.0087607986028723633
 0.042618537794135151
 0.033494295274335339
 0.020459587762846333
 0.029069188172657936
 0.039813097254476244
 0.018372468921906551
 0.0053818540413221837
 0.019029518573263991
 0.011724336444095835
 0.0066557445373945038
 0.01136558829551214
 0.005647351902139352
 0.01585227087466106
 0.011528806252165534
 0.012398365587729498
 0.0088272379751919688
 0.010421395440992786
 0.01644150828091907
 0.0041633457000338405
 0.0062088124862524022
 0.0017616390596942061
 -1.2701828009348396e-17
 3.2559609394233959e-05
 0.0085944918369799481
 -0.002283708299495384
 -0.0022134251242097174
 -4.430565287296771e-18
 0.016417579222466533
 0.0032861281709983627
 0.006474832470237224
 0.0014143847773615366
 0.00036771956483253629
 -2.7187423445113487e-18
 -0.00036756308987847018
 -0.0003182302924899998
 0.0010436105877909064
 -4.6707252360288093e-18
 -0.00066142976840568755
 -0.0016033921132224095
 0.0013533531835933446
 -0.0021627326276814204
 -0.00052428293751631029
 -0.0085944918369799724
 -3.2559609394254796e-05
 -0.0064748324702372448
 -0.0032861281709983818
 -0.016417579222466557
 0.0022134251242097009
 0.0022837082994953666
 -0.012398365587729523
 -0.011528806252165562
 -0.015852270874661095
 -0.0017616390596942248
 -0.0062088124862524231
 -0.0041633457000338596
 -0.016441508280919098
 -0.01042139544099281
 -0.0088272379751919896
 -0.00036771956483254556
 -0.0014143847773615454
 0.0016033921132223993
 0.00066142976840567389
 -0.0010436105877909168
 0.00031823029248998543
 0.00036756308987845462
 -0.0013533531835933645
 0.00052428293751629153
 0.0021627326276814031
 -0.013292489308173753
 -0.0097330871132069556
 -0.0092663465503362609
 -0.008615068073468778
 -0.010898996181942728
 -0.0064464653189716531
 -0.0041192088107924098
 -0.024879128004379018
 -0.019773921601797008
 -0.024035438306430682
 -0.012160238701040164
 -0.015831758020947054
 -0.016234971105462365
 -0.014927223226777243
 -0.015200599780299895
 -0.011566127193626027
 -0.0033595904363474586
 -0.00254022534339691
 -0.003151034328778066
 -0.0032192931128294635
 -0.0086244993143084064
 -0.0058319929762427804
 -0.0087968787022735615
 -0.0085322473274356461
 -0.0085265579941449492
 -0.0057115068968404663
 -0.034827938049015184
 -0.02992099938493473
 -0.03816788999503281
 -0.034521412118080019
 -0.043884528561143513
 -0.02500031479536944
 -0.020177082791209645
 -0.021327109783622511
 -0.034372971018555416
 -0.032281050356396349
 -0.026900231543558521
 -0.032132532779988197
 -0.025271164907356446
 -0.0464306372662458
 -0.039458586146542809
 -0.040156527848629484
 -0.0073009800392228544
 -0.0036444484275938685
 -0.01556425836243348
 -0.011257322416077289
 -0.014759840945822184
 -0.013406653071985035
 -0.020248447084752121
 -0.032137082723371645
 -0.026084547744257926
 -0.023631077299493847
 0
 -0.015787283545270113
 -0.00882282531732872
 -0.011900529403254766
 0
 -0.020398664925939225
 -0.019189279077098782
 -4.537341127851628e-19
 -0.0019248551290359565
 0
 -0.0043652689270328449
 -0.0034113325996028851
 -3.623193477635661e-19
 0
 -0.0039764340911554808
 -0.0062378441074429003
 -0.0043467692065803374
 -2.6413824285012888e-18
 -0.014993959278698281
 -0.0096263865570224445
 -2.132993271937607e-19
 -0.0047564990190372552
 -0.0047927052866710042
 -0.010891850799147324
 -0.0089022301376824545
 -0.013786985164192658
 0
 0.0019248551290359597
 0.0062378441074429003
 0.0039764340911554808
 0
 0.0034113325996028873
 0.0043652689270328423
 0.021327109783622511
 0.015787283545270113
 0
 0.019189279077098779
 0.020398664925939222
 0.025271164907356442
 0
 0.011900529403254768
 0.0088228253173287217
 0.0043467692065803348
 0.0036444484275938633
 0.004792705286671005
 0.0047564990190372535
 0.014759840945822181
 0.0096263865570224427
 0.014993959278698279
 0.010891850799147324
 0.013786985164192656
 0.008902230137682458
 0.032281050356396342
 0.034372971018555416
 0.040156527848629484
 0.039458586146542809
 0.046430637266245807
 0.032132532779988204
 0.026900231543558518
 0.024879128004379015
 0.029920999384934727
 0.034827938049015177
 0.020177082791209642
 0.025000314795369436
 0.016234971105462362
 0.04388452856114352
 0.034521412118080019
 0.03816788999503281
 0.0073009800392228484
 0.0025402253433969017
 0.020248447084752118
 0.013406653071985032
 0.0086244993143083995
 0.011257322416077282
 0.015564258362433478
 0.032137082723371645
 0.02363107729949384
 0.026084547744257922
 0.024035438306430675
 0.019773921601797001
 0.011566127193626013
 0.015200599780299886
 0.014927223226777236
 0.015831758020947048
 0.012160238701040157
 0.0097330871132069313
 0.013292489308173724
 0.0041192088107923899
 0.0064464653189716366
 0.01089899618194271
 0.0086150680734687606
 0.0092663465503362488
 0.0033595904363474538
 0.0087968787022735563
 0.0058319929762427735
 0.0032192931128294539
 0.0031510343287780534
 0.0085322473274356339
 0.0057115068968404525
 0.0085265579941449406
 -0.2065169577743329
 -0.20651695777433293
 0
 0
 -0.099999999999999992
 -0.14765155705900671
 0
 -0.14765155705900668
 -0.14564657226970992
 -0.18850576969576641
 -0.15679018728895824
 -0.18034357391233818
 -0.18850576969576643
 -0.18034357391233818
 -0.18834162799307799
 -0.15105686169958363
 -0.092773574769457481
 -0.089150472967918171
 0
 -0.086193177598260451
 0
 -0.089150472967918171
 -0.092773574769457481
 -0.15105686169958363
 -0.18834162799307796
 -0.20061369592787393
 -0.18677656192032882
 -0.19743063041630299
 -0.14058694720912995
 -0.16566742286313271
 -0.16126695471170802
 -0.161495974127804
 -0.16689381232101186
 -0.15728854716052729
 -0.16126695471170802
 -0.16566742286313271
 -0.19743063041630299
 -0.18677656192032882
 -0.20061369592787395
 -0.16689381232101186
 -0.161495974127804
 -0.2013443437392943
 -0.18811843906032499
 -0.15312078571601842
 -0.17344408144466161
 -0.17000301091216954
 -0.16909409380363918
 -0.14684370163393626
 -0.12257804811013948
 -0.12637182672814976
 -0.047635539786606229
 -0.091726058899533086
 -0.056525901201655272
 -0.12469383809108267
 -0.12198607191284197
 0
 -0.045733631497241266
 -0.044562660960999513
 -0.045096231964578494
 0
 -0.087221500808807778
 -0.12073586587183056
 0
 -0.045096231964578501
 -0.047635539786606229
 -0.045733631497241266
 0
 -0.087221500808807778
 -0.12198607191284196
 -0.056525901201655265
 -0.091726058899533086
 -0.15312078571601842
 -0.12637182672814976
 -0.12257804811013946
 -0.12469383809108267
 -0.14684370163393626
 -0.17000301091216954
 -0.17344408144466161
