# Created by Octave 5.1.0, Wed Apr 22 01:35:06 2020 GMT <unknown@Thomas-PC>
# name: u_sol
# type: matrix
# rows: 2178
# columns: 1
 0.016892914229657691
 -0.016892914229657767
 0
 0
 -3.4757241901451215e-17
 -0.030761275090876727
 0
 0.030761275090876696
 -1.4645497369220015e-17
 0.01930967998005367
 -2.6934313898415274e-17
 0.0025004806726716664
 -0.019309679980053743
 -0.002500480672671718
 -0.013744978666418037
 -0.012960206915578762
 -0.048311615000223733
 -0.021725446445250731
 0
 -6.8493717781550846e-18
 0
 0.021725446445250717
 0.048311615000223712
 0.012960206915578728
 0.013744978666417981
 0.017136328230583489
 0.0055629205032088564
 0.010057162557988083
 -3.0037357359603046e-17
 -0.00086322227154539714
 0.020099222233307325
 0.0018662349234858289
 -0.0014618758207379601
 -2.100218501312043e-17
 -0.020099222233307401
 0.00086322227154533512
 -0.010057162557988145
 -0.0055629205032089188
 -0.017136328230583565
 0.0014618758207379083
 -0.0018662349234858703
 -0.013294816994475295
 -0.008048743360524916
 -0.021411979139017375
 -0.012758289162459089
 -0.020305054021844154
 -0.0063567062131429401
 -0.0058286693389982998
 -0.041442321638796874
 -0.03025520483927607
 -0.02824919890684029
 -0.034974506664684456
 -0.044589268371749258
 -0.019194419974452738
 -0.0091502199385274097
 0
 -0.016187964611047507
 -6.3562402904468082e-20
 -0.007385585138701029
 0
 -0.010236426857172593
 -1.0768285200363676e-17
 0
 0.0073855851387010256
 0.028249198906840287
 0.016187964611047503
 0
 0.010236426857172583
 0.0091502199385273889
 0.044589268371749244
 0.034974506664684442
 0.02141197913901734
 0.030255204839276045
 0.041442321638796846
 0.019194419974452714
 0.0058286693389982703
 0.020305054021844109
 0.012758289162459049
 0.008048743360524864
 0.013294816994475231
 0.0063567062131429011
 0.016756486204362122
 0.01340888579241715
 0.014116237716769968
 0.011229127818494835
 0.012554429165769609
 0.018067353436729654
 0.0056239236225572005
 0.0080825757225837982
 0.0028332447139592458
 -3.1809552516907039e-17
 6.9429658327807391e-05
 0.01496711867557254
 -0.0024163881564895503
 -0.0026771959347469706
 -2.8375863415377811e-17
 0.020379507781163674
 0.0050513054016287934
 0.0089228259827367328
 0.0017467446468343497
 0.0006721503519905521
 -1.7718115556694095e-17
 7.3334168192648678e-05
 2.7344736154733151e-05
 0.0015385783890468853
 -2.4300142137955058e-17
 -0.00041794700691992758
 -0.0014866770531670806
 0.002439923746087958
 -0.0021402612909653721
 1.4360103484482939e-05
 -0.014967118675572611
 -6.9429658327869393e-05
 -0.0089228259827368022
 -0.0050513054016288585
 -0.020379507781163746
 0.0026771959347469095
 0.0024163881564894922
 -0.014116237716770038
 -0.013408885792417219
 -0.016756486204362198
 -0.002833244713959304
 -0.0080825757225838624
 -0.0056239236225572595
 -0.018067353436729727
 -0.012554429165769678
 -0.011229127818494904
 -0.00067215035199059579
 -0.0017467446468343855
 0.001486677053167027
 0.00041794700691988052
 -0.0015385783890469317
 -2.7344736154781462e-05
 -7.333416819270133e-05
 -0.0024399237460880226
 -1.4360103484540862e-05
 0.0021402612909653144
 -0.014892419826526022
 -0.01169525905015173
 -0.010811336411514303
 -0.010432752101898287
 -0.012754807214346157
 -0.0081434408914738479
 -0.0052612689822833696
 -0.025982469901870031
 -0.020882598202130075
 -0.025259685636063491
 -0.013006518486527783
 -0.016812445847566415
 -0.017053392958258699
 -0.016337918511037493
 -0.016365964411541749
 -0.012874454036666321
 -0.0038454422786022655
 -0.0028028242581440285
 -0.0038683085457561547
 -0.0037837820818924566
 -0.009204143128016342
 -0.0064309702091179316
 -0.0095129272471565097
 -0.0096953724462854902
 -0.0094021833630882554
 -0.0066695879180836866
 -0.036292594752272485
 -0.031148065573657308
 -0.039710421439551252
 -0.035903447679403538
 -0.045671610908919739
 -0.02605035154479662
 -0.021074288117310668
 -0.023305503307599566
 -0.036214162135251055
 -0.033925798516625368
 -0.028164447762373746
 -0.033730814066526844
 -0.026630776714909026
 -0.048437444371799671
 -0.041269777503091527
 -0.041850053839258432
 -0.0076731172363235269
 -0.0037811740664453501
 -0.016309797839234457
 -0.011833283145747999
 -0.015455293348026538
 -0.014023873335162459
 -0.021173291773577997
 -0.033472195459797474
 -0.027219158887097687
 -0.024637524521749454
 0
 -0.016904014138722574
 -0.009301006240867906
 -0.012610450749984565
 0
 -0.021655240625025413
 -0.020250559682269152
 5.7498870217502078e-19
 -0.0020340199067867964
 0
 -0.0046051389776268475
 -0.003605653355290863
 -3.213011949413763e-18
 0
 -0.0041859897554503188
 -0.00656253913702959
 -0.0045159561482750812
 -1.1135469341224175e-17
 -0.015761537944069062
 -0.010078329700113213
 -8.6273004485563397e-18
 -0.0049693488637662679
 -0.0050349133623590232
 -0.011514106230494831
 -0.0093952493357878936
 -0.014553107622463507
 0
 0.0020340199067867964
 0.00656253913702959
 0.004185989755450318
 0
 0.0036056533552908613
 0.0046051389776268405
 0.023305503307599562
 0.01690401413872257
 0
 0.020250559682269142
 0.021655240625025406
 0.026630776714909016
 0
 0.012610450749984566
 0.0093010062408679043
 0.0045159561482750596
 0.0037811740664453245
 0.0050349133623590102
 0.0049693488637662514
 0.015455293348026523
 0.010078329700113199
 0.015761537944069055
 0.011514106230494824
 0.0145531076224635
 0.0093952493357878884
 0.033925798516625361
 0.036214162135251048
 0.041850053839258418
 0.04126977750309152
 0.048437444371799657
 0.033730814066526837
 0.028164447762373732
 0.025982469901869996
 0.031148065573657277
 0.036292594752272457
 0.021074288117310637
 0.026050351544796589
 0.017053392958258664
 0.045671610908919712
 0.035903447679403518
 0.039710421439551231
 0.0076731172363235008
 0.002802824258143999
 0.02117329177357798
 0.014023873335162437
 0.0092041431280163091
 0.011833283145747971
 0.016309797839234429
 0.033472195459797453
 0.024637524521749429
 0.02721915888709767
 0.025259685636063452
 0.020882598202130037
 0.012874454036666275
 0.016365964411541707
 0.016337918511037448
 0.016812445847566377
 0.013006518486527747
 0.011695259050151667
 0.014892419826525951
 0.0052612689822833167
 0.0081434408914737907
 0.0127548072143461
 0.010432752101898228
 0.010811336411514248
 0.0038454422786022291
 0.0095129272471564733
 0.0064309702091178951
 0.0037837820818924154
 0.0038683085457561074
 0.0096953724462854451
 0.0066695879180836406
 0.0094021833630882137
 0.016783990815262325
 0.015485529971455209
 0.015645889393919903
 0.015322456286727199
 0.015378124580195515
 0.01687021404484065
 0.012225327481428938
 0.013766614082351589
 0.011601555763296686
 0.015082165791067139
 0.015236300457181037
 0.018672009919812511
 0.0091521540462511791
 0.011977883070889843
 0.0080203286049631249
 0.017543624673940425
 0.015288918228165027
 0.015302710201298359
 0.0038071128532000402
 0.0042554921414111749
 0.0024123554522004725
 0.009126972131323189
 0.0065819293976404035
 0.0077824670789708927
 0.0038545261236973796
 0.0052714155159068578
 0.0069000745021429695
 0.013016359230644443
 0.010100566715852881
 0.010904713846069541
 -3.0616115914247889e-17
 0.0011061007511258974
 0.0083601377622229342
 -0.002035414048010476
 -0.0013747642108081803
 -3.0328996901766494e-17
 0.018531841612378943
 0.0048914513846975956
 0.0084889244715691224
 -0.0011905806714610574
 -0.0015052935940812568
 -2.8003874043550406e-17
 -0.0021343951240000991
 -0.0027028289644908149
 -0.0026463001660368521
 -2.9484558071779196e-17
 -0.0018048167671433869
 -0.0020339190051624741
 0.019913012088661836
 0.014089797622241825
 0.014739870352329409
 0.011172245367974953
 0.012969437219999999
 0.02054008699365218
 0.0032390713405124915
 0.0072070364794406365
 0.0012587343743400232
 -0.0019904844488889731
 -0.00064002163095069832
 0.0025418391303303955
 0.001102055329072254
 0.00084196807217861509
 -1.6498629786888583e-17
 0.0011835367277310783
 0.0012129108968986443
 0.0019613492967081032
 -2.1056258960578921e-17
 0.00057345886054615527
