# Created by Octave 5.1.0, Tue Apr 21 17:47:36 2020 GMT <unknown@Thomas-PC>
# name: contactConvergence
# type: matrix
# rows: 6
# columns: 1
 0.83565486602703176
 1.8596711560795181
 2.9969708679628038e-18
 4.4970261108462004e-18
 1.5795195502929049e-18
 4.9696498578247627e-18


