# Created by Octave 5.1.0, Tue Apr 21 17:51:37 2020 GMT <unknown@Thomas-PC>
# name: contactConvergence
# type: matrix
# rows: 7
# columns: 1
 0.31329844398405959
 0.56187024601187874
 3.2906151211878071e-18
 4.5662360100562461e-18
 2.7350872203223477e-18
 2.1284541461386417e-18
 3.7787929915887735e-18


