# Created by Octave 5.1.0, Tue Apr 21 18:54:43 2020 GMT <unknown@Thomas-PC>
# name: contactConvergence
# type: matrix
# rows: 26
# columns: 1
 0.2207363749313711
 0.43662700874607679
 0.38204863265281719
 0.28653647448961284
 0.27758220966181246
 0.24288443345408589
 1.6460904253771997e-18
 2.5876483478488822e-18
 2.3711448260347691e-18
 2.0532460680018429e-18
 1.093238076577399
 0.00011468623738862774
 0.17767583183172597
 1.3977351914348267e-05
 0.081688625391357031
 1.7635307846295992e-06
 1.3226480884715672e-06
 1.1573170774127527e-06
 1.1211509187439664e-06
 1.0510789863218077e-06
 0.027430480009300817
 3.3538680726837505e-05
 0.87365508601979092
 0.00022123632708579346
 120.66963672214494
 201412.27293070598


