# Created by Octave 5.1.0, Tue Apr 21 17:46:33 2020 GMT <unknown@Thomas-PC>
# name: contactConvergence
# type: matrix
# rows: 6
# columns: 1
 2.1083186504533065
 2.2357588276279893e-18
 2.0845933426903501e-18
 5.6942199219207004e-18
 5.7364165551602539e-18
 5.4308656037351135e-18


