# Created by Octave 5.1.0, Tue Apr 21 17:46:17 2020 GMT <unknown@Thomas-PC>
# name: contactConvergence
# type: matrix
# rows: 7
# columns: 1
 0
 0.11667777348585019
 4.1058032061155085
 4.3368086899420177e-18
 1.7347234759768071e-18
 1.7347234759768071e-18
 3.4694469519536142e-18


