# Created by Octave 5.1.0, Tue Apr 21 17:46:17 2020 GMT <unknown@Thomas-PC>
# name: equilibriumConvergence
# type: matrix
# rows: 7
# columns: 1
 5.7282196186948102
 5.2910962547533336
 2.3071163806074275
 0.24088443337462118
 0.0045347883389128558
 3.1044293372604608e-06
 1.4746990555217404e-12


