# Created by Octave 5.1.0, Tue Apr 21 17:51:37 2020 GMT <unknown@Thomas-PC>
# name: equilibriumConvergence
# type: matrix
# rows: 7
# columns: 1
 1.1343488836468365
 0.84984856207901949
 0.055707767573818602
 0.0032887027468809461
 8.3635727371626642e-05
 6.8742329160764203e-08
 4.7556383550058014e-14


