# Created by Octave 5.1.0, Tue Apr 21 17:47:36 2020 GMT <unknown@Thomas-PC>
# name: equilibriumConvergence
# type: matrix
# rows: 6
# columns: 1
 1.8362824827381361
 0.91863251199720097
 0.085504980129466779
 0.0012891095390387733
 5.7803374249768947e-07
 1.2659903137628919e-13


