# Created by Octave 5.1.0, Tue Apr 21 18:54:43 2020 GMT <unknown@Thomas-PC>
# name: equilibriumConvergence
# type: matrix
# rows: 26
# columns: 1
 0.70504101963009191
 0.53277147676065129
 0.48638772403927372
 0.45946828528519945
 0.45939361644229648
 0.47295242714950819
 0.29047944898734568
 0.2583047397067405
 0.2526335347461709
 0.23220106065223386
 0.45572158225739534
 0.5120672038219467
 0.46303589485623414
 0.19116096062326018
 0.18948868387801215
 0.19550820657081389
 0.17637603935935903
 0.16999420912307758
 0.16897024263010701
 0.16314934912025547
 0.30919405665102967
 0.38154603144262167
 2.0102972887838924
 27.883727134215274
 436578.18100999092
 7793829070232786


