# Created by Octave 5.1.0, Tue Apr 21 17:46:33 2020 GMT <unknown@Thomas-PC>
# name: equilibriumConvergence
# type: matrix
# rows: 6
# columns: 1
 3.3932402884791144
 1.3844223155406443
 0.090930295016621004
 0.00054546503455082116
 1.9265574242281422e-08
 2.827350457288842e-15


