# Created by Octave 5.1.0, Tue Apr 21 17:46:33 2020 GMT <unknown@Thomas-PC>
# name: lambda_sol
# type: matrix
# rows: 5
# columns: 1
 0
 -1.9516189398382158
 -5.7636867751412737
 -1.9516189398382173
 0


