# Created by Octave 5.1.0, Tue Apr 21 17:47:36 2020 GMT <unknown@Thomas-PC>
# name: lambda_sol
# type: matrix
# rows: 9
# columns: 1
 0
 0
 -1.2989388521096932
 -5.0022943784628868
 -5.4833540956319746
 -5.0022943784628886
 -1.2989388521096923
 0
 0


