# Created by Octave 5.1.0, Tue Apr 21 17:51:37 2020 GMT <unknown@Thomas-PC>
# name: lambda_sol
# type: matrix
# rows: 17
# columns: 1
 0
 0
 0
 0
 -0.90818713310923982
 -3.8094379361645903
 -4.937034526899704
 -5.2881079516644114
 -5.0257275541776387
 -5.2881079516644105
 -4.937034526899704
 -3.8094379361645911
 -0.90818713310924026
 0
 0
 0
 0


