# Created by Octave 5.1.0, Tue Apr 21 18:54:43 2020 GMT <unknown@Thomas-PC>
# name: lambda_sol
# type: matrix
# rows: 33
# columns: 1
 0
 0
 0
 0
 0
 0
 0
 0
 -0.84547778090859527
 -2.9287032965394246
 -3.9677911925061831
 -4.6530451917133178
 -4.9767146818339825
 -5.8825539238750935
 -6.6508700177073479
 -3.0163334719836712
 -0.44190005167729418
 -3.0163334738463163
 -6.6508700139820576
 -5.8825539257377386
 -4.9767146781086922
 -4.6530451924486442
 -3.9677911928120007
 -2.9287032966858533
 -0.84547778108867533
 0
 0
 0
 0
 0
 0
 0
 0


