# Created by Octave 5.1.0, Tue Apr 21 17:46:17 2020 GMT <unknown@Thomas-PC>
# name: u_sol
# type: matrix
# rows: 18
# columns: 1
 0.026638045093380046
 -0.026638045093380032
 0
 0
 6.9445922190711755e-18
 -0.032968393653848092
 0
 0.032968393653848099
 1.612549587864369e-18
 -0.1900238389181049
 -0.1900238389181049
 0
 0
 -0.062773007515563334
 -0.12480008961579586
 0
 -0.12480008961579586
 -0.1114893228894325


