# Created by Octave 5.1.0, Tue Apr 21 17:46:33 2020 GMT <unknown@Thomas-PC>
# name: u_sol
# type: matrix
# rows: 50
# columns: 1
 0.0039349131254350278
 -0.0039349131254350503
 0
 0
 -2.0197476077700956e-17
 -0.028555819556246829
 0
 0.028555819556246816
 -8.1038052018195862e-18
 -0.0027330246036168689
 -1.0339640477637013e-17
 0.0015013179007766215
 0.0027330246036168454
 -0.0015013179007766391
 -0.012019377753539503
 -0.012051728435128283
 -0.033767572869186351
 -0.012004934279632985
 0
 -1.7913612577276225e-18
 0
 0.012004934279632978
 0.033767572869186344
 0.012051728435128273
 0.012019377753539487
 -0.17898789510584232
 -0.17898789510584232
 0
 0
 -0.089355581283031935
 -0.1240331851653077
 0
 -0.12403318516530769
 -0.12465646583034587
 -0.15361380034870156
 -0.14079715968270665
 -0.15635450351365918
 -0.15361380034870156
 -0.1563545035136592
 -0.16176412412321492
 -0.12598772228089608
 -0.074979137904190599
 -0.070265789214124061
 0
 -0.069193907983693848
 0
 -0.070265789214124047
 -0.074979137904190599
 -0.12598772228089608
 -0.16176412412321489


