# Created by Octave 5.1.0, Tue Apr 21 17:47:36 2020 GMT <unknown@Thomas-PC>
# name: u_sol
# type: matrix
# rows: 162
# columns: 1
 0.0063597438529222321
 -0.0063597438529222321
 0
 0
 2.8618412954595348e-18
 -0.029977514110351825
 0
 0.029977514110351825
 -4.8752566735335066e-19
 0.0011911769038065335
 4.2972973506310272e-19
 0.0011104124441797165
 -0.0011911769038065352
 -0.0011104124441797141
 -0.012180800911912471
 -0.012103673750938891
 -0.036899114266363137
 -0.013010783798049581
 0
 2.451142750877909e-19
 0
 0.013010783798049581
 0.036899114266363137
 0.012103673750938891
 0.012180800911912475
 0.0048204067151982159
 -0.0025705130810345549
 0.0016212942870012645
 1.4518275672899437e-18
 -0.0047043598193476244
 -0.0051059119986832718
 0.0020012186017373825
 -0.0014004949927141736
 5.0618315399360151e-19
 0.0051059119986832796
 0.004704359819347627
 -0.0016212942870012632
 0.0025705130810345549
 -0.0048204067151982151
 0.0014004949927141754
 -0.0020012186017373812
 -0.0055770816232054779
 -0.0061194284825889225
 -0.021045456550759678
 -0.013572875768276415
 -0.021518478402886457
 -0.0067247400887874781
 -0.0049834038516724678
 -0.03616988036046806
 -0.024921469239781426
 -0.01412980052675444
 -0.023463125291207098
 -0.028662596759729625
 -0.014534699841823671
 -0.0066594981688255072
 0
 -0.007667935590239601
 -4.3422385748857478e-19
 -0.0034207576135642142
 0
 -0.0058755702542215051
 -1.895391540878101e-20
 0
 0.0034207576135642142
 0.01412980052675444
 0.0076679355902396001
 0
 0.0058755702542215051
 0.0066594981688255081
 0.028662596759729621
 0.023463125291207095
 0.021045456550759678
 0.024921469239781426
 0.03616988036046806
 0.014534699841823673
 0.0049834038516724686
 0.021518478402886457
 0.013572875768276416
 0.0061194284825889251
 0.0055770816232054796
 0.006724740088787479
 -0.18330783776654971
 -0.18330783776654971
 0
 0
 -0.097183087000054846
 -0.12713869313398213
 0
 -0.12713869313398213
 -0.12570668303960747
 -0.15950704318796924
 -0.14508161162370109
 -0.15946412990603728
 -0.15950704318796924
 -0.15946412990603728
 -0.1643758337858017
 -0.12845270064717759
 -0.07685671673733091
 -0.071827507318370509
 0
 -0.0705718282644274
 0
 -0.071827507318370509
 -0.07685671673733091
 -0.12845270064717759
 -0.1643758337858017
 -0.17861779975537956
 -0.16351888441195023
 -0.17541304212478953
 -0.13490334142940671
 -0.14362249335155031
 -0.11432212751850014
 -0.14219316806965329
 -0.14927073939810243
 -0.14050410569141697
 -0.11432212751850013
 -0.14362249335155031
 -0.17541304212478953
 -0.16351888441195023
 -0.17861779975537956
 -0.14927073939810243
 -0.14219316806965329
 -0.17683535299456385
 -0.16614952727140106
 -0.13059094030767551
 -0.151118724786584
 -0.14769267260684291
 -0.14759841319143574
 -0.12545387100102579
 -0.10457774797397142
 -0.10487431102775197
 -0.037356595965364961
 -0.073672716020681789
 -0.043031452095563652
 -0.10285016753754916
 -0.10110411760195792
 0
 -0.03701981802537601
 -0.036734515402961722
 -0.036913407033878118
 0
 -0.07099355500415877
 -0.10064003786385985
 0
 -0.036913407033878111
 -0.037356595965364961
 -0.03701981802537601
 0
 -0.07099355500415877
 -0.10110411760195792
 -0.043031452095563652
 -0.073672716020681789
 -0.13059094030767548
 -0.10487431102775195
 -0.1045777479739714
 -0.10285016753754916
 -0.12545387100102579
 -0.14769267260684291
 -0.151118724786584
 -0.16614952727140106
 -0.17683535299456385
 -0.14759841319143574


