# Created by Octave 5.1.0, Tue Apr 21 17:51:37 2020 GMT <unknown@Thomas-PC>
# name: u_sol
# type: matrix
# rows: 578
# columns: 1
 0.0049911699809453425
 -0.0049911699809453338
 0
 0
 -2.9822477458349342e-20
 -0.030942363708293737
 0
 0.030942363708293744
 4.3243214649069992e-18
 0.0012113861443393049
 3.9666511257133005e-18
 0.00096951438532699686
 -0.0012113861443392964
 -0.00096951438532698905
 -0.011905776157176523
 -0.012508291227069595
 -0.038541414636276389
 -0.013719676528205979
 0
 1.2884138122957888e-18
 0
 0.013719676528205984
 0.038541414636276396
 0.012508291227069602
 0.01190577615717653
 0.0045484769533123397
 -0.0035492921993254176
 0.0011016865971314083
 3.7162717270138616e-18
 -0.0044135012732137904
 -0.0085263337721328408
 0.0025634541414419187
 -0.00098889462951047623
 4.0344390959013327e-18
 0.0085263337721328426
 0.0044135012732137964
 -0.0011016865971313996
 0.0035492921993254254
 -0.0045484769533123311
 0.00098889462951048425
 -0.0025634541414419109
 -0.0051048765241236095
 -0.0059118417061935508
 -0.02152675753763578
 -0.013870719877615557
 -0.021722126469341265
 -0.007122206830396772
 -0.0054230765165681309
 -0.037546300995132384
 -0.025882337375451488
 -0.01542308043393233
 -0.024695581728486619
 -0.030428417178535599
 -0.015115391393539925
 -0.0068071562193944861
 0
 -0.0081078407809922256
 6.1552904132146301e-19
 -0.0035489283647328895
 0
 -0.0060809197522863163
 3.4001138205946246e-18
 0
 0.0035489283647328917
 0.015423080433932332
 0.0081078407809922291
 0
 0.0060809197522863206
 0.0068071562193944921
 0.030428417178535602
 0.024695581728486623
 0.021526757537635784
 0.025882337375451495
 0.037546300995132391
 0.01511539139353993
 0.0054230765165681379
 0.021722126469341272
 0.013870719877615564
 0.0059118417061935586
 0.0051048765241236181
 0.007122206830396779
 0.0046675468524054299
 0.0014607540804866561
 0.0028907220553376143
 -0.0035223225837085368
 -0.00062762461561630795
 0.0039587180951133243
 0.00040385050531477633
 -0.0012082671974518659
 -0.0017179623945539227
 1.5112223877230901e-18
 -0.0035483053268059806
 -0.0056202321602238734
 -0.0016169877558613274
 -0.0024738398091979329
 4.204989773253633e-18
 -0.0060081517789874785
 -0.0059104613797307422
 -0.0062509249965699027
 0.0018933478079147118
 0.0011145576978186689
 4.1327282649857518e-18
 -0.0005070839509490275
 0.00082840874023284484
 0.0020420392789677277
 4.0323952879622291e-18
 0.00023529471545679872
 -0.00069626396213358485
 -0.004987873923930743
 -0.0027786233278966244
 -0.002933556235320503
 0.0056202321602238734
 0.0035483053268059845
 0.0062509249965699096
 0.0059104613797307474
 0.0060081517789874845
 0.0024738398091979398
 0.0016169877558613352
 -0.0028907220553376057
 -0.001460754080486648
 -0.0046675468524054213
 0.0017179623945539314
 0.0012082671974518741
 -0.00040385050531476744
 -0.0039587180951133156
 0.00062762461561631543
 0.0035223225837085442
 -0.0011145576978186611
 -0.001893347807914704
 0.00069626396213359287
 -0.00023529471545679061
 -0.0020420392789677203
 -0.00082840874023283682
 0.0005070839509490352
 0.0049878739239307499
 0.0029335562353205113
 0.0027786233278966322
 -0.0040889594941680655
 -0.0031189508645448941
 -0.0087888880677688581
 -0.0052700311583426711
 -0.0078703188382496722
 -0.0028248739799941825
 -0.0032320525536770591
 -0.026329702118542093
 -0.022211845210299737
 -0.026628788350223448
 -0.01376470329881385
 -0.017888129605954213
 -0.016834650282880902
 -0.016680070213970652
 -0.017704175926518663
 -0.013097951563340014
 -0.0041263906918747994
 -0.0025825336647711953
 -0.0040221791577181214
 -0.0045310989710860309
 -0.0086978964731118918
 -0.0068016719598064206
 -0.010022534227640359
 -0.0097541280498196908
 -0.010289289741175649
 -0.0066697433139085178
 -0.034826694950584144
 -0.029630824044024222
 -0.032605776895675634
 -0.031826293037037816
 -0.038902167244268905
 -0.02423671455480126
 -0.019016509974507996
 -0.011417463843191776
 -0.0217601723567196
 -0.020325878307368279
 -0.018695025620020879
 -0.021188804538827804
 -0.015667110140837975
 -0.0359718067399179
 -0.028200914481148542
 -0.03157357807584911
 -0.0063824321917743641
 -0.0031419091433900247
 -0.014242603295466527
 -0.010038090616823982
 -0.010530404272903502
 -0.010672597451038275
 -0.014970839848473517
 -0.026146509921094591
 -0.020174308336602425
 -0.020212763641986025
 0
 -0.0079766736487339972
 -0.0041900761747988681
 -0.0057983226208630266
 0
 -0.011226683307855076
 -0.011379835500450587
 3.5476712505585538e-19
 -0.00088406357053875679
 0
 -0.0024214018360694811
 -0.0017140652550773512
 8.0774891915208588e-19
 0
 -0.0018339288217887545
 -0.0029093639383805676
 -0.003332488564937606
 3.8087684782698049e-18
 -0.0095953370414201059
 -0.0066980973497053403
 2.2228735253623867e-18
 -0.0032620426096763907
 -0.0029505650514197843
 -0.0056274033764612428
 -0.0050035415027563247
 -0.0079194167927793945
 0
 0.00088406357053875733
 0.0029093639383805689
 0.0018339288217887554
 0
 0.0017140652550773532
 0.0024214018360694833
 0.011417463843191778
 0.0079766736487339989
 0
 0.011379835500450592
 0.011226683307855078
 0.015667110140837978
 0
 0.0057983226208630275
 0.004190076174798869
 0.003332488564937613
 0.0031419091433900321
 0.0029505650514197869
 0.0032620426096763959
 0.010530404272903506
 0.0066980973497053455
 0.0095953370414201111
 0.0056274033764612463
 0.0079194167927793997
 0.0050035415027563273
 0.020325878307368279
 0.0217601723567196
 0.031573578075849117
 0.028200914481148545
 0.0359718067399179
 0.021188804538827807
 0.018695025620020882
 0.026329702118542096
 0.029630824044024225
 0.034826694950584151
 0.019016509974508003
 0.024236714554801263
 0.016834650282880906
 0.038902167244268912
 0.031826293037037823
 0.032605776895675641
 0.0063824321917743702
 0.0025825336647712031
 0.014970839848473522
 0.010672597451038279
 0.008697896473111897
 0.010038090616823989
 0.014242603295466533
 0.026146509921094598
 0.020212763641986028
 0.020174308336602432
 0.026628788350223455
 0.022211845210299744
 0.013097951563340022
 0.01770417592651867
 0.016680070213970659
 0.01788812960595422
 0.013764703298813857
 0.0031189508645449028
 0.0040889594941680742
 0.0032320525536770669
 0.0028248739799941916
 0.0078703188382496809
 0.0052700311583426798
 0.0087888880677688668
 0.0041263906918748063
 0.010022534227640366
 0.0068016719598064275
 0.0045310989710860387
 0.0040221791577181283
 0.0097541280498196995
 0.0066697433139085256
 0.010289289741175656
 -0.183806356048168
 -0.183806356048168
 0
 0
 -0.099231870163328684
 -0.12804181438732337
 0
 -0.12804181438732337
 -0.12627645694734649
 -0.16134708682235227
 -0.14842393380059238
 -0.16076551685776927
 -0.16134708682235227
 -0.16076551685776927
 -0.16461781530150346
 -0.12971930247383356
 -0.077613785352627668
 -0.072538365371062688
 0
 -0.071316327434020235
 0
 -0.072538365371062688
 -0.077613785352627682
 -0.12971930247383356
 -0.16461781530150346
 -0.18034933901971067
 -0.16463659204848738
 -0.17662617568404645
 -0.14051790102403564
 -0.14680498670051223
 -0.11710150094700443
 -0.14423681197134655
 -0.15200219035966231
 -0.14236045097529809
 -0.11710150094700443
 -0.14680498670051223
 -0.17662617568404645
 -0.16463659204848738
 -0.18034933901971067
 -0.15200219035966231
 -0.14423681197134655
 -0.17738773278015091
 -0.16711249032511608
 -0.1317026405595991
 -0.1521539821698244
 -0.14810619006859149
 -0.14897525177548893
 -0.12689786513862478
 -0.1051059595371529
 -0.10575804000491232
 -0.037931639204373875
 -0.074305285749747374
 -0.044442843797017954
 -0.10386507866474334
 -0.10211695371129539
 0
 -0.037345640735459144
 -0.037153404927885311
 -0.037245359252373295
 0
 -0.071683193714837848
 -0.10147449715400771
 0
 -0.037245359252373295
 -0.037931639204373875
 -0.037345640735459144
 0
 -0.071683193714837862
 -0.10211695371129539
 -0.044442843797017954
 -0.074305285749747374
 -0.1317026405595991
 -0.10575804000491232
 -0.1051059595371529
 -0.10386507866474336
 -0.12689786513862478
