# Created by Octave 5.1.0, Tue Apr 21 18:54:43 2020 GMT <unknown@Thomas-PC>
# name: u_sol
# type: matrix
# rows: 2178
# columns: 1
 0.0032387951105192769
 -0.0032387951105192769
 0
 0
 -2.9893947560422074e-13
 -0.032068615397292888
 0
 0.032068615397292888
 -1.6185662565001285e-13
 0.0008887388466973789
 -2.9889654119819031e-13
 0.0015465513351955451
 -0.0008887388466973789
 -0.0015465513351955451
 -0.01216885527355771
 -0.013323790339200059
 -0.039777846657671034
 -0.014355105200593243
 0
 -5.6131985724013761e-14
 0
 0.014355105200593243
 0.039777846657671034
 0.01332379033556208
 0.01216885527355771
 0.003629197039117571
 -0.0040198551914727432
 0.00074690361998364097
 -9.4464166306915121e-13
 -0.0036097376523684943
 -0.0082089403440477327
 0.0033316869285044959
 -3.2589112379355356e-05
 -2.1979065702865119e-13
 0.0082089403440477327
 0.0036097376523684943
 -0.00074690362089313567
 0.0040198551905632485
 -0.003629197039117571
 3.2589112379355356e-05
 -0.0033316869285044959
 -0.0048189269045906258
 -0.0062347656712518074
 -0.022425912480684929
 -0.014674857688078191
 -0.022461787539214129
 -0.0080020464192784857
 -0.0059991297184751602
 -0.038714911046554334
 -0.026867257667618105
 -0.016212232032557949
 -0.025664386068456224
 -0.031599119027305278
 -0.015862636417296017
 -0.0071872063654154772
 0
 -0.0084860349934388069
 -1.7943277445190819e-14
 -0.0037179094720158901
 0
 -0.0063790182266529882
 -1.0810522941238909e-13
 0
 0.0037179094720158901
 0.016212232032557949
 0.0084860349934388069
 0
 0.0063790182257434935
 0.0071872063654154772
 0.031599119027305278
 0.025664386068456224
 0.022425912480684929
 0.026867257667618105
 0.038714911042916356
 0.015862636417296017
 0.0059991297184751602
 0.022461787539214129
 0.014674857684440212
 0.0062347656676138286
 0.0048189269036811311
 0.0080020464192784857
 0.0031757498545630369
 0.00085945278624421917
 0.0022751169490220491
 -0.0047666537484474247
 -0.001427817431249423
 0.0037893684566370212
 0.00039011654916976113
 -0.0017142429869636544
 -0.0015346038853749633
 -1.1831466524819118e-12
 -0.0033110488875536248
 -0.0026806817240867531
 -0.00059178371520829387
 -0.0010946672582576866
 -4.3270470756820445e-13
 -0.0075254755211062729
 -0.0064574173647997668
 -0.0070327786637562895
 0.0023090207578206901
 0.0015911492446321063
 -1.9212948831719145e-13
 0.00032620873025734909
 0.0016859905917954165
 0.002934952630312182
 -2.5011249852897183e-13
 0.00080493191126151942
 3.8937914723646827e-05
 -0.0048549307921348372
 -0.0017567070317454636
 -0.0023001918343652505
 0.0026806817240867531
 0.0033110488802776672
 0.0070327786622783606
 0.006457417361161788
 0.0075254755211062729
 0.0010946672573481919
 0.00059178371520829387
 -0.0022751169490220491
 -0.00085945278624421917
 -0.0031757498545630369
 0.0015346038853749633
 0.0017142429862815334
 -0.00039011654916976113
 -0.0037893684566370212
 0.0014278174276114441
 0.0047666537484474247
 -0.0015911492446321063
 -0.0023090207587301848
 -3.8937916542636231e-05
 -0.00080493191308050882
 -0.0029349526339501608
 -0.0016859905954333954
 -0.00032620873025734909
 0.0048549307903158478
 0.0023001918307272717
 0.0017567070317454636
 -0.0033846711412479635
 -0.0028543887765408726
 -0.0090866549162456067
 -0.0052810519873673911
 -0.007860441942284524
 -0.0028093848859498394
 -0.0036250630764698144
 -0.027310043704346754
 -0.023138273892982397
 -0.027540100963960867
 -0.014664215203083586
 -0.018798782093654154
 -0.017690863503958099
 -0.01720245300384704
 -0.018486714896425838
 -0.013664639449416427
 -0.0048037452725111507
 -0.0029091722199154901
 -0.0048103176814038306
 -0.0054135130194481462
 -0.0094324178971874062
 -0.0076273886334092822
 -0.010906968342169421
 -0.01035828654494253
 -0.011126548524771351
 -0.007342145785514731
 -0.035957572901679669
 -0.030660772608825937
 -0.033712496453517815
 -0.032899716887186514
 -0.040109489953465527
 -0.025194722755259136
 -0.019900283150491305
 -0.012270884611098154
 -0.022770522768041701
 -0.021378142511821352
 -0.019500235501254792
 -0.022098138526416733
 -0.016384251783165382
 -0.037209968966635643
 -0.029312356482478208
 -0.032700082068913616
 -0.0068284003700682661
 -0.0033351730653521372
 -0.015029521971882787
 -0.010683946553399437
 -0.01105684916365135
 -0.011253638551352196
 -0.015670884054998169
 -0.027136107462865766
 -0.021027840764872963
 -0.021091526221425738
 0
 -0.0083894834010607156
 -0.0043795482520181395
 -0.0060660629210360639
 0
 -0.011764513484195049
 -0.011912522253624047
 -6.1155753380772067e-15
 -0.00092896317903523595
 0
 -0.0025390927157786791
 -0.0017982094552735362
 -3.48563493742177e-14
 0
 -0.0019212951949612034
 -0.0030429710122916731
 -0.0035027778467338067
 -1.3631915149643625e-13
 -0.010058921530799125
 -0.0070387734949690639
 -8.090175664804411e-14
 -0.0034214726983918808
 -0.0030936860907786468
 -0.0058906263602693798
 -0.0052445705996433389
 -0.0082962551623495528
 0
 0.00092896317903523595
 0.0030429710122916731
 0.0019212951949612034
 0
 0.0017982094552735362
 0.0025390927157786791
 0.012270884611098154
 0.0083894834010607156
 0
 0.011912522253624047
 0.011764513484195049
 0.016384251783165382
 0
 0.0060660629210360639
 0.0043795482520181395
 0.003502777845824312
 0.0033351730653521372
 0.0030936860907786468
 0.0034214726983918808
 0.01105684916365135
 0.0070387734940595692
 0.010058921530799125
 0.0058906263602693798
 0.0082962551623495528
 0.0052445705996433389
 0.021378142511821352
 0.022770522768041701
 0.032700082068913616
 0.029312356482478208
 0.037209968966635643
 0.022098138526416733
 0.019500235501254792
 0.027310043704346754
 0.030660772608825937
 0.035957572901679669
 0.019900283150491305
 0.025194722755259136
 0.017690863503958099
 0.040109489949827548
 0.032899716887186514
 0.033712496453517815
 0.0068284003700682661
 0.0029091722190059954
 0.015670884054998169
 0.011253638551352196
 0.0094324178971874062
 0.010683946553399437
 0.015029521968244808
 0.027136107462865766
 0.021091526221425738
 0.021027840764872963
 0.027540100960322889
 0.023138273892982397
 0.013664639449416427
 0.018486714896425838
 0.01720245300384704
 0.018798782093654154
 0.014664215203083586
 0.0028543887765408726
 0.0033846711412479635
 0.0036250630764698144
 0.0028093848850403447
 0.0078604419413750293
 0.0052810519864578964
 0.0090866549144266173
 0.0048037452706921613
 0.010906968338531442
 0.0076273886334092822
 0.0054135130158101674
 0.0048103176814038306
 0.01035828654494253
 0.007342145785514731
 0.011126548524771351
 0.0031394591642310843
 0.0026357263559475541
 0.0029006943477725144
 0.0019396459974814206
 0.0023389319248963147
 0.0033639763496466912
 0.001469211862058728
 0.0016442419037048239
 0.00047995951717894059
 -0.0033721438230713829
 -0.0011642961035249755
 0.0030942923913244158
 -0.0034069636294589145
 -0.0030051865833229385
 -0.0047531375623748318
 0.0038410058405133896
 0.00035539759846869856
 0.0013286262837937102
 0.00084068136129644699
 -0.00067730215050687548
 -3.6169349186820909e-05
 -0.00045120461982151028
 -0.00086057113821880193
 0.00034766027556543122
 -0.0028925161514052888
 -0.0019812803675449686
 -0.0029548911634265096
 -0.00014524497964885086
 -0.0019919242440664675
 -0.00067511173074308317
 -5.7392198632433278e-13
 0.003561503704986535
 0.0018343786505283788
 -0.00024934794481623612
 -0.001582363824127242
 -1.3322837773862943e-12
 -0.0059090854556416161
 -0.0012277579080546275
 -0.0053961498488206416
 -8.7052557319111656e-05
 -0.00017368952921970049
 -3.4606693866904431e-13
 -0.0024068536567938281
 -0.00083735789667116478
 -0.0017515951894893078
 -6.0494783417656614e-13
 -0.00019383595099498052
 -0.00016061517453636043
 -0.0037557928008027375
 -0.0073594759051047731
 -0.0058710201519716065
 -0.0071981563069130061
 -0.007826199322607863
 -0.0091084069426869974
 -0.0057097253793472191
 -0.0070268683812173549
 -0.0048025108317233389
 -0.0015918715290581531
 -0.0033830173770184047
 -0.0054157379972821218
 0.0012906542178825475
 0.0011375856170161569
 -1.777175412040477e-13
