# Created by Octave 5.1.0, Sat Feb 15 16:31:19 2020 GMT <unknown@Thomas-PC>
# name: contactConvergence
# type: matrix
# rows: 5
# columns: 1
 0.19049716420609247
 2.0170164787414118e-09
 1.5327556346478517e-12
 1.0099105047138557e-18
 9.2631489570113697e-19


