# Created by Octave 5.1.0, Sat Feb 15 14:11:14 2020 GMT <unknown@Thomas-PC>
# name: contactConvergence
# type: matrix
# rows: 5
# columns: 1
 0.17366143493869632
 0.22575162022891762
 1.3778249740604902e-09
 1.7008480482762984e-12
 1.2811206641890425e-18


