# Created by Octave 5.1.0, Tue Apr 21 17:24:42 2020 GMT <unknown@Thomas-PC>
# name: contactConvergence
# type: matrix
# rows: 6
# columns: 1
 0
 0.067611512685530339
 9.7784825613504711e-06
 1.2523416858031128e-06
 3.6217402341054417e-11
 3.4694469519536142e-18


