# Created by Octave 5.1.0, Tue Apr 21 17:40:42 2020 GMT <unknown@Thomas-PC>
# name: contactConvergence
# type: matrix
# rows: 5
# columns: 1
 0.53091710727923003
 1.5325777239525514e-07
 1.6811090470252528e-10
 1.4067740134339804e-17
 2.70977498594582e-18


