# Created by Octave 5.1.0, Tue Apr 21 17:27:53 2020 GMT <unknown@Thomas-PC>
# name: contactConvergence
# type: matrix
# rows: 5
# columns: 1
 1.0042704345341407
 3.4913843506589657e-08
 4.1754407981330592e-10
 4.6673826742353875e-16
 3.5825525717041889e-18


