# Created by Octave 5.1.0, Tue Apr 21 17:24:54 2020 GMT <unknown@Thomas-PC>
# name: contactConvergence
# type: matrix
# rows: 5
# columns: 1
 1.9719076885210789
 1.0895339041892787e-06
 1.3754600412149255e-07
 7.8035680822646767e-14
 9.6857766778916051e-18


