# Created by Octave 5.1.0, Tue Apr 21 17:25:36 2020 GMT <unknown@Thomas-PC>
# name: contactConvergence
# type: matrix
# rows: 5
# columns: 1
 0.47218928593388049
 1.6359064867302207
 3.4288421250701198e-06
 4.5072091890899517e-09
 1.0015932567224342e-15


