# Created by Octave 5.1.0, Tue Apr 21 17:27:53 2020 GMT <unknown@Thomas-PC>
# name: equilibriumConvergence
# type: matrix
# rows: 5
# columns: 1
 1.1879028847518205
 0.032230588991077121
 6.6796818402842364e-05
 3.3474670404025998e-10
 9.0200771385298861e-15


