# Created by Octave 5.1.0, Tue Apr 21 17:24:54 2020 GMT <unknown@Thomas-PC>
# name: equilibriumConvergence
# type: matrix
# rows: 5
# columns: 1
 2.584906792465806
 0.11545832077306037
 0.00020150404379667497
 6.5082003918086248e-10
 4.5961476806944058e-15


