# Created by Octave 5.1.0, Tue Apr 21 17:25:36 2020 GMT <unknown@Thomas-PC>
# name: equilibriumConvergence
# type: matrix
# rows: 5
# columns: 1
 1.8190766142845531
 0.9166686452558851
 0.023647645500068207
 3.2128414445782755e-05
 2.4415991047554698e-11


