# Created by Octave 5.1.0, Sat Feb 15 16:31:19 2020 GMT <unknown@Thomas-PC>
# name: equilibriumConvergence
# type: matrix
# rows: 5
# columns: 1
 0.23331940652258207
 0.01128250568076147
 0.00010494075940983322
 1.4525386264437113e-08
 6.6295405799253895e-14


