# Created by Octave 5.1.0, Sat Feb 15 14:11:14 2020 GMT <unknown@Thomas-PC>
# name: equilibriumConvergence
# type: matrix
# rows: 5
# columns: 1
 0.41016390096373129
 0.20461697924950445
 0.0027444554364282744
 2.7477831275306755e-06
 4.6977702599521777e-12


