# Created by Octave 5.1.0, Tue Apr 21 17:24:42 2020 GMT <unknown@Thomas-PC>
# name: equilibriumConvergence
# type: matrix
# rows: 6
# columns: 1
 3.8188130791298733
 0.53917085524523012
 0.34370186734969882
 0.0012135132993100737
 9.8859360779002796e-09
 2.5647357391809296e-15


