# Created by Octave 5.1.0, Tue Apr 21 17:40:42 2020 GMT <unknown@Thomas-PC>
# name: equilibriumConvergence
# type: matrix
# rows: 5
# columns: 1
 0.70379704771801588
 0.017506100744277782
 3.1820581993636474e-05
 2.2596417699113752e-10
 1.606665121481208e-14


