# Created by Octave 5.1.0, Tue Apr 21 17:24:42 2020 GMT <unknown@Thomas-PC>
# name: lambda_sol
# type: matrix
# rows: 3
# columns: 1
 0
 -5.5771903052260408
 0


