# Created by Octave 5.1.0, Tue Apr 21 17:24:54 2020 GMT <unknown@Thomas-PC>
# name: lambda_sol
# type: matrix
# rows: 5
# columns: 1
 0
 -0.56384632378340782
 -7.2111009123988135
 -0.56384632378340771
 0


