# Created by Octave 5.1.0, Tue Apr 21 17:25:36 2020 GMT <unknown@Thomas-PC>
# name: lambda_sol
# type: matrix
# rows: 9
# columns: 1
 0
 0
 0
 -5.0011456764828814
 -6.6014400800819812
 -5.0011456764828797
 0
 0
 0


