# Created by Octave 5.1.0, Tue Apr 21 17:27:53 2020 GMT <unknown@Thomas-PC>
# name: lambda_sol
# type: matrix
# rows: 17
# columns: 1
 0
 0
 0
 0
 0
 -2.5271944401145334
 -4.8489369550059607
 -5.9335744675074507
 -6.4982684147534489
 -5.9335744675074542
 -4.8489369550059616
 -2.5271944401145343
 0
 0
 0
 0
 0


