# Created by Octave 5.1.0, Tue Apr 21 17:40:42 2020 GMT <unknown@Thomas-PC>
# name: lambda_sol
# type: matrix
# rows: 33
# columns: 1
 0
 0
 0
 0
 0
 0
 0
 0
 0
 -0.73430006821474691
 -2.7203726548526341
 -3.847425493667763
 -4.7423043414883344
 -5.4504780282678116
 -5.9624336983712238
 -6.255054634645755
 -6.4907724167778991
 -6.2550546346457665
 -5.9624336983712078
 -5.450478028267816
 -4.7423043414883201
 -3.8474254936677892
 -2.7203726548526057
 -0.73430006821475768
 0
 0
 0
 0
 0
 0
 0
 0
 0


