# Created by Octave 5.1.0, Sat Feb 15 14:11:14 2020 GMT <unknown@Thomas-PC>
# name: lambda_sol
# type: matrix
# rows: 65
# columns: 1
 0
 0
 0
 0
 0
 0
 0
 0
 0
 0
 0
 0
 0
 0
 0
 0
 0
 0
 -0.88852092981084152
 -1.9512989879229634
 -2.6498149052746447
 -3.2492107257562646
 -3.7862152244404079
 -4.271398075611013
 -4.7084929664597084
 -5.0984370320918275
 -5.4406874541735091
 -5.7338625761952002
 -5.9761340479675704
 -6.1654649683030573
 -6.2996529969978248
 -6.3757162217163916
 -6.4769088267375174
 -6.3757162217163961
 -6.299652996997807
 -6.165464968303076
 -5.976134047967558
 -5.7338625761951807
 -5.4406874541735251
 -5.0984370320918373
 -4.7084929664597048
 -4.2713980756110299
 -3.7862152244403484
 -3.2492107257563099
 -2.6498149052746407
 -1.9512989879229534
 -0.8885209298108443
 0
 0
 0
 0
 0
 0
 0
 0
 0
 0
 0
 0
 0
 0
 0
 0
 0
 0


