# Created by Octave 5.1.0, Sat Feb 15 16:31:19 2020 GMT <unknown@Thomas-PC>
# name: lambda_sol
# type: matrix
# rows: 129
# columns: 1
 0
 0
 0
 0
 0
 0
 0
 0
 0
 0
 0
 0
 0
 0
 0
 0
 0
 0
 0
 0
 0
 0
 0
 0
 0
 0
 0
 0
 0
 0
 0
 0
 0
 0
 0
 -0.16301664764608292
 -1.0330244179928214
 -1.5200280883877997
 -1.9251690691978416
 -2.2892011914548598
 -2.6248560554462217
 -2.938279478945788
 -3.2331595574785883
 -3.511906248012461
 -3.776139614164888
 -4.0269505977409281
 -4.2650603264131908
 -4.4909243159259171
 -4.7048035622991744
 -4.9068147024373445
 -5.0969665298033959
 -5.2751873987045261
 -5.4413464021537967
 -5.5952701852577684
 -5.7367566025305514
 -5.8655859944163611
 -5.9815305511123116
 -6.0843619775714028
 -6.173857385215916
 -6.2498028368789642
 -6.3119927627674723
 -6.3602198297687034
 -6.3942365467417446
 -6.4135792508863476
 -6.4594211132118264
 -6.4135792508863601
 -6.3942365467417348
 -6.3602198297687202
 -6.3119927627674315
 -6.2498028368790441
 -6.1738573852158591
 -6.0843619775714295
 -5.9815305511122814
 -5.8655859944163726
 -5.7367566025305576
 -5.5952701852577214
 -5.4413464021538349
 -5.2751873987045084
 -5.0969665298034448
 -4.9068147024372681
 -4.7048035622992872
 -4.4909243159258478
 -4.2650603264132378
 -4.0269505977409557
 -3.776139614164765
 -3.5119062480125627
 -3.2331595574785723
 -2.9382794789458115
 -2.6248560554461662
 -2.2892011914548833
 -1.9251690691978027
 -1.5200280883878332
 -1.0330244179928678
 -0.1630166476460235
 0
 0
 0
 0
 0
 0
 0
 0
 0
 0
 0
 0
 0
 0
 0
 0
 0
 0
 0
 0
 0
 0
 0
 0
 0
 0
 0
 0
 0
 0
 0
 0
 0
 0
 0


