# Created by Octave 5.1.0, Tue Apr 21 17:24:42 2020 GMT <unknown@Thomas-PC>
# name: u_sol
# type: matrix
# rows: 18
# columns: 1
 0.011708072562096978
 -0.011708072562096978
 0
 0
 -6.0025204185226418e-18
 -0.024229669740245121
 0
 0.024229669740245128
 -1.3536372049241576e-18
 -0.15274407987357608
 -0.15274407987357611
 0
 0
 -0.060261832266496278
 -0.10997978095412439
 0
 -0.10997978095412438
 -0.096839599690663941


