# Created by Octave 5.1.0, Tue Apr 21 17:24:54 2020 GMT <unknown@Thomas-PC>
# name: u_sol
# type: matrix
# rows: 50
# columns: 1
 0.007057572493866196
 -0.0070575724938661205
 0
 0
 4.4543216219086426e-17
 -0.024770562118318205
 0
 0.024770562118318268
 2.404596382970124e-17
 0.0044436072867873435
 3.8307962306993307e-17
 -0.00012805965695688139
 -0.0044436072867872472
 0.00012805965695696046
 -0.00745535794670489
 -0.011105791829887097
 -0.036190094504021365
 -0.01483386492540568
 0
 1.2534366921267838e-17
 0
 0.014833864925405706
 0.036190094504021407
 0.011105791829887154
 0.0074553579467049567
 -0.17296077937295826
 -0.17296077937295823
 0
 0
 -0.089950342999612409
 -0.12640384010982533
 0
 -0.12640384010982536
 -0.12264928283071409
 -0.15017312598458471
 -0.12396951323695851
 -0.15177811295219087
 -0.15017312598458471
 -0.15177811295219085
 -0.15960529397898879
 -0.12879411014461029
 -0.082622673015226689
 -0.075674402857592207
 0
 -0.070981098541069931
 0
 -0.075674402857592207
 -0.082622673015226702
 -0.12879411014461029
 -0.15960529397898882


