# Created by Octave 5.1.0, Tue Apr 21 17:25:36 2020 GMT <unknown@Thomas-PC>
# name: u_sol
# type: matrix
# rows: 162
# columns: 1
 0.011250861755330488
 -0.011250861755330388
 0
 0
 5.2064659789131349e-17
 -0.023022797478922146
 0
 0.023022797478922191
 2.3055855323222958e-17
 0.009226252622663569
 3.4742080946206097e-17
 -0.0025339526611745933
 -0.0092262526226634684
 0.0025339526611746609
 -0.0052233003920198612
 -0.0087919203111393642
 -0.03864552096916847
 -0.016709284620924688
 0
 8.6434363147743899e-18
 0
 0.016709284620924705
 0.038645520969168498
 0.0087919203111394041
 0.0052233003920199401
 0.010546060073014863
 -0.0017805473510657888
 0.0012077258154781787
 4.4747873383544984e-17
 -0.0035288143146716714
 0.0045915609972646898
 -0.00055858844640830924
 -0.0033652190751647039
 2.8560268405207902e-17
 -0.0045915609972645875
 0.0035288143146717543
 -0.0012077258154780932
 0.0017805473510658751
 -0.010546060073014767
 0.0033652190751647737
 0.00055858844640837234
 -0.0040554155341630321
 -0.00069530210109587968
 -0.015547866478203026
 -0.0064811462542836993
 -0.012697401464810425
 -0.0018842424857708545
 -0.0034797029675617853
 -0.032449629143747209
 -0.023585649523207186
 -0.020982270353029304
 -0.027606941937413233
 -0.035615790884696297
 -0.014700025087439823
 -0.0070694293143409399
 0
 -0.012261784302897276
 2.5626570687128987e-18
 -0.0056706210761881242
 0
 -0.0078723844338352156
 1.4306304934208533e-17
 0
 0.0056706210761881311
 0.020982270353029322
 0.012261784302897283
 0
 0.0078723844338352347
 0.0070694293143409685
 0.035615790884696311
 0.027606941937413258
 0.01554786647820307
 0.023585649523207217
 0.032449629143747237
 0.014700025087439859
 0.0034797029675618248
 0.012697401464810477
 0.0064811462542837487
 0.00069530210109595319
 0.0040554155341631206
 0.0018842424857709089
 -0.17937491834108649
 -0.17937491834108643
 0
 0
 -0.097583634636155686
 -0.1288452421228975
 0
 -0.12884524212289752
 -0.12718655872309448
 -0.15167787363989757
 -0.13074634602903562
 -0.15243618202973458
 -0.15167787363989754
 -0.15243618202973458
 -0.16319635191223142
 -0.131394242769515
 -0.082840931058447115
 -0.07883425381742111
 0
 -0.075744947607933794
 0
 -0.078834253817421124
 -0.082840931058447143
 -0.131394242769515
 -0.16319635191223145
 -0.17039151780397954
 -0.1540675599088478
 -0.16858418950426529
 -0.11784326722532448
 -0.12964955877771939
 -0.1120826922128042
 -0.13726431633197392
 -0.13780597015564633
 -0.13393730763840533
 -0.1120826922128042
 -0.12964955877771939
 -0.16858418950426526
 -0.15406755990884777
 -0.17039151780397949
 -0.13780597015564633
 -0.13726431633197389
 -0.17433061468167435
 -0.16204101285210332
 -0.13379746083146493
 -0.15062624088077411
 -0.14784172111527646
 -0.14542490187751428
 -0.12710127196962248
 -0.10843816068904961
 -0.11137532157816399
 -0.041866901359760525
 -0.081404164896164463
 -0.049909794393906713
 -0.10951128639036933
 -0.10692151348906379
 0
 -0.040782036705842101
 -0.039333570501729344
 -0.040258837879134743
 0
 -0.077084110763770683
 -0.10577432924825515
 0
 -0.040258837879134757
 -0.041866901359760546
 -0.040782036705842108
 0
 -0.077084110763770683
 -0.10692151348906381
 -0.049909794393906741
 -0.081404164896164477
 -0.13379746083146496
 -0.111375321578164
 -0.10843816068904963
 -0.10951128639036936
 -0.12710127196962251
 -0.14784172111527652
 -0.15062624088077414
 -0.16204101285210334
 -0.17433061468167441
 -0.14542490187751428


