# Created by Octave 5.1.0, Tue Apr 21 17:27:53 2020 GMT <unknown@Thomas-PC>
# name: u_sol
# type: matrix
# rows: 578
# columns: 1
 0.011731369900839806
 -0.011731369900839802
 0
 0
 6.7909712363441946e-18
 -0.022356253577773367
 0
 0.022356253577773367
 5.9710871667662862e-18
 0.010794115208029425
 4.8678031228865298e-18
 -0.0035579894217198011
 -0.010794115208029413
 0.0035579894217198107
 -0.0041416539659065912
 -0.0083040130302552365
 -0.04007861226232922
 -0.017585220203973011
 0
 1.7772775217961347e-18
 0
 0.017585220203973014
 0.04007861226232922
 0.0083040130302552417
 0.0041416539659066024
 0.011597780959662659
 -0.0027164146894899785
 0.00090228195260726738
 1.7845456824621432e-18
 -0.0038504487280284802
 0.0043506183470269581
 -0.00050624440427084584
 -0.0035694909260852669
 3.5456648457219317e-18
 -0.0043506183470269537
 0.003850448728028491
 -0.0009022819526072574
 0.0027164146894899893
 -0.011597780959662653
 0.0035694909260852751
 0.00050624440427085701
 -0.0040412624301606427
 0.00045965450857402311
 -0.014739824846818963
 -0.0053773833274073811
 -0.011439305858228659
 -0.0012337557856109565
 -0.0034714738877856767
 -0.033011509045538547
 -0.02376461728933078
 -0.023231915625100488
 -0.028740208168546087
 -0.037494303674271645
 -0.014777095932893719
 -0.0069775029901240921
 0
 -0.013260764832692206
 5.2623139766711484e-19
 -0.0060288367320294016
 0
 -0.0082112543285345306
 2.4396453267689723e-18
 0
 0.0060288367320294016
 0.023231915625100491
 0.01326076483269221
 0
 0.0082112543285345323
 0.0069775029901240964
 0.037494303674271645
 0.02874020816854609
 0.014739824846818968
 0.02376461728933078
 0.033011509045538547
 0.014777095932893728
 0.003471473887785684
 0.011439305858228667
 0.0053773833274073906
 -0.00045965450857401075
 0.0040412624301606522
 0.0012337557856109658
 0.011454530707124315
 0.005169637096803268
 0.0062034145181378642
 0.0016648750919616999
 0.0037092419290518271
 0.011701166591229835
 -0.0026555993568589402
 -0.00087322791488644858
 -0.0041308299291003287
 3.6470740809480628e-18
 -0.0010361738619689006
 0.0019276938690516118
 -0.0024857865698294287
 -0.0022910078629622879
 2.7234144581091782e-18
 0.0076925935975830839
 -0.0014805635258991828
 -0.00058892823458471977
 0.00052027894283304449
 -0.0004600430993580154
 3.0737995021162373e-18
 -0.0040884342211290397
 -0.0022289703963528098
 -0.0023438496295261914
 1.3114170564261543e-18
 -0.0013585190893943208
 -0.0020848939154859804
 -0.0040176625917999311
 -0.004262838063832498
 -0.0048371448444394817
 -0.0019276938690515996
 0.0010361738619689119
 0.0005889282345847317
 0.0014805635258991938
 -0.0076925935975830743
 0.0022910078629622978
 0.0024857865698294369
 -0.0062034145181378599
 -0.0051696370968032611
 -0.011454530707124311
 0.0041308299291003391
 0.00087322791488645877
 0.0026555993568589506
 -0.011701166591229824
 -0.0037092419290518193
 -0.001664875091961688
 0.00046004309935802093
 -0.00052027894283303408
 0.0020848939154859895
 0.0013585190893943306
 0.0023438496295262014
 0.0022289703963528167
 0.0040884342211290484
 0.0040176625917999406
 0.004837144844439493
 0.004262838063832505
 -0.0071541841273523241
 -0.0024596959647972196
 -0.0016381995795829176
 -0.00094196680769086322
 -0.0030216232401199671
 0.00089970236689305137
 0.0022426993412140868
 -0.018429780198441124
 -0.013055812061410241
 -0.016693129118550074
 -0.0070122150632306902
 -0.009830614985028685
 -0.011342777135775908
 -0.0070969021795694734
 -0.008168228463099763
 -0.0042028458492141992
 -0.0014364495320320575
 -0.0016228218662289113
 0.0016203658321238862
 -3.5557294287879085e-05
 -0.0056774246802125837
 -0.0027862667790343591
 -0.0046463687430287571
 -0.0017931241845486935
 -0.0030457737108512592
 0.00018096434033084899
 -0.027860152104107177
 -0.023655511807786932
 -0.03230726229123889
 -0.028443300959022002
 -0.037286217506075914
 -0.019493876467770052
 -0.015505593758764546
 -0.018751511539195031
 -0.030156583264096811
 -0.028425591406730427
 -0.02296799941002365
 -0.027897971264304523
 -0.021843356110284706
 -0.040568866030347789
 -0.034394177024121786
 -0.034601423525913576
 -0.0054490237305623813
 -0.0027266451371049292
 -0.011800075742133646
 -0.0084464852547606068
 -0.012223476539052182
 -0.010716228517254851
 -0.016850790792770281
 -0.027061165618628053
 -0.021834462794636581
 -0.019157163318047843
 0
 -0.013843580046510115
 -0.0076878687570004871
 -0.010402723175979045
 0
 -0.01776247830560413
 -0.016515050978007952
 1.5708910502167478e-18
 -0.0016658308226333524
 0
 -0.0037257960578415831
 -0.0029368562718295479
 2.3269956789335693e-19
 0
 -0.003446818516034374
 -0.0054196697235150129
 -0.0034597856273428269
 4.4372666646106703e-18
 -0.012685790198404422
 -0.0079457892669074111
 2.2538615964378816e-18
 -0.0039200954932015484
 -0.004035409657966932
 -0.0094172471550871967
 -0.0076113778134605375
 -0.011821341850344729
 0
 0.001665830822633353
 0.0054196697235150129
 0.0034468185160343727
 0
 0.0029368562718295461
 0.0037257960578415831
 0.018751511539195038
 0.013843580046510123
 0
 0.016515050978007956
 0.017762478305604134
 0.02184335611028471
 0
 0.010402723175979045
 0.0076878687570004862
 0.0034597856273428321
 0.0027266451371049378
 0.0040354096579669372
 0.003920095493201551
 0.012223476539052189
 0.0079457892669074128
 0.012685790198404427
 0.0094172471550871984
 0.011821341850344731
 0.0076113778134605393
 0.028425591406730431
 0.030156583264096818
 0.034601423525913583
 0.034394177024121793
 0.040568866030347796
 0.027897971264304523
 0.02296799941002365
 0.018429780198441128
 0.023655511807786932
 0.027860152104107177
 0.015505593758764549
 0.019493876467770052
 0.011342777135775911
 0.037286217506075914
 0.028443300959021998
 0.03230726229123889
 0.00544902373056239
 0.0016228218662289193
 0.016850790792770288
 0.010716228517254858
 0.0056774246802125949
 0.0084464852547606172
 0.011800075742133653
 0.027061165618628057
 0.01915716331804785
 0.021834462794636588
 0.016693129118550077
 0.013055812061410247
 0.0042028458492142113
 0.0081682284630997734
 0.0070969021795694838
 0.009830614985028692
 0.0070122150632306954
 0.0024596959647972243
 0.0071541841273523301
 -0.0022426993412140751
 -0.0008997023668930389
 0.0030216232401199788
 0.00094196680769087254
 0.0016381995795829293
 0.0014364495320320673
 0.0046463687430287658
 0.0027862667790343673
 3.5557294287888741e-05
 -0.0016203658321238769
 0.0017931241845487056
 -0.00018096434033083706
 0.0030457737108512701
 -0.18166452241051287
 -0.1816645224105129
 0
 0
 -0.099388499288329796
 -0.12953567188095541
 0
 -0.12953567188095541
 -0.12817679757490408
 -0.15164289862919345
 -0.13366116129179856
 -0.15276077642128127
 -0.15164289862919345
 -0.15276077642128127
 -0.16441741687364006
 -0.13295457696546395
 -0.082674734298481975
 -0.080341924821388563
 0
 -0.077803650374251049
 0
 -0.080341924821388577
 -0.082674734298481989
 -0.13295457696546395
 -0.16441741687364006
 -0.17200804753594798
 -0.1539443596186863
 -0.16984029230686642
 -0.12082550164300419
 -0.13124628773420302
 -0.11396386271861685
 -0.13923980271183684
 -0.13969198948834083
 -0.13612713045001468
 -0.11396386271861685
 -0.13124628773420302
 -0.16984029230686645
 -0.1539443596186863
 -0.17200804753594798
 -0.13969198948834083
 -0.13923980271183684
 -0.17654909902445312
 -0.16290275472706572
 -0.13507928965208407
 -0.15156052832688977
 -0.1484457847988854
 -0.14641758274197963
 -0.12906927136720542
 -0.10835516355125759
 -0.11253150317211887
 -0.043185652056056387
 -0.082400427196340303
 -0.050724683587860475
 -0.11116319742631914
 -0.10875560962339946
 0
 -0.041668235671838097
 -0.040706699591400983
 -0.041161627996522225
 0
 -0.078695287540579403
 -0.10768070459315372
 0
 -0.041161627996522225
 -0.043185652056056394
 -0.041668235671838104
 0
 -0.078695287540579403
 -0.10875560962339946
 -0.050724683587860468
 -0.082400427196340303
 -0.13507928965208407
 -0.11253150317211888
 -0.10835516355125759
 -0.11116319742631915
 -0.12906927136720542
