# Created by Octave 5.1.0, Tue Apr 21 17:40:42 2020 GMT <unknown@Thomas-PC>
# name: u_sol
# type: matrix
# rows: 2178
# columns: 1
 0.012096407170879684
 -0.012096407170879673
 0
 0
 -2.6998422334182345e-18
 -0.022185276695770806
 0
 0.022185276695770802
 9.9533200235320077e-19
 0.012682970256757195
 3.1515202534960947e-18
 -0.0038120293996009484
 -0.01268297025675719
 0.0038120293996009502
 -0.0040424787235469641
 -0.0081931232383148922
 -0.040689826423071507
 -0.017906979050797831
 0
 -1.6148059323760054e-18
 0
 0.017906979050797831
 0.040689826423071514
 0.0081931232383148922
 0.0040424787235469675
 0.012443369433758244
 -0.0028426287129552576
 0.0012944613008934794
 2.2853407009693421e-18
 -0.0038929011487163117
 0.0042614887759742578
 -0.00048547892693913625
 -0.0036142076685445447
 1.8281811727037981e-18
 -0.0042614887759742544
 0.003892901148716313
 -0.0012944613008934749
 0.0028426287129552593
 -0.012443369433758242
 0.0036142076685445469
 0.00048547892693913961
 -0.0046191436784062886
 0.00066898617255878789
 -0.014522170785004481
 -0.0050755856702993816
 -0.011131789877512035
 -0.0010616979748269094
 -0.0034795674774089399
 -0.03326927020555167
 -0.023861497722906647
 -0.024104155397007256
 -0.029202592244494761
 -0.038358999695921485
 -0.014817252586152234
 -0.0069468007284303399
 0
 -0.013671154715189838
 -1.1993281227940473e-18
 -0.0061854846747756683
 0
 -0.0083468048855316213
 5.9845378618726626e-19
 0
 0.0061854846747756665
 0.024104155397007256
 0.013671154715189839
 0
 0.0083468048855316179
 0.0069468007284303399
 0.038358999695921485
 0.029202592244494761
 0.014522170785004479
 0.02386149772290665
 0.03326927020555167
 0.014817252586152236
 0.0034795674774089408
 0.011131789877512035
 0.0050755856702993807
 -0.00066898617255878713
 0.0046191436784062938
 0.0010616979748269114
 0.011947332443275789
 0.0059780807543585654
 0.0069940915142817552
 0.0019894048865896964
 0.0044119659493879228
 0.01314887956794651
 -0.0027976713807195391
 -0.00072684154808245549
 -0.0043754549632221158
 2.0635082299554905e-18
 -0.0010767091284945402
 0.0015818018626672157
 -0.0024766996810501557
 -0.0022835771174783701
 2.6188493240195442e-18
 0.0087078739796047008
 -0.0014701897837276312
 -0.00055595240088691261
 0.00060327031369878368
 -0.00040299489456516798
 1.9814581485779798e-18
 -0.0042431691663761088
 -0.0022432754699580255
 -0.0024560609218143392
 2.6518394620021587e-18
 -0.0013270140333565925
 -0.0020698371954666582
 -0.0041743231149772991
 -0.0043216182534710733
 -0.0050171181549724143
 -0.0015818018626672166
 0.0010767091284945433
 0.00055595240088691326
 0.0014701897837276327
 -0.008707873979604706
 0.0022835771174783744
 0.0024766996810501605
 -0.00699409151428175
 -0.0059780807543585611
 -0.011947332443275782
 0.0043754549632221166
 0.00072684154808245614
 0.0027976713807195404
 -0.013148879567946505
 -0.0044119659493879167
 -0.0019894048865896929
 0.00040299489456517123
 -0.00060327031369877869
 0.0020698371954666634
 0.0013270140333565977
 0.0024560609218143418
 0.0022432754699580281
 0.0042431691663761114
 0.0041743231149773026
 0.0050171181549724178
 0.0043216182534710768
 -0.0079053057748518264
 -0.0029888850157263253
 -0.0014876356222330649
 -0.0010818596904702382
 -0.0032277567037874932
 0.00087951321591039141
 0.0025065012053061726
 -0.018211148891237986
 -0.012780097163937182
 -0.016413038634265461
 -0.0068064336945237594
 -0.0095747088298803549
 -0.011165822661617579
 -0.0068342023719592717
 -0.0078520244332027714
 -0.003910933280824317
 -0.0014730020921319648
 -0.0016453656921220307
 0.0018411464690782017
 3.3036974925419007e-05
 -0.0056361552237688102
 -0.0027461345495953409
 -0.0045181095711646297
 -0.0014904487678169308
 -0.0027907132631182284
 0.00046759083402929174
 -0.027924961951888042
 -0.023620649616555928
 -0.032643834696281779
 -0.028594381659979001
 -0.037724923096307227
 -0.019424811247648555
 -0.015437207492089352
 -0.020018036465779276
 -0.031052470991056073
 -0.02923451202204512
 -0.023367499490447578
 -0.028557363326447708
 -0.022416297879326287
 -0.041336009759643036
 -0.035113092606164263
 -0.035127787762390138
 -0.0053833509917229965
 -0.0026391305272012756
 -0.011743555621145266
 -0.0083941252858695161
 -0.012337808268164576
 -0.010723794751770441
 -0.0170241863573443
 -0.027335251948370318
 -0.022058688673066925
 -0.019223192580150001
 0
 -0.014470474715053595
 -0.0078965614392150635
 -0.010752056865859101
 0
 -0.018381951035079089
 -0.016946960114196621
 -2.6547916671674407e-18
 -0.0017101287952489383
 0
 -0.0038074230723348121
 -0.0030123932530728903
 -1.7557625516151769e-18
 0
 -0.0035274455699765249
 -0.0055489124284423853
 -0.0034143694929851453
 7.3322566090271926e-19
 -0.012913457528814787
 -0.0080002190905303847
 -1.1627828379489352e-18
 -0.0039309447171643414
 -0.0040930451072358574
 -0.0096791140702421584
 -0.007788740265879137
 -0.012115180983155775
 0
 0.0017101287952489359
 0.0055489124284423853
 0.0035274455699765249
 0
 0.0030123932530728877
 0.0038074230723348086
 0.020018036465779276
 0.014470474715053595
 0
 0.016946960114196625
 0.018381951035079089
 0.022416297879326287
 0
 0.010752056865859103
 0.0078965614392150635
 0.0034143694929851445
 0.0026391305272012761
 0.0040930451072358556
 0.0039309447171643397
 0.012337808268164578
 0.0080002190905303847
 0.012913457528814787
 0.0096791140702421584
 0.012115180983155775
 0.0077887402658791353
 0.02923451202204512
 0.031052470991056076
 0.035127787762390138
 0.03511309260616427
 0.041336009759643036
 0.028557363326447708
 0.023367499490447578
 0.018211148891237983
 0.023620649616555928
 0.027924961951888042
 0.015437207492089352
 0.019424811247648555
 0.011165822661617582
 0.037724923096307234
 0.028594381659979001
 0.032643834696281786
 0.0053833509917229965
 0.0016453656921220326
 0.017024186357344304
 0.010723794751770439
 0.0056361552237688111
 0.0083941252858695161
 0.011743555621145268
 0.027335251948370318
 0.019223192580150001
 0.022058688673066928
 0.016413038634265461
 0.01278009716393718
 0.0039109332808243188
 0.0078520244332027714
 0.0068342023719592734
 0.0095747088298803549
 0.0068064336945237603
 0.0029888850157263301
 0.0079053057748518334
 -0.0025065012053061718
 -0.00087951321591038696
 0.003227756703787494
 0.0010818596904702419
 0.0014876356222330656
 0.0014730020921319656
 0.0045181095711646305
 0.0027461345495953418
 -3.3036974925415924e-05
 -0.0018411464690782
 0.001490448767816933
 -0.00046759083402929272
 0.0027907132631182292
 0.011953482058936754
 0.0094762108170267038
 0.0096864112700104157
 0.0090948956875958678
 0.0092933204365093659
 0.01212207446579682
 0.0041015084501301261
 0.0065278983691218944
 0.0033378515793568006
 0.0063427151612392013
 0.0075500024296394847
 0.013203115138798077
 0.00025612589639561079
 0.0033059430753850966
 -0.00095060841167704567
 0.012829119323054047
 0.0083345827869674063
 0.0088088670172486276
 -0.0036909555089199059
 -0.0036628812085009754
 -0.0043055803605323737
 0.00032374904524418494
 -0.0020998612920976436
 -0.0010943587348321716
 -0.0039284227358768013
 -0.0030730928019595425
 -0.0018123657769750646
 0.0052904786457045709
 0.0014134484048209846
 0.0024467890637713636
 1.0688066209861017e-19
 -2.2304487830401968e-05
 0.00073908455486855842
 -0.00096170314892759438
 -0.00058244310427771329
 2.4715243315679407e-18
 0.0027134817064372709
 5.2969555756371445e-05
 0.00033262132303346072
 -0.0012035829797311668
 -0.0012804836220829926
 1.9236872660379017e-18
 -0.0032139623548809578
 -0.0024775920181919335
 -0.003506801104584816
 2.9690552237106785e-18
 -0.0012823813663230528
 -0.0011853966724254489
 0.011151208932092075
 0.0030377383735635476
 0.0047158777900087054
 0.00089837852712916391
 0.0017952915306400107
 0.0062828900937012449
 -0.0031281432598241747
 -0.0012196968583064024
 -0.0030056295937872044
 -0.0018372679915793666
 -0.0025461022189453338
 -0.0013983050568928575
 0.00052881847380602004
 0.000276859688330958
 1.0226963607398307e-18
 -0.00049994242504584516
