# Created by Octave 5.1.0, Wed Apr 22 11:19:21 2020 GMT <unknown@Thomas-PC>
# name: contactConvergence
# type: matrix
# rows: 2
# columns: 1
 0.68933941881440652
 2.0901557092632944e-18


