# Created by Octave 5.1.0, Wed Apr 22 11:10:11 2020 GMT <unknown@Thomas-PC>
# name: contactConvergence
# type: matrix
# rows: 9
# columns: 1
 1.4250418987649338
 0.0016568549398473485
 0.0015533015061068892
 0.0015047608340410491
 0.0014812489460091578
 0.037962115909653725
 0.001048168344500741
 0.00059315806108842229
 4.2820651665676364e-18


