# Created by Octave 5.1.0, Thu Feb 20 08:09:10 2020 GMT <unknown@Thomas-PC>
# name: contactConvergence
# type: matrix
# rows: 3
# columns: 1
 0.24754455018529176
 0.9098136926954723
 1.5940283302585783e-18


