# Created by Octave 5.1.0, Wed Apr 22 11:05:02 2020 GMT <unknown@Thomas-PC>
# name: contactConvergence
# type: matrix
# rows: 2
# columns: 1
 3.2155529143305093
 5.6517567007066545e-18


