# Created by Octave 5.1.0, Thu Feb 20 08:44:26 2020 GMT <unknown@Thomas-PC>
# name: contactConvergence
# type: matrix
# rows: 2
# columns: 1
 0.36667355181954958
 1.41074607919289e-18


