# Created by Octave 5.1.0, Wed Apr 22 11:10:11 2020 GMT <unknown@Thomas-PC>
# name: equilibriumConvergence
# type: matrix
# rows: 9
# columns: 1
 3.2031121154182247
 1.4013701292052988e-14
 2.0810539638678054e-14
 2.2879237231837149e-14
 2.729346285857717e-14
 3.0630063017031538e-14
 2.0093244398836297e-14
 2.4463693145234438e-14
 1.5346340642394298e-14


