# Created by Octave 5.1.0, Wed Apr 22 11:19:21 2020 GMT <unknown@Thomas-PC>
# name: equilibriumConvergence
# type: matrix
# rows: 2
# columns: 1
 2.2126920304142303
 3.0437496701415008e-14


