# Created by Octave 5.1.0, Thu Feb 20 08:44:26 2020 GMT <unknown@Thomas-PC>
# name: equilibriumConvergence
# type: matrix
# rows: 2
# columns: 1
 0.95181824176996899
 2.2463673420498088e-11


