# Created by Octave 5.1.0, Wed Apr 22 11:04:40 2020 GMT <unknown@Thomas-PC>
# name: equilibriumConvergence
# type: matrix
# rows: 3
# columns: 1
 4.8666183351972183
 3.6012588717116892e-15
 4.0155068814091353e-15


