# Created by Octave 5.1.0, Thu Feb 20 08:09:10 2020 GMT <unknown@Thomas-PC>
# name: equilibriumConvergence
# type: matrix
# rows: 3
# columns: 1
 1.4616877609160019
 7.3526768096264941e-14
 1.0707403847384023e-13


