# Created by Octave 5.1.0, Wed Apr 22 11:04:32 2020 GMT <unknown@Thomas-PC>
# name: lambda_sol
# type: matrix
# rows: 3
# columns: 1
 0
 -10.563835077847868
 0


