# Created by Octave 5.1.0, Wed Apr 22 11:04:40 2020 GMT <unknown@Thomas-PC>
# name: lambda_sol
# type: matrix
# rows: 5
# columns: 1
 0
 0
 -17.327293728825811
 0
 0


