# Created by Octave 5.1.0, Wed Apr 22 11:05:02 2020 GMT <unknown@Thomas-PC>
# name: lambda_sol
# type: matrix
# rows: 9
# columns: 1
 0
 0
 0
 -1.9330755768239198
 -26.617517185427687
 -1.9330755768239145
 0
 0
 0


