# Created by Octave 5.1.0, Wed Apr 22 11:10:11 2020 GMT <unknown@Thomas-PC>
# name: lambda_sol
# type: matrix
# rows: 17
# columns: 1
 0
 0
 0
 0
 0
 0
 -3.0010536950825757
 -8.1918473528015756
 -35.705276515619978
 -8.1918473528015703
 -3.0010536950825797
 0
 0
 0
 0
 0
 0


