# Created by Octave 5.1.0, Wed Apr 22 11:19:21 2020 GMT <unknown@Thomas-PC>
# name: lambda_sol
# type: matrix
# rows: 33
# columns: 1
 0
 0
 0
 0
 0
 0
 0
 0
 0
 0
 0
 -1.0339023107871901
 -4.0238056831494013
 -5.7895469369721244
 -8.1704350293372787
 -13.031861955470902
 -49.200313203706557
 -13.031861955470898
 -8.1704350293372716
 -5.7895469369721342
 -4.0238056831493889
 -1.0339023107871961
 0
 0
 0
 0
 0
 0
 0
 0
 0
 0
 0


