# Created by Octave 5.1.0, Thu Feb 20 08:09:10 2020 GMT <unknown@Thomas-PC>
# name: lambda_sol
# type: matrix
# rows: 65
# columns: 1
 0
 0
 0
 0
 0
 0
 0
 0
 0
 0
 0
 0
 0
 0
 0
 0
 0
 0
 0
 0
 0
 0
 -1.7627534372971254
 -3.1111925594918715
 -3.9991376579786535
 -4.8992353972227951
 -5.8730058799014522
 -6.9872055947075795
 -8.3474698931786246
 -10.165468870098135
 -13.018490196244228
 -19.487823889742241
 -68.676754296154485
 -19.487823889742256
 -13.018490196244244
 -10.165468870098122
 -8.3474698931785962
 -6.9872055947075804
 -5.8730058799014042
 -4.899235397222788
 -3.9991376579786069
 -3.111192559491891
 -1.7627534372970857
 0
 0
 0
 0
 0
 0
 0
 0
 0
 0
 0
 0
 0
 0
 0
 0
 0
 0
 0
 0
 0
 0


