# Created by Octave 5.1.0, Thu Feb 20 08:44:26 2020 GMT <unknown@Thomas-PC>
# name: lambda_sol
# type: matrix
# rows: 129
# columns: 1
 0
 0
 0
 0
 0
 0
 0
 0
 0
 0
 0
 0
 0
 0
 0
 0
 0
 0
 0
 0
 0
 0
 0
 0
 0
 0
 0
 0
 0
 0
 0
 0
 0
 0
 0
 0
 0
 0
 0
 0
 0
 0
 0
 -0.96497773765108819
 -2.0364969266596136
 -2.5740556105142844
 -3.0631173728534944
 -3.5308895871085029
 -3.9902188587779208
 -4.4506622504608693
 -4.9205547217196086
 -5.4079848484076942
 -5.9215587018148907
 -6.4711782280199364
 -7.068999551481955
 -7.7307875154465684
 -8.4780308502703967
 -9.3415269832029555
 -10.367989005984562
 -11.633548011420494
 -13.275567711011067
 -15.584987932305125
 -19.37379272060107
 -28.298462487296163
 -96.443341530178785
 -28.298462487234463
 -19.373792720585161
 -15.584987932292822
 -13.27556771100085
 -11.63354801141209
 -10.367989005977746
 -9.3415269831972019
 -8.4780308502659949
 -7.7307875154430228
 -7.0689995514796333
 -6.4711782280185197
 -5.9215587018143161
 -5.4079848484082946
 -4.9205547217210928
 -4.4506622504634716
 -3.9902188587816281
 -3.530889587113371
 -3.063117372859844
 -2.5740556105222381
 -2.0364969266705319
 -0.96497773769214445
 0
 0
 0
 0
 0
 0
 0
 0
 0
 0
 0
 0
 0
 0
 0
 0
 0
 0
 0
 0
 0
 0
 0
 0
 0
 0
 0
 0
 0
 0
 0
 0
 0
 0
 0
 0
 0
 0
 0
 0
 0
 0
 0


