# Created by Octave 5.1.0, Wed Apr 22 11:04:40 2020 GMT <unknown@Thomas-PC>
# name: u_sol
# type: matrix
# rows: 50
# columns: 1
 0.007699226208417724
 -0.007699226208417842
 0
 0
 -5.9475610549257701e-17
 -0.041362735735355434
 0
 0.041362735735355385
 -1.9501745333200311e-17
 0.00053418270497114506
 -4.0703334137974339e-17
 -0.0033542671421314075
 -0.00053418270497126302
 0.0033542671421313243
 -0.011425038780236076
 -0.01729583639746228
 -0.055729754125309769
 -0.020630335515793762
 0
 -4.4368939196630245e-18
 0
 0.020630335515793741
 0.055729754125309748
 0.017295836397462242
 0.011425038780235996
 -0.30669889487115914
 -0.3066988948711592
 0
 0
 -0.099999999999999964
 -0.21966490935083821
 0
 -0.21966490935083816
 -0.20368194707986609
 -0.26862117957344445
 -0.19572429037832675
 -0.2651028828346958
 -0.2686211795734445
 -0.26510288283469585
 -0.28015440942184144
 -0.22136777586508166
 -0.14031322449433029
 -0.12930214904707765
 0
 -0.12098679972388865
 0
 -0.12930214904707762
 -0.14031322449433026
 -0.22136777586508163
 -0.28015440942184133


