# Created by Octave 5.1.0, Wed Apr 22 11:05:02 2020 GMT <unknown@Thomas-PC>
# name: u_sol
# type: matrix
# rows: 162
# columns: 1
 0.013689256450408648
 -0.013689256450408589
 0
 0
 6.4391120605531374e-18
 -0.042340920646917142
 0
 0.042340920646917184
 1.7041101011059518e-17
 0.0085065701535999051
 2.7134447377867695e-17
 -0.0040997208730273148
 -0.0085065701535998635
 0.0040997208730273668
 -0.011617003196004602
 -0.01601055956106591
 -0.063174286434299232
 -0.024874995913024847
 0
 1.2213129742187395e-17
 0
 0.024874995913024858
 0.063174286434299232
 0.016010559561065948
 0.011617003196004649
 0.011967343321924191
 -0.0055688950508386119
 0.00038418781707347249
 2.3029009913125899e-17
 -0.0094254129629753793
 -0.001962947398702133
 -0.0010738945339447206
 -0.006907226844062685
 2.2206919837366144e-17
 0.001962947398702146
 0.0094254129629754262
 -0.00038418781707342284
 0.005568895050838657
 -0.011967343321924135
 0.0069072268440627362
 0.0010738945339447657
 -0.0059899735517412881
 -0.0028591053023095821
 -0.028959878172525773
 -0.014102667420327805
 -0.025669978861950007
 -0.0045940351711354337
 -0.0058590427324839555
 -0.056475197520911721
 -0.039992587189904637
 -0.029861718858178902
 -0.042983486120150537
 -0.053471999702886693
 -0.0237994622147795
 -0.010852333568030498
 0
 -0.016653479232601034
 4.7377865052207092e-18
 -0.0074391202519409807
 0
 -0.011293044781233705
 1.6667636810332602e-17
 0
 0.0074391202519409868
 0.029861718858178895
 0.016653479232601034
 0
 0.011293044781233724
 0.010852333568030526
 0.053471999702886686
 0.042983486120150544
 0.028959878172525808
 0.039992587189904664
 0.056475197520911742
 0.023799462214779528
 0.0058590427324839928
 0.025669978861950049
 0.014102667420327848
 0.0028591053023096307
 0.0059899735517413375
 0.0045940351711354771
 -0.32434500662572591
 -0.32434500662572585
 0
 0
 -0.09999999999999995
 -0.23057919862637882
 0
 -0.23057919862637885
 -0.22172217277039238
 -0.28630240149411973
 -0.22389507944036896
 -0.27806764114908272
 -0.28630240149411973
 -0.27806764114908272
 -0.29367942985850409
 -0.23301842114297766
 -0.14561840183774644
 -0.13689308848519141
 0
 -0.13183154512803605
 0
 -0.13689308848519141
 -0.14561840183774644
 -0.23301842114297766
 -0.29367942985850409
 -0.31297145506179525
 -0.28509882139132103
 -0.30758767129153242
 -0.18339228359202489
 -0.24166053662269238
 -0.2269629473987021
 -0.24565575301996292
 -0.25053875246759616
 -0.23427335918982137
 -0.22696294739870215
 -0.24166053662269241
 -0.30758767129153242
 -0.28509882139132103
 -0.31297145506179525
 -0.25053875246759616
 -0.24565575301996292
 -0.3142650845425608
 -0.29359245857087046
 -0.23797442547625552
 -0.27058977927372491
 -0.26548661782931954
 -0.26159522091639575
 -0.22414443567657599
 -0.19275464833753561
 -0.19566402909577341
 -0.073318477393068571
 -0.14131184231781521
 -0.085831105956362147
 -0.19151732445613637
 -0.18628293517550057
 0
 -0.071480093359363339
 -0.069578146832404375
 -0.070569936463875424
 0
 -0.13383270506319145
 -0.1836615496167199
 0
 -0.070569936463875424
 -0.073318477393068571
 -0.071480093359363339
 0
 -0.13383270506319142
 -0.18628293517550054
 -0.085831105956362147
 -0.14131184231781521
 -0.23797442547625552
 -0.19566402909577341
 -0.19275464833753561
 -0.19151732445613634
 -0.22414443567657596
 -0.26548661782931959
 -0.27058977927372491
 -0.29359245857087046
 -0.31426508454256086
 -0.26159522091639575


