# Created by Octave 5.1.0, Wed Apr 22 11:10:11 2020 GMT <unknown@Thomas-PC>
# name: u_sol
# type: matrix
# rows: 578
# columns: 1
 0.011169430740418259
 -0.011169430740418238
 0
 0
 -1.5841662261383893e-18
 -0.042686783563223363
 0
 0.042686783563223363
 1.8406188848011514e-18
 0.010416717382371965
 5.7624148128911217e-18
 -0.0061157245991309787
 -0.010416717382371947
 0.0061157245991309908
 -0.010140329335407781
 -0.015922650998863221
 -0.066732131058882496
 -0.026842817083514194
 0
 1.1487509054683345e-18
 0
 0.026842817083514194
 0.066732131058882496
 0.015922650998863228
 0.010140329335407794
 0.010980145060314438
 -0.0081208756080626641
 -0.00089094294062400364
 8.2058874768907939e-18
 -0.013109953106296523
 -0.0047561635550964331
 -0.00091388394308566804
 -0.0082961439974949241
 4.4447181290494439e-18
 0.0047561635550964496
 0.013109953106296536
 0.00089094294062401957
 0.008120875608062678
 -0.010980145060314419
 0.0082961439974949362
 0.00091388394308567671
 -0.004965226476688402
 -0.0012203826735987498
 -0.028768867198589787
 -0.013160041493477447
 -0.024612651839065289
 -0.0039206796172096929
 -0.0062489738038077865
 -0.058762362402335906
 -0.04158509290997723
 -0.033269778095348618
 -0.045856339957061419
 -0.057279594412414751
 -0.024931734520941228
 -0.011340375474759584
 0
 -0.018212967520051956
 -7.919124143042022e-20
 -0.0080690291399043487
 0
 -0.012149241066762326
 9.0959396533762747e-19
 0
 0.0080690291399043504
 0.033269778095348618
 0.018212967520051956
 0
 0.012149241066762326
 0.011340375474759586
 0.057279594412414751
 0.045856339957061419
 0.02876886719858979
 0.041585092909977237
 0.058762362402335906
 0.024931734520941232
 0.00624897380380779
 0.024612651839065296
 0.013160041493477454
 0.0012203826735987613
 0.0049652264766884184
 0.0039206796172097016
 0.010771922788275375
 0.0033864666541081091
 0.0051963262769923798
 -0.0027337456895909044
 0.00086676659391707594
 0.011284019784890194
 -0.0051615541619253556
 -0.0043103698906594269
 -0.0086608442996918313
 7.0180207181293225e-18
 -0.011755658713303857
 -0.015485500922493003
 -0.0077821781717550397
 -0.0099355552843514161
 7.3811087956023355e-18
 0.0061893445772706673
 -0.011933751862925911
 -0.0074515134644775787
 0.00090606268877147466
 -0.0010684145128554818
 3.0553911376337513e-18
 -0.0082643162951444148
 -0.0046822431520806345
 -0.0040536674256479825
 5.3203942600701807e-18
 -0.0032125964682607421
 -0.0054798135157349505
 -0.011614894278125709
 -0.011363119167235284
 -0.011166389056491026
 0.015485500922493003
 0.011755658713303871
 0.0074515134644775952
 0.011933751862925926
 -0.00618934457727065
 0.00993555528435143
 0.0077821781717550536
 -0.0051963262769923616
 -0.0033864666541080913
 -0.010771922788275356
 0.0086608442996918451
 0.0043103698906594426
 0.0051615541619253694
 -0.011284019784890175
 -0.00086676659391705859
 0.0027337456895909214
 0.0010684145128554902
 -0.0009060626887714688
 0.0054798135157349617
 0.0032125964682607525
 0.0040536674256479929
 0.0046822431520806449
 0.008264316295144427
 0.011614894278125723
 0.01116638905649104
 0.011363119167235296
 -0.0068489701433710783
 -0.0020471425540814362
 -0.005474249659933309
 -0.0022058225823976597
 -0.0061012804619901117
 0.0014555174867793925
 0.0027373822478309281
 -0.035748333043418852
 -0.027077854564815321
 -0.033607175146094292
 -0.015058033408634498
 -0.020847686794104009
 -0.02205993428584763
 -0.016544549221755477
 -0.018674723593826225
 -0.011219952888115753
 -0.0027896372329854146
 -0.0028039357163851366
 0.0016466982219814563
 -0.00078820230234230343
 -0.010606859734743923
 -0.0058015047017090223
 -0.0099534405123018962
 -0.0063645513787620083
 -0.0081601319638720301
 -0.0019865663935604186
 -0.051337283322643382
 -0.043706085853319261
 -0.054972313346891906
 -0.050369792767476801
 -0.064213731305145821
 -0.035835626227778576
 -0.0281598199135463
 -0.025758212771296023
 -0.044419916428236152
 -0.039993465365559346
 -0.035799193642590134
 -0.042293900905149541
 -0.032320118277478369
 -0.065042782629376017
 -0.053658266662376927
 -0.056517377059639752
 -0.0092809644681441806
 -0.0045678049573132191
 -0.02104137136854857
 -0.014723467231568661
 -0.019251205336530523
 -0.017721537082646278
 -0.02703714886186798
 -0.045236870079744661
 -0.03576086304771018
 -0.032963011479002567
 0
 -0.018563175182016459
 -0.0099582171863242495
 -0.013683084125124922
 0
 -0.024858794882759713
 -0.023944674409253689
 2.7739792196189179e-19
 -0.0021077334439568111
 0
 -0.0052045421547237914
 -0.003903714630147746
 2.5416637589204743e-19
 0
 -0.0043764636672434113
 -0.0069372775346250902
 -0.0055613995192514932
 1.1741687820674305e-18
 -0.01902646289875503
 -0.012329389839416291
 2.6928059548761904e-19
 -0.0060240971333896049
 -0.0059172043254362193
 -0.012742753894231115
 -0.010720397527282537
 -0.016858911311168002
 0
 0.0021077334439568115
 0.0069372775346250902
 0.0043764636672434121
 0
 0.0039037146301477478
 0.0052045421547237932
 0.025758212771296023
 0.018563175182016459
 0
 0.023944674409253689
 0.024858794882759709
 0.032320118277478369
 0
 0.013683084125124922
 0.0099582171863242495
 0.005561399519251495
 0.0045678049573132217
 0.0059172043254362193
 0.0060240971333896066
 0.019251205336530523
 0.012329389839416293
 0.01902646289875503
 0.012742753894231115
 0.016858911311168002
 0.010720397527282537
 0.039993465365559346
 0.044419916428236152
 0.056517377059639752
 0.053658266662376927
 0.065042782629376017
 0.042293900905149541
 0.035799193642590134
 0.035748333043418859
 0.043706085853319261
 0.051337283322643382
 0.0281598199135463
 0.035835626227778583
 0.022059934285847634
 0.064213731305145835
 0.050369792767476801
 0.054972313346891906
 0.0092809644681441841
 0.0028039357163851409
 0.02703714886186798
 0.017721537082646281
 0.010606859734743929
 0.014723467231568662
 0.02104137136854857
 0.045236870079744661
 0.032963011479002567
 0.03576086304771018
 0.033607175146094299
 0.027077854564815328
 0.011219952888115763
 0.018674723593826232
 0.016544549221755484
 0.020847686794104012
 0.015058033408634505
 0.0020471425540814522
 0.0068489701433710965
 -0.002737382247830916
 -0.0014555174867793789
 0.0061012804619901256
 0.0022058225823976736
 0.0054742496599333203
 0.0027896372329854215
 0.0099534405123019032
 0.0058015047017090293
 0.00078820230234231286
 -0.0016466982219814452
 0.0063645513787620178
 0.001986566393560429
 0.0081601319638720388
 -0.32921629952236486
 -0.32921629952236481
 0
 0
 -0.099999999999999978
 -0.23360930679973474
 0
 -0.23360930679973474
 -0.22805481663635993
 -0.29406218619257463
 -0.24045203948681004
 -0.28263111678769731
 -0.29406218619257463
 -0.28263111678769726
 -0.29758440652151702
 -0.23773437388322971
 -0.1470160819646861
 -0.13990855940925437
 0
 -0.13597359707083656
 0
 -0.13990855940925437
 -0.14701608196468613
 -0.23773437388322974
 -0.29758440652151702
 -0.31942640972549197
 -0.29051798852618987
 -0.31329021892574943
 -0.20347197328986269
 -0.24578394874637086
 -0.22975616355509648
 -0.25241367663971986
 -0.25691181066832458
 -0.24545785111604193
 -0.22975616355509645
 -0.24578394874637086
 -0.31329021892574943
 -0.29051798852618987
 -0.31942640972549197
 -0.25691181066832458
 -0.25241367663971986
 -0.31937228434028736
 -0.298172433427488
 -0.24204297222907278
 -0.27475197114398076
 -0.26856626536045308
 -0.26627397932626001
 -0.23019519386874668
 -0.19424908589897705
 -0.19894266246816053
 -0.075318533887139882
 -0.14378308258701
 -0.088667541615783857
 -0.19560364614879522
 -0.19110708532619794
 0
 -0.072989511767735896
 -0.071774206163224691
 -0.072250733041424792
 0
 -0.13724502170775829
 -0.18917662686408626
 0
 -0.072250733041424792
 -0.075318533887139882
 -0.072989511767735896
 0
 -0.13724502170775829
 -0.19110708532619794
 -0.088667541615783857
 -0.14378308258701
 -0.24204297222907281
 -0.19894266246816056
 -0.19424908589897705
 -0.19560364614879522
 -0.23019519386874668
 -0.26856626536045308
 -0.27475197114398081
 -0.298172433427488
