# Created by Octave 5.1.0, Wed Apr 22 11:19:21 2020 GMT <unknown@Thomas-PC>
# name: u_sol
# type: matrix
# rows: 2178
# columns: 1
 0.0079981516109704272
 -0.0079981516109704671
 0
 0
 -1.1706184973781258e-17
 -0.043321506823147733
 0
 0.04332150682314774
 -7.2053380456264418e-18
 0.010228597758932092
 -1.5568058328783533e-17
 -0.0067252777541576729
 -0.010228597758932124
 0.0067252777541576539
 -0.0097128412847574449
 -0.016448648675359712
 -0.068488411746861586
 -0.027823619597930817
 0
 4.8822381061513606e-18
 0
 0.027823619597930831
 0.068488411746861599
 0.016448648675359709
 0.009712841284757431
 0.0086515464215649943
 -0.0096629899172831889
 -0.0017391870531496822
 -1.9846059362598905e-17
 -0.014701597735344187
 -0.0065914476899302729
 -0.00041256388353831924
 -0.0083488265421958474
 -1.2149203407081474e-17
 0.0065914476899302313
 0.014701597735344154
 0.0017391870531496571
 0.0096629899172831629
 -0.0086515464215650324
 0.0083488265421958197
 0.00041256388353830005
 -0.0041584002926099038
 -0.00074721752780901069
 -0.029245475013467168
 -0.013251832545659521
 -0.024622320283205039
 -0.0041530289778155798
 -0.0067779038616652713
 -0.060027526458416892
 -0.042607254572275183
 -0.034815483585574576
 -0.047288083663053232
 -0.059180902391525521
 -0.025723869625499982
 -0.011721456601534244
 0
 -0.018978573134050793
 4.7043971814982298e-18
 -0.0084005201293921184
 0
 -0.012609794029303114
 1.1347363660831412e-18
 0
 0.0084005201293921288
 0.034815483585574583
 0.0189785731340508
 0
 0.012609794029303125
 0.011721456601534248
 0.059180902391525535
 0.047288083663053246
 0.029245475013467172
 0.042607254572275197
 0.060027526458416906
 0.025723869625499989
 0.0067779038616652618
 0.024622320283205035
 0.013251832545659514
 0.0007472175278089967
 0.0041584002926098786
 0.0041530289778155659
 0.0078805876591673471
 0.0022042303824848335
 0.0038555036475864941
 -0.0040824512808452377
 -0.00023296826552792794
 0.0098499701653098175
 -0.0060761434420251717
 -0.0054198488601720851
 -0.0098086977370120277
 -2.0975868347393915e-17
 -0.013655339213770774
 -0.020119672162510583
 -0.0077910763458517536
 -0.010558067095283036
 -1.8916702546125477e-17
 0.0068647524759486885
 -0.014495569470807041
 -0.0095505116767973051
 0.0013560855402527906
 -0.00064337451552525784
 -1.0971903701964249e-17
 -0.0087053783938946718
 -0.0043749602892357237
 -0.003990702287139861
 -1.362503872226154e-17
 -0.0028406951839861235
 -0.0052208596339787354
 -0.013515236365014258
 -0.012029523360605371
 -0.012305479166186706
 0.020119672162510541
 0.013655339213770736
 0.0095505116767972738
 0.01449556947080701
 -0.0068647524759487214
 0.010558067095282998
 0.0077910763458517189
 -0.0038555036475865258
 -0.0022042303824848638
 -0.0078805876591673853
 0.0098086977370120051
 0.0054198488601720617
 0.0060761434420251535
 -0.0098499701653098539
 0.00023296826552789845
 0.0040824512808452073
 0.00064337451552523486
 -0.0013560855402528081
 0.0052208596339787042
 0.0028406951839860975
 0.0039907022871398419
 0.0043749602892357011
 0.0087053783938946493
 0.013515236365014227
 0.01230547916618668
 0.012029523360605341
 -0.0053469391935488178
 -0.0012926367714095276
 -0.0050581494887428826
 -0.0016413200887974259
 -0.0055280296228068125
 0.0021372372474853614
 0.0033116557309346962
 -0.036271300896535824
 -0.027400074422171631
 -0.033883250582206835
 -0.01543874279422313
 -0.021189679690226608
 -0.02254414110258339
 -0.016309518462235068
 -0.018736484975450086
 -0.011017990285497711
 -0.0033595921848108856
 -0.003155777797167021
 0.0017741395511435009
 -0.0011680452270988683
 -0.011169532796619423
 -0.0063398219372292558
 -0.010406441941782814
 -0.0061643755255961384
 -0.0082970402402917677
 -0.0017881497267367098
 -0.052304411310397494
 -0.044536813719821468
 -0.056352336527851966
 -0.051491482188419473
 -0.065743946098108449
 -0.036600848121558442
 -0.028883887837724137
 -0.027518266096529558
 -0.04626189924246097
 -0.041613510996601891
 -0.037022291142422427
 -0.043849330838121349
 -0.033592369157936848
 -0.066957622773104894
 -0.055441772915633063
 -0.058124174905117197
 -0.0096662284629118363
 -0.0046864586106402191
 -0.021713406654290741
 -0.015294332962030864
 -0.019929963988599707
 -0.018334613862164534
 -0.027940733783434982
 -0.04648250164913667
 -0.036851755309328708
 -0.033884226335735734
 0
 -0.01949490691906933
 -0.01036006721600841
 -0.014272402129515636
 0
 -0.025955849042497373
 -0.024904711428375453
 3.4010625473127133e-18
 -0.0022013962456641951
 0
 -0.0054136745504729973
 -0.0040684244966495593
 5.4301230563390843e-18
 0
 -0.0045557471101310802
 -0.0072133295138396523
 -0.0057100638549353547
 -2.5475767356717149e-18
 -0.019745494041065157
 -0.012761233311875736
 3.4696714595198308e-18
 -0.0062188955258656795
 -0.0061360774110121802
 -0.013265739366115536
 -0.011151154443261983
 -0.017536770336008631
 0
 0.0022013962456642012
 0.0072133295138396567
 0.0045557471101310863
 0
 0.0040684244966495689
 0.0054136745504730095
 0.027518266096529562
 0.019494906919069337
 0
 0.024904711428375467
 0.025955849042497384
 0.033592369157936862
 0
 0.014272402129515641
 0.010360067216008415
 0.0057100638549353565
 0.0046864586106402139
 0.0061360774110121898
 0.0062188955258656873
 0.019929963988599718
 0.012761233311875743
 0.019745494041065167
 0.013265739366115544
 0.017536770336008645
 0.011151154443261995
 0.041613510996601898
 0.046261899242460984
 0.058124174905117211
 0.055441772915633077
 0.066957622773104922
 0.04384933083812137
 0.037022291142422441
 0.036271300896535831
 0.044536813719821475
 0.052304411310397508
 0.028883887837724144
 0.036600848121558449
 0.022544141102583386
 0.065743946098108463
 0.051491482188419486
 0.056352336527851987
 0.0096662284629118328
 0.0031557777971670093
 0.027940733783434993
 0.018334613862164541
 0.011169532796619417
 0.015294332962030864
 0.021713406654290744
 0.046482501649136684
 0.033884226335735748
 0.036851755309328729
 0.033883250582206842
 0.027400074422171631
 0.0110179902854977
 0.01873648497545008
 0.016309518462235058
 0.021189679690226604
 0.015438742794223123
 0.0012926367714095016
 0.0053469391935487848
 -0.0033116557309347131
 -0.0021372372474853796
 0.0055280296228067943
 0.0016413200887974086
 0.0050581494887428696
 0.0033595921848108713
 0.010406441941782805
 0.0063398219372292437
 0.0011680452270988518
 -0.0017741395511435172
 0.0061643755255961262
 0.0017881497267366953
 0.0082970402402917556
 0.0078483450107769363
 0.0058500168701972732
 0.0061655791988765862
 0.0052663991167589434
 0.0055661833385921679
 0.0081626510416436954
 0.0011094410897341267
 0.0030908339943386712
 -0.00019004951911650051
 0.0017589491042738332
 0.0032844642352760443
 0.010259389560806341
 -0.0054723720612122112
 -0.0019455835106918465
 -0.0077354526705747436
 0.0092562405551880368
 0.0042586482523640501
 0.0048690098381274759
 -0.0069153258819577099
 -0.0080166806114029682
 -0.008570917547807479
 -0.0034892121878682984
 -0.0062480837727227484
 -0.0042653415228900704
 -0.010252153144904587
 -0.0082778532862441568
 -0.0075038783625850924
 0.0011228645465054302
 -0.0034511896826392627
 -0.001696393896350658
 -1.8622315882071533e-17
 -0.012206438388369
 -0.020554008322361782
 -0.0072396293519732301
 -0.0090091403267462226
 -2.03361990112773e-17
 -0.014347509177367561
 -0.015863071335830758
 -0.01505114539674092
 -0.0034635188899252017
 -0.0042123977002506766
 -1.7518001153085527e-17
 -0.013413103732625432
 -0.0091501226943381444
 -0.012002531229981125
 -1.9935237953672049e-17
 -0.0050460367876449469
 -0.0060164573713754454
 0.0093410683391499504
 -0.003751375401786505
 -0.00052937112358122365
 -0.011991653636882357
 -0.00781859321621837
 0.0015566071500972812
 -0.014310704127305528
 -0.012392308013303465
 -0.015158676813570433
 -0.012028100110128743
 -0.014520284643678326
 -0.015124743988803042
 0.0010778091151298554
 0.00062294099583726247
 -9.3510628564103523e-18
 -0.00067728837194016081
 0.00038261330218491329
 0.00081968520754639859
