# Created by Octave 5.1.0, Wed Feb 19 02:21:23 2020 GMT <unknown@Thomas-PC>
# name: contactConvergence
# type: matrix
# rows: 57
# columns: 1
 17.021889640631695
 16.489955589361958
 16.232300033278175
 0.25363407003852106
 0.24570800534981729
 0.0041043345462125
 0.0014647169860313397
 0.00080053781665803258
 0.00080015191622331535
 0.00082321815230265878
 0.00079749258504320086
 0.00082059972392639852
 0.00079495598255369863
 0.0008181021365676164
 0.00079253644479987872
 0.00081571981338790793
 0.00080297419130372191
 0.00080018947846907348
 0.00080014664720708714
 0.00082321296438709539
 0.00079748755924999857
 0.00082059477548794058
 0.0007949511887539425
 0.00081809741654980718
 0.00079253187228262587
 0.00081571531124491911
 0.00080296975950671734
 0.00080018941031903144
 0.0008001466461588846
 0.00082321296335501472
 0.00079748755825017031
 0.00082059477450349097
 0.00079495118780025659
 0.00081809741561078976
 0.0007925318713729526
 0.00081571531034923823
 0.00080296975862503156
 0.00080018941030547057
 0.000800146646158676
 0.00082321296335481024
 0.00079748755824997244
 0.0008205947745032956
 0.00079495118780006739
 0.00081809741561060382
 0.00079253187137277251
 0.00081571531034906053
 0.00080296975862485646
 0.00080018941030546753
 0.000800146646158676
 0.00082321296335481024
 0.00079748755824997244
 0.00082059477450329517
 0.00079495118780006718
 0.00081809741561060349
 0.0007925318713727723
 0.00081571531034906042
 0.00080296975862485613


