# Created by Octave 5.1.0, Sun Feb 16 22:51:47 2020 GMT <unknown@Thomas-PC>
# name: contactConvergence
# type: matrix
# rows: 12
# columns: 1
 10.570349022863589
 5.2851745114317943
 2.6425872557158971
 2.5672772747734345
 0.00021438312372887926
 0.0001607873427966594
 0.00014068892494707675
 0.00013629239604248056
 5.0546775093397824e-05
 5.1290998012808129e-05
 8.4141289992678169e-06
 2.60316253156051e-19


