# Created by Octave 5.1.0, Fri Feb 14 17:44:54 2020 GMT <unknown@Thomas-PC>
# name: contactConvergence
# type: matrix
# rows: 7
# columns: 1
 6.8168080331581846
 6.3907575310857974
 6.2909019446625818
 4.4687678613297921
 4.3989168620823333
 0.00024660931951014047
 1.9166167708542177e-19


