# Created by Octave 5.1.0, Fri Feb 14 16:50:35 2020 GMT <unknown@Thomas-PC>
# name: contactConvergence
# type: matrix
# rows: 3
# columns: 1
 3.8819391050710688
 3.0344105603030123
 5.2041704279304213e-18


