# Created by Octave 5.1.0, Fri Feb 14 16:55:17 2020 GMT <unknown@Thomas-PC>
# name: contactConvergence
# type: matrix
# rows: 3
# columns: 1
 2.0480577351374132
 0.0099884583283686677
 8.3981939159165202e-19


