# Created by Octave 5.1.0, Fri Feb 14 16:50:31 2020 GMT <unknown@Thomas-PC>
# name: contactConvergence
# type: matrix
# rows: 2
# columns: 1
 0.0049038105676657978
 1.3877787807814457e-17


