# Created by Octave 5.1.0, Fri Feb 14 17:44:54 2020 GMT <unknown@Thomas-PC>
# name: equilibriumConvergence
# type: matrix
# rows: 7
# columns: 1
 2.0608254484460349
 1.9320238579181555
 1.901835985138187
 0.029716187267783339
 0.029251871841724928
 1.5966038935130734e-14
 1.625931239688439e-14


