# Created by Octave 5.1.0, Sun Feb 16 22:51:47 2020 GMT <unknown@Thomas-PC>
# name: equilibriumConvergence
# type: matrix
# rows: 12
# columns: 1
 1.6769343033492154
 0.83846715167460317
 0.41923357583730103
 0.36682937885763817
 2.2114468494562568e-12
 1.7671112324525655e-12
 1.5631224806156283e-12
 1.5188544135625204e-12
 2.3597096508320884e-12
 5.9572176127840468e-14
 6.799643364351782e-14
 3.3307201439153683e-14


