# Created by Octave 5.1.0, Fri Feb 14 16:50:31 2020 GMT <unknown@Thomas-PC>
# name: equilibriumConvergence
# type: matrix
# rows: 2
# columns: 1
 5.7282196186947996
 2.2878097633822889e-15


