# Created by Octave 5.1.0, Fri Feb 14 16:50:49 2020 GMT <unknown@Thomas-PC>
# name: equilibriumConvergence
# type: matrix
# rows: 2
# columns: 1
 2.8637537615095852
 4.7725980980829542e-15


