# Created by Octave 5.1.0, Wed Feb 19 02:21:23 2020 GMT <unknown@Thomas-PC>
# name: equilibriumConvergence
# type: matrix
# rows: 57
# columns: 1
 1.3851331948693555
 1.3418477825296211
 1.3208814109275853
 0.020638772045068286
 0.019993810418657009
 0.00031240328776464241
 4.8813013685018527e-06
 7.627073369450875e-08
 1.173118466281941e-09
 1.1550658968842643e-09
 1.1189675408665736e-09
 1.1017717702903344e-09
 1.0673445279563981e-09
 1.0509442570768147e-09
 1.0180958370239612e-09
 1.0024582054879642e-09
 9.8679499463833273e-10
 2.0337462449118973e-11
 7.6208733861582678e-13
 5.5714687655128274e-13
 8.1092905559802337e-13
 9.9642039652454385e-13
 1.5768148539735176e-12
 1.3986386271016169e-12
 1.3553528699048402e-12
 1.4199331176496426e-12
 1.6536907627589865e-12
 1.9478297325271398e-11
 8.3544158216000775e-13
 9.228451502682352e-13
 1.0650800544745804e-12
 1.1290614307376984e-12
 1.3177207922954253e-12
 1.0761786121113798e-12
 9.4419298442436411e-13
 9.4991271786811085e-13
 8.5177839255374579e-13
 1.4244660622684744e-11
 6.3802963767162307e-13
 6.4453642077668878e-13
 8.0583444628860059e-13
 1.4566020367429777e-12
 1.3338390309702015e-12
 1.3047042016195145e-12
 1.1652832009024137e-12
 1.7500987308316468e-12
 1.5056250175273972e-12
 1.4066049286491669e-11
 8.1483462641433043e-13
 7.8373831000993552e-13
 1.054012472401231e-12
 7.3169852524099396e-13
 1.0900833231540401e-12
 1.3731000612322261e-12
 1.5416888031635906e-12
 1.6074984744680999e-12
 1.6208315112565542e-12


