# Created by Octave 5.1.0, Fri Feb 14 16:50:35 2020 GMT <unknown@Thomas-PC>
# name: equilibriumConvergence
# type: matrix
# rows: 3
# columns: 1
 4.3964444199659063
 3.0235230469038978e-15
 2.0769440197679197e-15


