# Created by Octave 5.1.0, Fri Feb 14 16:55:17 2020 GMT <unknown@Thomas-PC>
# name: lambda_sol
# type: matrix
# rows: 17
# columns: 1
 0
 0
 0
 0
 -24.960421137222241
 -0.13768521333082973
 -4.8367704545723731
 -5.2204608931856242
 -5.1195105105179453
 -5.2204608931856269
 -4.8367704545723784
 -0.13768521333083328
 -24.960421137222255
 0
 0
 0
 0


