# Created by Octave 5.1.0, Fri Feb 14 17:44:54 2020 GMT <unknown@Thomas-PC>
# name: lambda_sol
# type: matrix
# rows: 33
# columns: 1
 0
 0
 0
 0
 0
 0
 0
 0
 -40.123319430489801
 0
 -2.7998163539833358
 -5.1235702457143244
 -5.4233154730736697
 -5.4891063075319613
 -5.503110295106266
 -5.5082986740346849
 -5.4433280141079541
 -5.5082986740346866
 -5.5031102951062651
 -5.4891063075319604
 -5.4233154730736661
 -5.123570245714328
 -2.7998163539833301
 0
 -40.123319430489801
 0
 0
 0
 0
 0
 0
 0
 0


