# Created by Octave 5.1.0, Sun Feb 16 22:51:47 2020 GMT <unknown@Thomas-PC>
# name: lambda_sol
# type: matrix
# rows: 65
# columns: 1
 0
 0
 0
 0
 0
 0
 0
 0
 0
 0
 0
 0
 0
 0
 0
 -65.493265740969093
 0
 0
 -3.5147906432092895
 -5.2931788602547831
 -5.6109115400881953
 -5.6916241190011068
 -5.7040120104624528
 -5.6939878555139698
 -5.6768702469197914
 -5.6585188622142422
 -5.6413677494201906
 -5.6264633738158789
 -5.6142616977690061
 -5.6049933166087689
 -5.5988946332529848
 -5.5965596619739495
 -5.5629709472652458
 -5.5965596619739495
 -5.5988946332529856
 -5.6049933166087698
 -5.6142616977690061
 -5.6264633738158789
 -5.6413677494201915
 -5.6585188622142431
 -5.6768702469197914
 -5.693987855513968
 -5.7040120104624519
 -5.6916241190011059
 -5.6109115400881926
 -5.293178860254776
 -3.5147906432093063
 0
 0
 -65.493265740969093
 0
 0
 0
 0
 0
 0
 0
 0
 0
 0
 0
 0
 0
 0
 0


