# Created by Octave 5.1.0, Wed Feb 19 02:21:23 2020 GMT <unknown@Thomas-PC>
# name: lambda_sol
# type: matrix
# rows: 129
# columns: 1
 1.7595600513811554e-39
 3.5191201027623109e-39
 1.2316920359668004e-38
 4.5748561335909808e-38
 1.706773249839724e-37
 6.3696073859997235e-37
 2.3771656294158965e-36
 8.8717017790638498e-36
 3.3109641486839097e-35
 1.2356686416828962e-34
 4.611578151863337e-34
 1.7210643965770521e-33
 6.4230997711218298e-33
 2.3971334687910467e-32
 8.9462238980518394e-32
 3.3387762123416621e-31
 1.2460482459561321e-30
 4.6503153625904472e-30
 1.7355213204405596e-29
 6.4770537455031618e-29
 2.4172693661572533e-28
 9.0213720900786739e-28
 3.3668218994157527e-27
 1.2565150388654986e-26
 4.6893779655204387e-26
 1.7500996823216175e-25
 6.5314609327344582e-25
 2.4375744048616094e-24
 9.097151526173057e-24
 -3.2202610921757753
 -33.136268067271175
 -15.255166392787485
 -11.871858384209851
 -10.301100910179755
 -9.3489195442262876
 -8.68991804324612
 -8.200688953728779
 -7.8219176054860631
 -7.5202005208129448
 -7.2747362684468877
 -7.0717058414196314
 -6.9015122298160874
 -6.7572668263697917
 -6.6338936163870414
 -6.5275698262456192
 -6.4353625903969984
 -6.3549855082299507
 -6.2846312777571178
 -6.2228540530469534
 -6.1684851253843167
 -6.1205714357542949
 -6.0783300464302608
 -6.0411139782011265
 -6.0083862892700957
 -5.9797002426739798
 -5.9546840693544993
 -5.9330293046003382
 -5.9144820458548644
 -5.8988368435554337
 -5.8859334624605548
 -5.8756579087989307
 -5.867952621314025
 -5.8628545345508911
 -5.8606547245759826
 -5.8440756749305889
 -5.8606547245759408
 -5.8628545345508094
 -5.8679526213138988
 -5.875657908798761
 -5.8859334624603399
 -5.8988368435551699
 -5.91448204585455
 -5.9330293045999696
 -5.9546840693540775
 -5.979700242673494
 -6.0083862892695423
 -6.0411139782005074
 -6.07833004642956
 -6.1205714357535115
 -6.1684851253834463
 -6.2228540530459853
 -6.2846312777560414
 -6.3549855082287614
 -6.435362590395691
 -6.5275698262441848
 -6.6338936163854711
 -6.7572668263680846
 -6.9015122298142391
 -7.0717058414176357
 -7.2747362684447321
 -7.5202005208106089
 -7.8219176054835193
 -8.2006889537259937
 -8.6899180432430327
 -9.3489195442228024
 -10.301100910175826
 -11.871858384205211
 -15.255166392781859
 -33.136268067263643
 -3.2202610921579833
 9.097151526173057e-24
 2.4375744048616094e-24
 6.5314609327344582e-25
 1.7500996823216175e-25
 4.6893779655204387e-26
 1.2565150388654986e-26
 3.3668218994157527e-27
 9.0213720900786739e-28
 2.4172693661572533e-28
 6.4770537455031618e-29
 1.7355213204405596e-29
 4.6503153625904472e-30
 1.2460482459561321e-30
 3.3387762123416621e-31
 8.9462238980518394e-32
 2.3971334687910467e-32
 6.4230997711218298e-33
 1.7210643965770521e-33
 4.611578151863337e-34
 1.2356686416828962e-34
 3.3109641486839097e-35
 8.8717017790638498e-36
 2.3771656294158965e-36
 6.3696073859997235e-37
 1.706773249839724e-37
 4.5748561335909808e-38
 1.2316920359668004e-38
 3.5191201027623109e-39
 1.7595600513811554e-39


