# Created by Octave 5.1.0, Fri Feb 14 16:50:31 2020 GMT <unknown@Thomas-PC>
# name: u_sol
# type: matrix
# rows: 18
# columns: 1
 -0.023105549829962459
 0.02310554982996239
 0
 0
 -3.2027344145934302e-17
 -0.02181774131154153
 0
 0.021817741311541513
 -1.607765195328738e-18
 -0.16992532073643649
 -0.16992532073643654
 0
 0
 0.009807621135331613
 -0.12279019612405333
 0
 -0.12279019612405329
 -0.10369015932611327


