# Created by Octave 5.1.0, Fri Feb 14 16:50:49 2020 GMT <unknown@Thomas-PC>
# name: u_sol
# type: matrix
# rows: 162
# columns: 1
 0.017633050804619146
 -0.017633050804618848
 0
 0
 1.3362592087644918e-16
 -0.025098946152352874
 0
 0.02509894615235302
 7.5444401835977401e-17
 0.01659049231857531
 1.130515313685511e-16
 -0.0068415505137567507
 -0.016590492318575019
 0.0068415505137569806
 -0.0039397105200389311
 -0.007335095364124287
 -0.041822428693964943
 -0.015831064398983165
 0
 3.0969757341402265e-17
 0
 0.015831064398983227
 0.041822428693965005
 0.0073350953641244309
 0.0039397105200391584
 0.017077641981031476
 -0.0043481785372256809
 2.8704291439026614e-05
 1.2672687433635633e-16
 -0.0055449449793230641
 0.01845039555485942
 -0.0032498545115082584
 -0.0069011470186667815
 9.5314856492090173e-17
 -0.01845039555485915
 0.0055449449793233269
 -2.87042914387599e-05
 0.0043481785372259463
 -0.017077641981031177
 0.0069011470186670087
 0.0032498545115084492
 -0.0042374143860472941
 0.002410564551999987
 -0.015725943827488584
 -0.0045497032830757941
 -0.012674984547630145
 0.0012989857412645635
 -0.0018036124206820157
 -0.035746093316423387
 -0.024535111632026291
 -0.020030124667239441
 -0.027981888300166523
 -0.036411838169449123
 -0.013986701729433228
 -0.0062819679132580034
 0
 -0.010965760505783826
 1.3250558409056086e-17
 -0.0048418837436046266
 0
 -0.007107434255396697
 5.2310246966547738e-17
 0
 0.0048418837436046526
 0.020030124667239461
 0.01096576050578385
 0
 0.0071074342553967594
 0.0062819679132581083
 0.036411838169449151
 0.027981888300166582
 0.015725943827488723
 0.024535111632026395
 0.035746093316423491
 0.013986701729433329
 0.0018036124206821623
 0.012674984547630327
 0.004549703283075978
 -0.0024105645519997606
 0.0042374143860475595
 -0.0012989857412643753
 -0.22925658772313279
 -0.2292565877231327
 0
 0
 -0.10000000000000001
 -0.16012290740640786
 0
 -0.16012290740640794
 -0.15071244365175251
 -0.1820016004921744
 -0.14732394001750215
 -0.18368462988617212
 -0.1820016004921744
 -0.1836846298861721
 -0.2054808039765354
 -0.1590249339166255
 -0.10135822065904102
 -0.095487193335059992
 0
 -0.091694207565275146
 0
 -0.095487193335060006
 -0.10135822065904108
 -0.15902493391662553
 -0.20548080397653548
 -0.21374941818889681
 -0.18457361122161461
 -0.21029448611402854
 -0.12422095989590243
 -0.13835845158881169
 -0.10000000000000001
 -0.16137270612570737
 -0.15728939815404869
 -0.15629337330867354
 -0.10000000000000001
 -0.13835845158881172
 -0.21029448611402848
 -0.18457361122161459
 -0.21374941818889676
 -0.15728939815404872
 -0.16137270612570739
 -0.22126493621479904
 -0.20126535340332863
 -0.16458276412694639
 -0.18628284565385084
 -0.18483460173909713
 -0.1759850823097088
 -0.15122332158575219
 -0.13388816162247888
 -0.13605276438081765
 -0.051590829569532863
 -0.098844001701077974
 -0.059906284627205486
 -0.13226389739461913
 -0.12794821000139026
 0
 -0.050263122422166039
 -0.048831206142572789
 -0.049520711553437666
 0
 -0.093038959600763887
 -0.12640584860663662
 0
 -0.049520711553437666
 -0.051590829569532884
 -0.050263122422166052
 0
 -0.093038959600763887
 -0.12794821000139026
 -0.059906284627205521
 -0.098844001701078002
 -0.16458276412694645
 -0.13605276438081768
 -0.13388816162247894
 -0.13226389739461913
 -0.15122332158575219
 -0.18483460173909722
 -0.18628284565385086
 -0.20126535340332868
 -0.22126493621479912
 -0.1759850823097088


