# Created by Octave 5.1.0, Fri Feb 14 16:55:17 2020 GMT <unknown@Thomas-PC>
# name: u_sol
# type: matrix
# rows: 578
# columns: 1
 0.010535124919216004
 -0.010535124919216213
 0
 0
 -1.2765092098821483e-16
 -0.01610480008870489
 0
 0.016104800088704747
 -5.8988488263777975e-17
 0.01740772490109652
 -1.0824228408837429e-16
 -0.0090242901169267486
 -0.017407724901096776
 0.0090242901169265317
 0.0093223411631570587
 -0.0051305423231425545
 -0.037172555484687023
 -0.01490566034183456
 0
 -2.8176689083022803e-17
 0
 0.014905660341834506
 0.03717255548468696
 0.0051305423231424261
 -0.0093223411631572634
 0.012139570597702752
 -0.0079925703513287812
 -0.011947024572132769
 -1.2375366417023175e-16
 0.00049112678079314036
 -0.00024288043717069809
 -0.0014984228197107256
 -0.0028104079333050379
 -8.3392900394912156e-17
 0.00024288043717043788
 -0.00049112678079338279
 0.011947024572132538
 0.007992570351328547
 -0.012139570597702971
 0.0028104079333048189
 0.0014984228197105537
 0.0091119589050539969
 0.012241835943540154
 -0.0098526377767239482
 0.0026635192345633306
 -0.001607246371113741
 0.0031899963834866193
 -0.0021982547920976559
 -0.02924224233622259
 -0.020531986403853605
 -0.019619276502493462
 -0.025538789669146827
 -0.033800333882654063
 -0.012288120268292886
 -0.005667512758437407
 0
 -0.010709342046332556
 -1.3578237959192787e-17
 -0.0047419369877209367
 0
 -0.0067552922225993109
 -4.2515668736534948e-17
 0
 0.0047419369877209116
 0.019619276502493434
 0.010709342046332532
 0
 0.0067552922225992563
 0.0056675127584373203
 0.033800333882654035
 0.025538789669146768
 0.0098526377767238094
 0.020531986403853508
 0.029242242336222482
 0.012288120268292797
 0.0021982547920975344
 0.001607246371113564
 -0.0026635192345635071
 -0.012241835943540363
 -0.0091119589050542085
 -0.0031899963834867923
 0.01091316540019021
 -0.0042345773641604568
 -0.002903043493044025
 -0.0022510163325231004
 -0.0053596829485498352
 0.01267107828975215
 -0.013158868032457555
 -0.011803125465820786
 -0.0097097694920091435
 -1.2713520511790939e-16
 0.00030290345979735924
 -8.7273997459082035e-05
 -0.0005553109593243379
 0.00011265448095881998
 -1.1750159900865883e-16
 -0.00055166339685420313
 0.0012301729210178226
 0.0055335872448465679
 3.0339907542098108e-05
 -0.00072963788994824432
 -7.0286927550756016e-17
 -0.0053975315291019598
 -0.0026246463962097885
 -0.0044829134266051425
 -9.7084755777045284e-17
 -0.0011737329037473496
 -0.0011331344168650306
 -0.00086197366575426534
 -0.0017190429371897287
 -0.0044474245807198526
 8.7273997458822694e-05
 -0.00030290345979761425
 -0.0055335872448468151
 -0.0012301729210180742
 0.00055166339685394639
 -0.00011265448095906534
 0.00055531095932410328
 0.0029030434930437977
 0.0042345773641602278
 -0.010913165400190423
 0.0097097694920089146
 0.011803125465820564
 0.013158868032457327
 -0.012671078289752389
 0.0053596829485496062
 0.0022510163325228602
 0.00072963788994807519
 -3.0339907542239379e-05
 0.0011331344168648133
 0.0011737329037471557
 0.0044829134266049404
 0.002624646396209589
 0.0053975315291017404
 0.00086197366575402508
 0.004447424580719621
 0.0017190429371894923
 0.001768841109418719
 0.010831244684361207
 0.011380745840427529
 0.01315336214830911
 0.011227863247851258
 0.01396040110395028
 0.011568024108559689
 -0.012906393022835163
 -0.0058839482093190169
 -0.0087708448640527979
 -0.0018384384052599887
 -0.0035113012949148405
 -0.0072208139038170086
 0.0046921506590142286
 0.00091873827340460679
 0.0069382351244411077
 -0.00021162853949002432
 -0.0010552649516276302
 0.0066615783120111995
 0.0023572295980658093
 -0.0035184108061853936
 -0.00045537447842081542
 -0.00089057078625032812
 0.0081513148534590272
 0.0034191750149839368
 0.0080793361911850568
 -0.023035186067069675
 -0.019364673326114919
 -0.029251786789568093
 -0.024988823612609276
 -0.034166015076815055
 -0.015643797217074765
 -0.012177094001011756
 -0.015494013859755922
 -0.026231675728200381
 -0.024048570747559138
 -0.019901042418841171
 -0.02434547300584056
 -0.018568663087133983
 -0.037446699395531947
 -0.030925705277187854
 -0.031514756017766946
 -0.0041652280990830291
 -0.0020991477416926196
 -0.0091171345936026833
 -0.0064682159920577079
 -0.01022149849087
 -0.0087837206878975047
 -0.014329175338567543
 -0.024025098420253369
 -0.018956913335595103
 -0.016226146506736965
 0
 -0.011158224469400891
 -0.0059729523024960969
 -0.0082151481475514453
 0
 -0.014635218447231389
 -0.013737869044109612
 -6.5519213822516562e-18
 -0.001263286175821658
 0
 -0.0029874470813324666
 -0.0022945739114056435
 -2.1263653660559901e-17
 0
 -0.0026235776556261295
 -0.0041590661333496546
 -0.0028028818067445055
 -5.0939199644245516e-17
 -0.01056699002422002
 -0.0065675216410314291
 -3.4920030472705413e-17
 -0.0032199477921925641
 -0.0032950170884710147
 -0.0074885813241110698
 -0.006149695460569286
 -0.00966809100084794
 0
 0.0012632861758216454
 0.004159066133349645
 0.002623577655626117
 0
 0.0022945739114056179
 0.0029874470813324241
 0.01549401385975591
 0.011158224469400882
 0
 0.013737869044109573
 0.014635218447231365
 0.018568663087133945
 0
 0.0082151481475514349
 0.0059729523024960865
 0.0028028818067444197
 0.0020991477416925177
 0.0032950170884709588
 0.0032199477921924947
 0.010221498490869927
 0.006567521641031358
 0.010566990024219966
 0.0074885813241110481
 0.0096680910008479018
 0.006149695460569247
 0.024048570747559124
 0.026231675728200354
 0.03151475601776689
 0.030925705277187812
 0.037446699395531899
 0.024345473005840518
 0.019901042418841115
 0.012906393022835021
 0.019364673326114797
 0.023035186067069547
 0.012177094001011645
 0.015643797217074647
 0.0072208139038168768
 0.034166015076814972
 0.024988823612609172
 0.029251786789568014
 0.0041652280990829267
 0.0010552649516275101
 0.01432917533856747
 0.0087837206878974179
 0.003518410806185267
 0.0064682159920576038
 0.009117134593602574
 0.024025098420253292
 0.016226146506736872
 0.018956913335595033
 0.0087708448640526349
 0.0058839482093188565
 -0.0069382351244413037
 -0.00091873827340478026
 -0.0046921506590144185
 0.0035113012949146869
 0.0018384384052598343
 -0.010831244684361438
 -0.0017688411094189498
 -0.011568024108559906
 -0.013960401103950505
 -0.011227863247851468
 -0.013153362148309323
 -0.011380745840427742
 0.00021162853948987774
 0.00089057078625017633
 0.00045537447842066754
 -0.0023572295980659832
 -0.0066615783120113946
 -0.0081513148534592302
 -0.0080793361911852511
 -0.0034191750149841146
 -0.17989296785657516
 -0.17989296785657516
 0
 0
 -0.10000000000000001
 -0.13026065935396694
 0
 -0.13026065935396683
 -0.13272511251484431
 -0.045096189432334205
 -0.13340097315837421
 -0.13852878350923117
 -0.045096189432334205
 -0.13852878350923123
 -0.15973414328819244
 -0.13558663811125521
 -0.086374937374121066
 -0.084930757228411369
 0
 -0.083325322844215899
 0
 -0.084930757228411355
 -0.086374937374120997
 -0.13558663811125515
 -0.15973414328819235
 -0.15132520832798996
 -0.11417171079674224
 -0.15321122351583091
 -0.12049497363109338
 -0.11839838588121016
 -0.10000000000000001
 -0.13971734998123203
 -0.13411306705322976
 -0.13841006537944855
 -0.10000000000000001
 -0.11839838588121017
 -0.15321122351583094
 -0.11417171079674229
 -0.15132520832798999
 -0.13411306705322978
 -0.13971734998123209
 -0.17224925470897157
 -0.15439080830296922
 -0.13726317257434503
 -0.14974805934927232
 -0.14625347301594316
 -0.14381935588741479
 -0.13296252557754898
 -0.1113383817536214
 -0.11645318243792052
 -0.04618765553045677
 -0.0863318127243905
 -0.053184671277328135
 -0.11563328957084024
 -0.11391678995875611
 0
 -0.045269423137737873
 -0.044869406285937039
 -0.045081151895098787
 0
 -0.0838816081224385
 -0.1132193313536268
 0
 -0.045081151895098794
 -0.046187655530456749
 -0.045269423137737866
 0
 -0.083881608122438514
 -0.11391678995875611
 -0.053184671277328101
 -0.086331812724390458
 -0.13726317257434498
 -0.11645318243792048
 -0.1113383817536213
 -0.11563328957084021
 -0.13296252557754898
