# Created by Octave 5.1.0, Fri Feb 14 17:44:54 2020 GMT <unknown@Thomas-PC>
# name: u_sol
# type: matrix
# rows: 2178
# columns: 1
 0.014243473926589804
 -0.014243473926589759
 0
 0
 2.2575111173611129e-17
 -0.016980494771392317
 0
 0.016980494771392341
 1.1806765643889476e-17
 0.020428225313065183
 1.7427654814514812e-17
 -0.008953307373803291
 -0.020428225313065141
 0.0089533073738033257
 0.0082473383747312147
 -0.0051752836328823109
 -0.038664684572179399
 -0.015336062897247774
 0
 5.3764436822800753e-18
 0
 0.015336062897247784
 0.038664684572179413
 0.0051752836328823335
 -0.00824733837473118
 0.017104225064059116
 -0.0070709859913458406
 -0.010323923821530074
 2.0503429415540362e-17
 -8.0969285847927431e-07
 0.0018399761923447581
 -0.0017606772676287271
 -0.0033381749877273497
 1.4923176568135917e-17
 -0.001839976192344713
 8.0969285851922716e-07
 0.010323923821530114
 0.0070709859913458805
 -0.017104225064059071
 0.0033381749877273844
 0.0017606772676287566
 0.0063666990800051301
 0.011710284098346065
 -0.010237563737949044
 0.002304190436122117
 -0.0023678410016324458
 0.0032464826317634907
 -0.0020817505514009673
 -0.030467621682628791
 -0.021175898875231636
 -0.020652358071098709
 -0.026478608172143307
 -0.035348104865443847
 -0.012469943174085974
 -0.0056069228835510503
 0
 -0.011100493380471843
 2.527407271470502e-18
 -0.0048538366224069674
 0
 -0.006861849366982406
 8.7037936088807029e-18
 0
 0.0048538366224069726
 0.020652358071098713
 0.011100493380471846
 0
 0.0068618493669824164
 0.0056069228835510668
 0.035348104865443854
 0.026478608172143318
 0.010237563737949066
 0.02117589887523165
 0.030467621682628808
 0.012469943174085988
 0.0020817505514009902
 0.0023678410016324744
 -0.0023041904361220879
 -0.011710284098346031
 -0.0063666990800050902
 -0.0032464826317634612
 0.014712760126892965
 -0.0011594148226416942
 0.00079819726438234973
 -0.0011127005442670822
 -0.003761786529648981
 0.01932769703465078
 -0.012547664341694872
 -0.01088771085555601
 -0.0093145073242204869
 2.1460326010108999e-17
 0.00081300800022571034
 0.00092598070983827916
 -0.00088336703768654629
 8.0813918065915797e-05
 1.9125572605882647e-17
 0.0020765528494521793
 0.0020299893857543909
 0.0047151775273710081
 -2.2365546859542974e-05
 -0.00086851856053823896
 1.3377100628861165e-17
 -0.0059295217913824059
 -0.0030245859800755717
 -0.0048880399158739993
 1.612991038832666e-17
 -0.001409450304501418
 -0.0014511890432743677
 -0.0014989555641176599
 -0.0023202526515886824
 -0.0050693695598382788
 -0.00092598070983823384
 -0.0008130080002256674
 -0.0047151775273709656
 -0.0020299893857543489
 -0.0020765528494521338
 -8.0813918065875505e-05
 0.00088336703768658402
 -0.00079819726438230701
 0.001159414822641737
 -0.01471276012689292
 0.0093145073242205233
 0.01088771085555605
 0.012547664341694909
 -0.019327697034650732
 0.0037617865296490243
 0.0011127005442671243
 0.00086851856053826856
 2.236554685956951e-05
 0.0014511890432744024
 0.0014094503045014503
 0.0048880399158740323
 0.0030245859800756038
 0.0059295217913824414
 0.0014989555641176996
 0.005069369559838317
 0.0023202526515887201
 -0.0021759356123840757
 0.0085131906623194045
 0.010612381238916915
 0.011865400011861016
 0.0095556389012758595
 0.013069782414424922
 0.011206717436747572
 -0.013504947321647153
 -0.0064638860915871644
 -0.0095459429241150692
 -0.0020299925732294227
 -0.0038939201786102455
 -0.0074294719563231405
 0.0038663268204219572
 0.00036905765609892026
 0.0063603320915997354
 -5.5161961278734526e-05
 -0.00097910696894819987
 0.0067154334475822306
 0.0026284095047018935
 -0.0034333476830861512
 -0.0002977651223840904
 -0.00088314492563957062
 0.0077657642953587232
 0.003243884237425069
 0.0078623671773166322
 -0.024112742632472157
 -0.020128788514187562
 -0.030322078944573793
 -0.025906624102163153
 -0.035529337259638458
 -0.016145539067903246
 -0.012444297108982332
 -0.01672129581320107
 -0.027584290772864721
 -0.025336534910717506
 -0.020572331970904561
 -0.025383975575102365
 -0.01931047958892421
 -0.039029071305842669
 -0.032258835205838832
 -0.032732381584529388
 -0.0040369177122279928
 -0.0019645581621926937
 -0.0091854053217312014
 -0.0064035345945942486
 -0.010366199189751473
 -0.0088124818474941587
 -0.014646414508965488
 -0.024822235525330201
 -0.019497208638527563
 -0.016619429815596259
 0
 -0.011783292280931586
 -0.0061729666380684022
 -0.0085672736984653899
 0
 -0.015292270514779412
 -0.014209081397269323
 8.139384360291172e-19
 -0.0012903501496096289
 0
 -0.003040237829802389
 -0.0023424353552607222
 3.7862129240722709e-18
 0
 -0.0026805783921065507
 -0.0042683440837784827
 -0.0027272040309406706
 1.0352790588637507e-17
 -0.010804655994021773
 -0.006601199641708278
 6.9020389692905881e-18
 -0.0032073876382694329
 -0.0033278980968476789
 -0.0077068152198709354
 -0.0062839169860619366
 -0.0099364537559735715
 0
 0.0012903501496096305
 0.0042683440837784853
 0.0026805783921065533
 0
 0.0023424353552607266
 0.0030402378298023968
 0.016721295813201073
 0.01178329228093159
 0
 0.01420908139726933
 0.015292270514779417
 0.019310479588924217
 0
 0.0085672736984653934
 0.0061729666380684056
 0.0027272040309406875
 0.001964558162192714
 0.0033278980968476893
 0.0032073876382694468
 0.010366199189751485
 0.006601199641708291
 0.010804655994021783
 0.0077068152198709406
 0.0099364537559735802
 0.0062839169860619444
 0.025336534910717509
 0.027584290772864728
 0.032732381584529395
 0.032258835205838839
 0.039029071305842683
 0.025383975575102372
 0.020572331970904571
 0.013504947321647176
 0.02012878851418758
 0.024112742632472175
 0.012444297108982349
 0.016145539067903263
 0.0074294719563231621
 0.035529337259638472
 0.02590662410216317
 0.030322078944573807
 0.0040369177122280128
 0.00097910696894822329
 0.0146464145089655
 0.0088124818474941743
 0.0034333476830861734
 0.0064035345945942668
 0.0091854053217312204
 0.024822235525330211
 0.016619429815596273
 0.019497208638527573
 0.0095459429241150934
 0.0064638860915871895
 -0.0063603320915997033
 -0.0003690576560988912
 -0.0038663268204219251
 0.003893920178610271
 0.0020299925732294483
 -0.0085131906623193646
 0.0021759356123841186
 -0.011206717436747537
 -0.013069782414424885
 -0.009555638901275823
 -0.011865400011860979
 -0.01061238123891688
 5.5161961278760655e-05
 0.00088314492563959621
 0.00029776512238411626
 -0.002628409504701864
 -0.0067154334475821977
 -0.0077657642953586912
 -0.0078623671773165992
 -0.0032438842374250395
 0.014247826833432441
 0.0075166620935663729
 0.0077378338887442808
 0.0067883009916136086
 0.0072600291530477753
 0.015715277447173034
 -0.0056283297311339256
 -4.8756258432690767e-05
 -0.0067312217275761208
 0.0046770215790948875
 0.0028526835666589064
 0.018485404108791136
 -0.0075882845248149335
 -0.0039560339216540771
 -0.0046797969416765518
 0.018531112459028203
 0.0043681809025509118
 0.0058693824109881439
 -0.011041071289173603
 -0.011268745759883259
 -0.0094115990657695631
 -0.01092597678855042
 -0.012181403537954149
 -0.012577896829447502
 -0.0085691478253342619
 -0.010863685180139367
 -0.0097089013931679607
 -0.0025038955914074572
 -0.0083205617001440944
 -0.007773079534427102
 2.2371738341539054e-17
 0.00045420302698302522
 0.00045634464343698075
 0.00024823325083371799
 0.00038895275506806501
 2.0718682578292483e-17
 0.0013986112697159936
 0.00093740906239506952
 0.0014848040218989761
 -0.00058771387975326873
 -0.00041076163096854422
 1.8196289955303124e-17
 8.9116965110414172e-05
 -0.00041757765255345504
 -0.00074547049818313009
 1.9908231882106858e-17
 -0.00018798897293250514
 4.5125377299219366e-05
 0.0040111995227681994
 0.0056656878871311966
 0.010225552208866751
 0.0021736252472168275
 0.0032357411514346898
 0.0021472033868996632
 0.0016290541147585241
 0.0031467013941896354
 0.0012339916982893903
 0.00051737461479696488
 0.00083690093759123882
 0.0013251081051304089
 0.00020771915394978397
 -2.5069491349941643e-05
 1.263630512015766e-17
 -0.0013110519830754515
 -0.0004719665322333038
