# Created by Octave 5.1.0, Fri Feb 21 12:35:49 2020 GMT <unknown@DESKTOP-8DF2H9O>
# name: contactConvergence
# type: matrix
# rows: 2
# columns: 1
 7.3317436139173751
 4.3389257555745521e-20


