# Created by Octave 5.1.0, Sat Feb 15 03:27:05 2020 GMT <unknown@Thomas-PC>
# name: contactConvergence
# type: matrix
# rows: 2
# columns: 1
 3.0359180484040778
 1.6786335437148733e-18


