# Created by Octave 5.1.0, Sat Feb 15 03:55:59 2020 GMT <unknown@Thomas-PC>
# name: contactConvergence
# type: matrix
# rows: 2
# columns: 1
 3.958656417790527
 9.283740789271966e-19


