# Created by Octave 5.1.0, Sat Feb 15 03:16:39 2020 GMT <unknown@Thomas-PC>
# name: contactConvergence
# type: matrix
# rows: 2
# columns: 1
 5.1338433820459146
 2.0978681678024108e-17


