# Created by Octave 5.1.0, Fri Feb 21 11:45:59 2020 GMT <unknown@DESKTOP-8DF2H9O>
# name: contactConvergence
# type: matrix
# rows: 2
# columns: 1
 5.3278977482459364
 3.7407088714734159e-19


