# Created by Octave 5.1.0, Sat Feb 15 03:27:05 2020 GMT <unknown@Thomas-PC>
# name: equilibriumConvergence
# type: matrix
# rows: 2
# columns: 1
 2.6787025154052904
 1.1012592235325394e-14


