# Created by Octave 5.1.0, Fri Feb 21 12:35:49 2020 GMT <unknown@DESKTOP-8DF2H9O>
# name: equilibriumConvergence
# type: matrix
# rows: 2
# columns: 1
 0.86775248055042842
 2.4110360784168884e-11


