# Created by Octave 5.1.0, Sat Feb 15 03:55:59 2020 GMT <unknown@Thomas-PC>
# name: equilibriumConvergence
# type: matrix
# rows: 2
# columns: 1
 1.8151338731738293
 2.0309823524057362e-14


