# Created by Octave 5.1.0, Fri Feb 21 11:45:59 2020 GMT <unknown@DESKTOP-8DF2H9O>
# name: equilibriumConvergence
# type: matrix
# rows: 2
# columns: 1
 1.248065837521706
 1.0867437321686594e-13


