# Created by Octave 5.1.0, Sat Feb 15 03:27:05 2020 GMT <unknown@Thomas-PC>
# name: lambda_sol
# type: matrix
# rows: 17
# columns: 1
 0
 0
 0
 0
 0
 -20.853172895394508
 -10.874980499797115
 -9.4540451267260686
 -9.4441899901517097
 -9.4540451267260686
 -10.874980499797115
 -20.853172895394504
 0
 0
 0
 0
 0


