# Created by Octave 5.1.0, Sat Feb 15 03:55:59 2020 GMT <unknown@Thomas-PC>
# name: lambda_sol
# type: matrix
# rows: 33
# columns: 1
 0
 0
 0
 0
 0
 0
 0
 0
 0
 -28.155914056890708
 -13.518267688247347
 -11.061781592313798
 -10.061170852473344
 -9.542162533246163
 -9.2523338942493307
 -9.1153843704423583
 -9.0966355103343393
 -9.1153843704423565
 -9.2523338942493396
 -9.542162533246163
 -10.061170852473341
 -11.061781592313816
 -13.518267688247358
 -28.155914056890715
 0
 0
 0
 0
 0
 0
 0
 0
 0


