# Created by Octave 5.1.0, Fri Feb 21 11:45:59 2020 GMT <unknown@DESKTOP-8DF2H9O>
# name: lambda_sol
# type: matrix
# rows: 65
# columns: 1
 0
 0
 0
 0
 0
 0
 0
 0
 0
 0
 0
 0
 0
 0
 0
 0
 0
 -38.814409366419909
 -17.741437576158006
 -13.965394366478497
 -12.289965144779432
 -11.315973009876915
 -10.667947967516319
 -10.205946441591585
 -9.863910381898032
 -9.6053356771295846
 -9.4079909951394374
 -9.2575585576097357
 -9.144593945657169
 -9.0629994074842362
 -9.0094913949710733
 -8.9846963615981217
 -8.9560876182352516
 -8.9846963615981146
 -9.0094913949710556
 -9.0629994074842077
 -9.144593945657153
 -9.2575585576096895
 -9.4079909951393894
 -9.605335677129526
 -9.8639103818979628
 -10.205946441591506
 -10.66794796751625
 -11.315973009876817
 -12.289965144779298
 -13.965394366478371
 -17.741437576157775
 -38.814409366419468
 0
 0
 0
 0
 0
 0
 0
 0
 0
 0
 0
 0
 0
 0
 0
 0
 0


