# Created by Octave 5.1.0, Fri Feb 21 12:35:49 2020 GMT <unknown@DESKTOP-8DF2H9O>
# name: lambda_sol
# type: matrix
# rows: 129
# columns: 1
 0
 0
 0
 0
 0
 0
 0
 0
 0
 0
 0
 0
 0
 0
 0
 0
 0
 0
 0
 0
 0
 0
 0
 0
 0
 0
 0
 0
 0
 0
 0
 0
 0
 -54.16447684264034
 -24.100475603812928
 -18.545823389496164
 -15.993890051972809
 -14.454873557963563
 -13.391826331318523
 -12.602975990310165
 -11.992051612180504
 -11.505116010701371
 -11.108696619101403
 -10.780609722827624
 -10.505476528810684
 -10.272274140391826
 -10.072890313382254
 -9.9012230459857307
 -9.7525967875428154
 -9.6233719330036624
 -9.5106767923810107
 -9.4122195286761734
 -9.3261536631255115
 -9.2509802966613019
 -9.1854760522384371
 -9.1286394456574147
 -9.0796508203105155
 -9.0378426742003946
 -9.0026785691431002
 -8.9737403249959602
 -8.9507259468804001
 -8.9334684193348846
 -8.9220151481178913
 -8.9169678672235158
 -8.8970156538133516
 -8.9169678672257771
 -8.9220151481224583
 -8.9334684193417822
 -8.9507259468896745
 -8.9737403250076824
 -9.0026785691573536
 -9.0378426742172877
 -9.0796508203302437
 -9.1286394456800526
 -9.1854760522642369
 -9.2509802966904857
 -9.326153663158351
 -9.4122195287129902
 -9.5106767924221867
 -9.6233719330496363
 -9.7525967875941166
 -9.9012230460429791
 -10.072890313446191
 -10.272274140463333
 -10.505476528890897
 -10.780609722917763
 -11.108696619203151
 -11.505116010816746
 -11.992051612312101
 -12.602975990461402
 -13.39182633149402
 -14.454873558170146
 -15.993890052221513
 -18.54582338980935
 -24.100475604253973
 -54.164476843713544
 0
 0
 0
 0
 0
 0
 0
 0
 0
 0
 0
 0
 0
 0
 0
 0
 0
 0
 0
 0
 0
 0
 0
 0
 0
 0
 0
 0
 0
 0
 0
 0
 0


