# Created by Octave 5.1.0, Sat Feb 15 03:27:05 2020 GMT <unknown@Thomas-PC>
# name: u_sol
# type: matrix
# rows: 578
# columns: 1
 0.027793403787789737
 -0.027793403787789456
 0
 0
 1.3461675724349685e-16
 -0.022620804295400615
 0
 0.022620804295400757
 7.6464438341491132e-17
 0.032165666640913568
 1.1273556307063675e-16
 -0.015910634174635681
 -0.032165666640913297
 0.01591063417463591
 0.0051770621156920485
 -0.0035685867862734469
 -0.050690000934584187
 -0.018688759741437428
 0
 2.9161475135685464e-17
 0
 0.018688759741437494
 0.050690000934584263
 0.0035685867862735917
 -0.0051770621156918186
 0.029328190594013641
 -0.010406258065151061
 -0.0046646467138184537
 1.2362881797745798e-16
 -0.0039187403147568278
 0.019096683324187097
 -0.0062898698862045013
 -0.0099017923855319236
 9.6856449126598359e-17
 -0.01909668332418683
 0.0039187403147570802
 0.0046646467138187122
 0.010406258065151318
 -0.02932819059401336
 0.0099017923855321491
 0.0062898698862046904
 -0.0013648395385227048
 0.012853287893843893
 -0.011646095786942232
 0.0041458808818208518
 -0.0048839093389647752
 0.0084115326954297704
 -8.0666135752352681e-05
 -0.039732796324959657
 -0.026194804903184363
 -0.026250045586391598
 -0.033664898202973172
 -0.046415955577775919
 -0.014189495386818841
 -0.0058907682032462933
 0
 -0.013753053271949558
 1.2175906592404224e-17
 -0.0058509659004224116
 0
 -0.0080597544126825814
 5.2716876508737741e-17
 0
 0.0058509659004224385
 0.026250045586391629
 0.013753053271949586
 0
 0.0080597544126826438
 0.0058907682032463982
 0.046415955577775954
 0.033664898202973241
 0.011646095786942371
 0.026194804903184467
 0.039732796324959761
 0.014189495386818945
 8.0666135752504632e-05
 0.0048839093389649686
 -0.0041458808818206575
 -0.012853287893843659
 0.0013648395385229639
 -0.0084115326954295761
 0.027839735469277586
 0.0090324329037314837
 0.010950994336551232
 0.0029097757055505423
 0.0062636031542893109
 0.031413300319218622
 -0.014286523961410587
 -0.0079069985209070243
 -0.01558452324431317
 1.2683277167731779e-16
 0.0043050367051734352
 0.0084481198647108867
 -0.0039665313529008445
 -0.0007420612148205533
 1.1901156810751275e-16
 0.034905147413175894
 0.0072375820320537817
 0.0024926417687584496
 -0.0019653364251678565
 -0.0034515010991694162
 8.7066256832534495e-17
 -0.01412116628015009
 -0.0087214466227298389
 -0.011877971207446289
 1.0498495103044745e-16
 -0.0045829606716292562
 -0.0049674563448842265
 -0.0094599995852404535
 -0.0088459227082109092
 -0.013855517029992177
 -0.008448119864710623
 -0.0043050367051731837
 -0.0024926417687581824
 -0.007237582032053518
 -0.034905147413175616
 0.00074206121482080266
 0.0039665313529010839
 -0.010950994336550961
 -0.0090324329037312148
 -0.027839735469277302
 0.015584523244313416
 0.007906998520907281
 0.014286523961410835
 -0.031413300319218351
 -0.0062636031542890437
 -0.0029097757055502787
 0.0034515010991696075
 0.0019653364251680291
 0.0049674563448844529
 0.0045829606716294678
 0.011877971207446497
 0.0087214466227300488
 0.014121166280150317
 0.0094599995852407033
 0.013855517029992423
 0.0088459227082111486
 -0.012669490225637133
 0.0016935597819361682
 0.0095049733433988128
 0.0083589190143983551
 0.0045050443002133513
 0.011574279456919566
 0.015201744837428276
 -0.016955009731827769
 -0.0079695212028899013
 -0.013325549785804743
 0.00025797661796453548
 -0.0033557066930847822
 -0.0070841035706915301
 0.0016543910989854074
 0.00010988342829126516
 0.0063229738245509804
 0.0032125565010447301
 0.00022759210721511438
 0.013135453559434185
 0.0081183693240254786
 -0.0012545483525090925
 0.0035487001575416378
 0.0026064707604787607
 0.0099300309661759546
 0.0070148332854142988
 0.012342820418956048
 -0.031480536492591402
 -0.025408264488379999
 -0.039004102970055014
 -0.033035107592004835
 -0.046457861930643003
 -0.019395891175644754
 -0.01393889748362058
 -0.021127492654785168
 -0.035648231748063509
 -0.033154561724954512
 -0.025623821410002464
 -0.032387617174541049
 -0.024205683930816378
 -0.051238531115095041
 -0.04181502185439042
 -0.042343457141478649
 -0.0033817971996259561
 -0.0016151547344789667
 -0.0093863614668859841
 -0.0058897589442607106
 -0.012015347702380039
 -0.0095839566049480164
 -0.017453305812000337
 -0.031248630115147117
 -0.023913159460042629
 -0.019780391510879694
 0
 -0.014968090510006731
 -0.0076787035378265466
 -0.010799630911722393
 0
 -0.019205031897031571
 -0.01750483915442981
 5.1030882350082687e-18
 -0.001537876145700223
 0
 -0.0036004840792906233
 -0.0027952955662074574
 2.0240421929050079e-17
 0
 -0.0032366454782848486
 -0.0052298524366812052
 -0.0028306556556533685
 6.5172556685585883e-17
 -0.012899998406488672
 -0.0074887330443834431
 4.1355871508721373e-17
 -0.0036001116901451693
 -0.0038715285310175519
 -0.0094126608817013714
 -0.0075110571924263811
 -0.012041966930976955
 0
 0.0015378761457002341
 0.0052298524366812156
 0.003236645478284859
 0
 0.002795295566207483
 0.0036004840792906627
 0.021127492654785182
 0.014968090510006743
 0
 0.017504839154429859
 0.019205031897031603
 0.02420568393081643
 0
 0.010799630911722407
 0.0076787035378265596
 0.0028306556556534734
 0.0016151547344790973
 0.0038715285310176126
 0.0036001116901452509
 0.012015347702380122
 0.0074887330443835238
 0.012899998406488736
 0.0094126608817013992
 0.012041966930977
 0.0075110571924264262
 0.03315456172495454
 0.035648231748063544
 0.042343457141478726
 0.041815021854390483
 0.051238531115095104
 0.032387617174541104
 0.025623821410002533
 0.016955009731827911
 0.025408264488380121
 0.031480536492591527
 0.013938897483620701
 0.019395891175644879
 0.0070841035706916732
 0.046457861930643093
 0.033035107592004939
 0.039004102970055098
 0.0033817971996260854
 -0.00022759210721496205
 0.017453305812000421
 0.0095839566049481205
 0.0012545483525092404
 0.0058897589442608372
 0.0093863614668861072
 0.031248630115147207
 0.019780391510879798
 0.023913159460042716
 0.01332554978580491
 0.0079695212028900678
 -0.0063229738245507679
 -0.00010988342829106826
 -0.0016543910989851949
 0.0033557066930849514
 -0.00025797661796436808
 -0.0016935597819359095
 0.012669490225637403
 -0.015201744837428043
 -0.011574279456919318
 -0.004505044300213105
 -0.0083589190143981053
 -0.009504973343398582
 -0.0032125565010445592
 -0.002606470760478592
 -0.0035487001575414661
 -0.0081183693240252895
 -0.013135453559433973
 -0.0099300309661757413
 -0.012342820418955829
 -0.0070148332854141045
 -0.28307590332325144
 -0.28307590332325139
 0
 0
 -0.10000000000000001
 -0.19298394254917509
 0
 -0.19298394254917517
 -0.1793412058381352
 -0.1864645447167598
 -0.16711076825690996
 -0.20783813006430066
 -0.1864645447167598
 -0.20783813006430063
 -0.24904742849929032
 -0.19172764182453425
 -0.12289402578155405
 -0.11860942772702825
 0
 -0.11414198820322591
 0
 -0.11860942772702826
 -0.1228940257815541
 -0.19172764182453428
 -0.2490474284992904
 -0.25225897608009124
 -0.19809965619619496
 -0.24792854849981416
 -0.13590442933761948
 -0.14572708505135026
 -0.10000000000000002
 -0.18946665265302437
 -0.17770855402787034
 -0.18273560299028888
 -0.10000000000000001
 -0.14572708505135029
 -0.24792854849981413
 -0.19809965619619493
 -0.25225897608009118
 -0.17770855402787034
 -0.18946665265302434
 -0.27182811446520894
 -0.23837778336560994
 -0.1996037638604202
 -0.22304127036224294
 -0.22235621109070092
 -0.20675562109207993
 -0.18202166722369059
 -0.1612051539030232
 -0.16661456980322728
 -0.064873737166909889
 -0.12217996848360681
 -0.074679663600189433
 -0.16224028147069497
 -0.15667229575849134
 0
 -0.062995754796082243
 -0.061604112054517969
 -0.062136508372444804
 0
 -0.11556694970279818
 -0.15440764437352988
 0
 -0.062136508372444811
 -0.064873737166909903
 -0.062995754796082257
 0
 -0.1155669497027982
 -0.15667229575849134
 -0.074679663600189461
 -0.12217996848360685
 -0.19960376386042025
 -0.16661456980322734
 -0.16120515390302326
 -0.162240281470695
 -0.18202166722369059
 -0.222356211090701
 -0.22304127036224297
