# Created by Octave 5.1.0, Sat Feb 15 03:55:59 2020 GMT <unknown@Thomas-PC>
# name: u_sol
# type: matrix
# rows: 2178
# columns: 1
 0.027372549111538899
 -0.027372549111538649
 0
 0
 9.7098936937175388e-17
 -0.020525602230099763
 0
 0.020525602230099898
 8.0772792914442135e-17
 0.036245866638087321
 1.0305371446966929e-16
 -0.0164262813771032
 -0.036245866638087113
 0.016426281377103419
 0.0082602470435662236
 -0.0030984600637994596
 -0.050361750656703008
 -0.018716445483095066
 0
 3.8426734511227674e-17
 0
 0.018716445483095139
 0.050361750656703085
 0.0030984600637996109
 -0.0082602470435660102
 0.030355918266378009
 -0.011675250566137142
 -0.0068996318998028675
 1.0093227059216882e-16
 -0.0024603710624751772
 0.013355902642601405
 -0.0059462744444319015
 -0.0090049254301615561
 9.7694975528938048e-17
 -0.013355902642601206
 0.0024603710624753914
 0.0068996318998031034
 0.011675250566137375
 -0.030355918266377763
 0.0090049254301617677
 0.0059462744444320941
 0.00044844876977734663
 0.015411836350156515
 -0.010241841849021877
 0.0060122190722505962
 -0.0021577124502727297
 0.0088707654040277965
 -0.00015983797270225684
 -0.038681159253790467
 -0.025508179073662669
 -0.026797085832752036
 -0.033603814180742798
 -0.046743676047266439
 -0.013861952541567468
 -0.0057090006004553058
 0
 -0.01395707362175955
 1.8863534022289256e-17
 -0.0059156287018625048
 0
 -0.0080494838602965437
 5.9529333087783021e-17
 0
 0.0059156287018625429
 0.02679708583275207
 0.013957073621759587
 0
 0.00804948386029662
 0.005709000600455422
 0.04674367604726648
 0.033603814180742868
 0.010241841849022017
 0.025508179073662773
 0.038681159253790572
 0.013861952541567583
 0.00015983797270241649
 0.0021577124502729053
 -0.0060122190722504141
 -0.015411836350156298
 -0.00044844876977711374
 -0.0088707654040276092
 0.027693529564508844
 0.0082076822511781035
 0.010322050050550808
 0.00082750060541364164
 0.004666540733725421
 0.03455343298047879
 -0.016470647857323488
 -0.010357563743574695
 -0.016282429035489831
 9.7874871382223502e-17
 0.0036312451577152063
 0.0059171764098965816
 -0.0032807342970056106
 -0.00039357038935420495
 1.0306575018359709e-16
 0.025887906959052319
 0.0065395901476365554
 0.005188467847137097
 -0.0017204519836799942
 -0.0031521685942769179
 8.9993044973702511e-17
 -0.013413320501491651
 -0.0081653539017216836
 -0.011542492986882133
 1.0167868401703369e-16
 -0.0041759449858722077
 -0.0043959646366157233
 -0.0074214501710989315
 -0.0075177401591021813
 -0.012574256524981755
 -0.0059171764098963865
 -0.0036312451577150059
 -0.0051884678471368784
 -0.0065395901476363507
 -0.025887906959052125
 0.00039357038935441133
 0.0032807342970058188
 -0.010322050050550565
 -0.0082076822511778641
 -0.027693529564508594
 0.01628242903549006
 0.010357563743574929
 0.016470647857323713
 -0.034553432980478561
 -0.0046665407337251816
 -0.00082750060541340745
 0.0031521685942771131
 0.0017204519836801744
 0.0043959646366159314
 0.0041759449858724115
 0.011542492986882334
 0.0081653539017218883
 0.013413320501491867
 0.0074214501710991605
 0.012574256524981979
 0.0075177401591023972
 -0.01203133925457228
 0.0036300366020880289
 0.012431827825773321
 0.011109966659233625
 0.0072456380728566864
 0.014241191198162152
 0.016996853376126917
 -0.015160583526508778
 -0.0059485067310682729
 -0.010905063547009871
 0.0012759733283040351
 -0.0017882130022846506
 -0.0061461613654980162
 0.004655232005291738
 0.0024660290275181932
 0.009034414047566882
 0.0030093585826886232
 0.00011702019352058953
 0.013609725082846268
 0.0080025178306261744
 -0.0011462166519344993
 0.0035651797450038888
 0.0030583564625502988
 0.012160661218056423
 0.0082166699437792121
 0.01380623060220615
 -0.029993210643524663
 -0.024112115395358368
 -0.038469806436269648
 -0.032144493819398309
 -0.045776373464285203
 -0.018375839163277556
 -0.013225434983020177
 -0.022080485322979994
 -0.036207241828788719
 -0.033705336011116908
 -0.025633697488748122
 -0.032646784150966737
 -0.024451007840510266
 -0.051263079517380482
 -0.042003556689977115
 -0.042161456073488625
 -0.0032195795088260397
 -0.0014654514323169199
 -0.0089466304410362896
 -0.0056382609528341752
 -0.011896704039446969
 -0.0093552664795406425
 -0.017294605994586036
 -0.030873579273242198
 -0.0236686395531523
 -0.019293385083381749
 0
 -0.015370358849613713
 -0.0077935723318049658
 -0.011004106100610294
 0
 -0.019550599042603329
 -0.017676753471242968
 9.0037697909580483e-18
 -0.0015616207324148578
 0
 -0.0036196301970685125
 -0.0028265065116652032
 2.9239435344498835e-17
 0
 -0.003277670972019611
 -0.0052972939469480554
 -0.0026988913192919021
 7.0753612110820853e-17
 -0.012911070335067951
 -0.0073871038103773892
 4.8747945446403737e-17
 -0.0035275376566410838
 -0.0038546151633032984
 -0.0095297020302460792
 -0.0075615727811943921
 -0.012143420981120647
 0
 0.0015616207324148737
 0.0052972939469480718
 0.003277670972019627
 0
 0.0028265065116652418
 0.0036196301970685702
 0.022080485322980011
 0.015370358849613732
 0
 0.017676753471243024
 0.019550599042603367
 0.024451007840510318
 0
 0.011004106100610313
 0.0077935723318049823
 0.0026988913192920205
 0.0014654514323170602
 0.0038546151633033756
 0.0035275376566411805
 0.011896704039447065
 0.0073871038103774846
 0.012911070335068027
 0.0095297020302461156
 0.012143420981120702
 0.0075615727811944493
 0.033705336011116929
 0.036207241828788754
 0.042161456073488694
 0.04200355668997717
 0.051263079517380544
 0.032646784150966793
 0.025633697488748199
 0.015160583526508913
 0.024112115395358485
 0.029993210643524781
 0.013225434983020302
 0.018375839163277678
 0.0061461613654981619
 0.045776373464285286
 0.032144493819398413
 0.038469806436269731
 0.0032195795088261776
 -0.00011702019352042812
 0.01729460599458613
 0.009355266479540757
 0.0011462166519346547
 0.0056382609528343106
 0.0089466304410364215
 0.030873579273242285
 0.019293385083381857
 0.023668639553152394
 0.010905063547010024
 0.005948506731068429
 -0.009034414047566686
 -0.0024660290275180124
 -0.0046552320052915454
 0.0017882130022848135
 -0.0012759733283038692
 -0.0036300366020877938
 0.012031339254572523
 -0.016996853376126702
 -0.014241191198161919
 -0.0072456380728564574
 -0.011109966659233391
 -0.012431827825773106
 -0.0030093585826884458
 -0.0030583564625501283
 -0.0035651797450037136
 -0.0080025178306259853
 -0.013609725082846066
 -0.012160661218056226
 -0.013806230602205946
 -0.0082166699437790265
 0.027299015891138079
 0.018997509504948627
 0.019223630462710136
 0.01870869292894636
 0.018868662341901047
 0.02872674204421382
 0.001238291931237307
 0.0093935609892519915
 -0.00037967292091712658
 0.013375422293801772
 0.015628350429765129
 0.036169027745375851
 -0.0060395692502782008
 0.0024676035603048751
 -0.0068201401338664159
 0.032408457777851903
 0.01735729505135394
 0.018300776980358764
 -0.017412159586662319
 -0.016797726743264421
 -0.016800875020949849
 -0.0086839679299097854
 -0.014268540090393998
 -0.012998309789739945
 -0.014669785580175487
 -0.014951199546625282
 -0.011540968617125565
 0.006645541968133448
 -0.0042704358882613702
 -0.0022588206627585576
 9.7601443548321186e-17
 0.0025842908544026627
 0.0028581014540221255
 0.00088212777072945369
 0.0018446311624473802
 9.8638800795572909e-17
 0.0093220041207025886
 0.0052497986536423078
 0.0080544998566650997
 -0.0019746638129390917
 -0.0015667145611379875
 1.0293580703691912e-16
 -0.0011056169727765889
 -0.0020622449276895588
 -0.0035482328430760874
 1.0239373881896497e-16
 -0.00093389985444837845
 -9.2772268240058446e-05
 0.037373291783451258
 0.016194018683677033
 0.013066856679645871
 0.011018048426203752
 0.01400386928209011
 0.018539016322084351
 0.00030373698601393758
 0.0069009525901097563
 0.001682279028697655
 0.0016003558172524935
 0.0019682218059818854
 0.0052712849324595534
 -0.0005184539364551943
 -0.00089975052562682033
 8.526771779963392e-17
 -0.0046151043865914907
 -0.002468264853119205
 -0.0035713844956892365
 9.4086429286044525e-17
