# Created by Octave 5.1.0, Sun Apr 19 00:46:58 2020 GMT <unknown@Thomas-PC>
# name: contactConvergence
# type: matrix
# rows: 5
# columns: 1
 0.052915690293916649
 1.3444736183897797e-05
 1.1482563200678724e-07
 1.5976079006600874e-09
 6.3960202203117061e-12


