# Created by Octave 5.1.0, Sat Apr 18 23:36:23 2020 GMT <unknown@Thomas-PC>
# name: contactConvergence
# type: matrix
# rows: 8
# columns: 1
 0.060280662620845041
 0.27792477872236904
 0.07558588586455843
 0.017915134222492104
 1.4468643597002797e-05
 5.8049492616051804e-08
 3.8232399096117288e-10
 2.5777866711866604e-12


