# Created by Octave 5.1.0, Tue Apr 21 00:48:33 2020 GMT <unknown@Thomas-PC>
# name: contactConvergence
# type: matrix
# rows: 7
# columns: 1
 0.021858016765469432
 0.019099377445244863
 0.00043677438883769632
 5.5789474522407097e-06
 5.2113936815371807e-08
 4.5548290177552318e-10
 3.9817124340001388e-12


