# Created by Octave 5.1.0, Sun Apr 19 23:31:37 2020 GMT <unknown@Thomas-PC>
# name: contactConvergence
# type: matrix
# rows: 17
# columns: 1
 0.018032236332024092
 0.00017517031972536372
 0.0002707075785472564
 0.00025931844334223659
 0.00029808153103852767
 0.00026394700644365312
 0.00029708131411265628
 0.00020813602140953638
 0.00021748284490198861
 0.00020347284220810006
 0.00020366507961903818
 0.00019384785876823613
 0.00015738931353226102
 0.00010706389601103443
 9.1205522526534321e-05
 1.7122339944233133e-10
 6.6452274323599343e-13


