# Created by Octave 5.1.0, Tue Apr 21 00:49:05 2020 GMT <unknown@Thomas-PC>
# name: contactConvergence
# type: matrix
# rows: 7
# columns: 1
 0.052817648886761964
 0.67286197199320541
 0.12769603779876329
 7.6851136953660828e-05
 7.8439778275637105e-07
 6.6157678610574699e-09
 4.4677916531329909e-11


