# Created by Octave 5.1.0, Sun Apr 19 00:23:27 2020 GMT <unknown@Thomas-PC>
# name: contactConvergence
# type: matrix
# rows: 10
# columns: 1
 0.11549428667540812
 0.0001997587337302732
 0.00019986532233938909
 0.0001967407234826159
 0.00020742439511270698
 6.8128470856290378e-06
 4.4169264397568416e-06
 7.1244211403498475e-08
 2.4824947445497585e-10
 3.2767510672603113e-12


