# Created by Octave 5.1.0, Sat Apr 18 23:36:23 2020 GMT <unknown@Thomas-PC>
# name: equilibriumConvergence
# type: matrix
# rows: 8
# columns: 1
 3.0763317535435988
 0.00050029918215641804
 0.00045768843363319439
 2.3815346202202106e-06
 3.4737661977172169e-06
 8.3575003243370787e-09
 7.0352926780242162e-11
 4.7627412645370056e-13


