# Created by Octave 5.1.0, Sun Apr 19 23:31:37 2020 GMT <unknown@Thomas-PC>
# name: equilibriumConvergence
# type: matrix
# rows: 17
# columns: 1
 0.89132430925846362
 5.7818241439821697e-06
 5.691320026072919e-06
 4.3569537972852637e-06
 4.2887861631487197e-06
 4.0885797515751185e-06
 4.0246172478343689e-06
 2.075378455106048e-06
 2.0429484698102996e-06
 1.0544099133791206e-06
 1.0379550995986184e-06
 5.1967568827098414e-07
 2.6041291470919006e-07
 1.3062589937812734e-07
 4.2234102459785854e-09
 1.3589934372630954e-10
 5.6869417794452737e-13


