# Created by Octave 5.1.0, Tue Apr 21 00:49:05 2020 GMT <unknown@Thomas-PC>
# name: equilibriumConvergence
# type: matrix
# rows: 7
# columns: 1
 2.7038907271239849
 0.019712046170261642
 0.0026706629833204792
 6.306038822305991e-05
 2.7080508113387512e-07
 2.1359208147771404e-09
 1.4605776105471392e-11


