# Created by Octave 5.1.0, Sun Apr 19 00:23:27 2020 GMT <unknown@Thomas-PC>
# name: equilibriumConvergence
# type: matrix
# rows: 10
# columns: 1
 2.3208082638039467
 6.1116511619847916e-05
 6.0154512520247956e-05
 5.9207592799864098e-05
 5.827560911371485e-05
 2.8466591183343912e-06
 2.8022881889693735e-06
 4.198701511796236e-08
 1.0951455445944718e-10
 2.3338358602200654e-12


