# Created by Octave 5.1.0, Sun Apr 19 00:46:58 2020 GMT <unknown@Thomas-PC>
# name: equilibriumConvergence
# type: matrix
# rows: 5
# columns: 1
 1.53752235623716
 6.8008373881016794e-05
 8.6653818979131234e-08
 1.2302359201374138e-09
 4.5693040950338296e-12


