# Created by Octave 5.1.0, Tue Apr 21 00:48:33 2020 GMT <unknown@Thomas-PC>
# name: equilibriumConvergence
# type: matrix
# rows: 7
# columns: 1
 1.7740571890277164
 0.004594080749131031
 0.0009122789483152978
 2.4500481107043067e-06
 1.7582959388504214e-08
 1.5345205000069013e-10
 1.3413420883006474e-12


