# Created by Octave 5.1.0, Tue Apr 21 00:48:33 2020 GMT <unknown@Thomas-PC>
# name: lambda_sol
# type: matrix
# rows: 3
# columns: 1
 -0.46779103292729191
 -0.16293416616191739
 0


