# Created by Octave 5.1.0, Tue Apr 21 00:49:05 2020 GMT <unknown@Thomas-PC>
# name: lambda_sol
# type: matrix
# rows: 5
# columns: 1
 0
 0
 -0.71579746423333823
 0
 0


