# Created by Octave 5.1.0, Sat Apr 18 23:36:23 2020 GMT <unknown@Thomas-PC>
# name: lambda_sol
# type: matrix
# rows: 9
# columns: 1
 0
 0
 0
 0
 -0.63270045069538983
 0
 0
 0
 0


