# Created by Octave 5.1.0, Sun Apr 19 00:23:27 2020 GMT <unknown@Thomas-PC>
# name: lambda_sol
# type: matrix
# rows: 17
# columns: 1
 0
 0
 0
 0
 0
 0
 0
 -0.2918946221418105
 -0.58200145713528106
 -0.19049205151016649
 0
 0
 -0.011926770797112601
 0
 0
 -0.0020917145600905379
 -0.020005628356377519


