# Created by Octave 5.1.0, Sun Apr 19 00:46:58 2020 GMT <unknown@Thomas-PC>
# name: lambda_sol
# type: matrix
# rows: 33
# columns: 1
 0
 0
 0
 0
 0
 0
 0
 0
 0
 0
 0
 0
 -0.014137572290350496
 -0.16180998118396703
 -0.28851220408331951
 -0.3871832232670695
 -0.41952875635905384
 -0.36459659304076059
 -0.24425476534907123
 -0.11009514805609197
 -5.1163122565863198e-05
 0
 0
 -0.018567010536323418
 -0.031099152411468507
 -0.005987764657343588
 -0.0024448346070505313
 -0.0015768142418028943
 -0.0015084694927633433
 -0.0017478703339521627
 -0.0021667826916444474
 -0.002814689034872937
 -0.0043917145453023811


