# Created by Octave 5.1.0, Sun Apr 19 23:31:37 2020 GMT <unknown@Thomas-PC>
# name: lambda_sol
# type: matrix
# rows: 65
# columns: 1
 0
 0
 0
 0
 0
 0
 0
 0
 0
 0
 0
 0
 0
 -0.00013891687721018039
 -0.00099330618955501817
 0
 0
 0
 0
 0
 0
 0
 -0.011450937813531081
 -0.047220023035548536
 -0.083649422609540156
 -0.12451063978753109
 -0.168692404409818
 -0.21423816620061681
 -0.25848971888552824
 -0.29814622313764005
 -0.3295381862520721
 -0.3491905864398428
 -0.35457817943012016
 -0.34481206330021119
 -0.32094847180084118
 -0.28575949872969669
 -0.24307527998757358
 -0.19700072698981833
 -0.15129723867101197
 -0.10905308374325731
 -0.072594051124119652
 -0.043507420097769228
 -0.02266909043824691
 -0.010221624346725947
 -0.0054906542805653142
 -0.0068195485415131979
 -0.011272554447965518
 -0.014156575703882894
 -0.0089663388549929279
 -0.0028736099259546459
 -0.0013734178169213041
 -0.00073181935745269665
 -0.00042510337661485424
 -0.00026779589539861672
 -0.00017825771710314216
 -0.00011300411405026393
 -9.2940295318955103e-06
 0
 0
 0
 0
 0
 0
 0
 0


