# Created by Octave 5.1.0, Tue Apr 21 00:48:33 2020 GMT <unknown@Thomas-PC>
# name: u_sol
# type: matrix
# rows: 24
# columns: 1
 0.029456683925001306
 0.043742377538790518
 0.065059250023354526
 -0.040495357379470208
 -0.039880448127106331
 -0.041279999980427223
 -0.062048742040627963
 -0.057084454453657819
 -0.049168704771435069
 0
 0
 0
 -0.0076445442785564146
 0.020902871303005551
 0.037331825580633117
 -0.022326743524575754
 0.017336778704909885
 0.033499150707832825
 -0.0012033981245094002
 0.027387891334383043
 0.0067954941174093062
 0
 0
 0


