# Created by Octave 5.1.0, Tue Apr 21 00:49:05 2020 GMT <unknown@Thomas-PC>
# name: u_sol
# type: matrix
# rows: 70
# columns: 1
 0.0034887031256507772
 -0.010349461467756844
 0.0019289307920412528
 -0.0057474722094095522
 0.0039650462846775808
 0.00077923138973854614
 -0.0038557654520356764
 0.0027916266895078906
 0.0018047645150461493
 0
 0
 0
 0.0036706172656647633
 -0.004702423202697815
 -0.0042753930222936476
 0.0038383841465118207
 -0.00408789038284477
 0.001220186103722569
 -0.00022962624791608913
 -0.0003756533360052432
 -0.00011349785264603959
 -0.00033839728849651481
 -0.0014254148727318595
 -0.0079128682460368818
 -0.0042569934409908911
 0.0049711399625617398
 0.0046882252422106247
 0.0011791169414934813
 -0.0010590889519117989
 -0.0023751109382989673
 0.0028881631556615384
 0
 -0.0017342364382695462
 0.00086104588378384023
 0
 0.0085610056138521289
 0.039947008701225466
 0.010013747053855188
 0.0089806268220495658
 0.031593374564120855
 0.0077691187774388496
 0.0052816296184781363
 0.041119655942550064
 0.0055887095608837187
 0
 0
 0
 0.015415531061726623
 0.01402455019762241
 0.0087429197538661154
 0.033787705817181782
 0.0080879455894120357
 0.011443957239079934
 0.0086536847324418884
 0.0092534665096467104
 0.010309991598229228
 0.0084774967437498509
 0.0074289298936427066
 0.031877753981106136
 0.0088880990299925501
 0.0096455835369244191
 0.0072379040153284719
 0.0077262558869971151
 0.0076162913480858361
 0.0034741834927589652
 0.036203061238373579
 0
 0.0079935476206394983
 0.0027655465065961437
 0


