# Created by Octave 5.1.0, Sat Apr 18 23:36:23 2020 GMT <unknown@Thomas-PC>
# name: u_sol
# type: matrix
# rows: 234
# columns: 1
 0.0020168529468159854
 -0.0068944114662550992
 -0.0015069817991573318
 -0.00094843149728809548
 0.0030793378422492804
 0.00067326107720816215
 -0.00073873933082364753
 0.0018479342452947761
 0.0016378732631907459
 0
 0
 0
 0.0026297184994992563
 -0.00071412258596963575
 -0.0009169879923988008
 0.0030708823793526461
 -0.0011332712869104127
 -0.0012070640680136777
 0.00033448197223117141
 0.00081820008159964538
 0.00072175890315824391
 -0.00064981134011339581
 -0.0012427344709709783
 -0.0053158979363924358
 -0.0011660274353221625
 0.0017454961466432505
 0.00078903735434743391
 0.0013631947912020783
 0.00052261207453495947
 0.00089038344419177073
 0.0014351811103130048
 0
 -0.0004918536181188147
 0.0010815697643731309
 0
 0.0021214952405505852
 -0.00012327617060680664
 4.999075555414912e-05
 -0.021974019368471133
 -0.00023023218753117226
 -0.0040709496503972317
 -0.0010463160664383963
 -0.0010266944369509842
 -0.0010325247712500499
 -0.0019803441654241594
 -0.023459855643179008
 0.020199418638718367
 -0.002797893365044614
 0.0057852473323778452
 -0.001133319573313696
 -0.00092923839619231472
 0.0099926401223030727
 0.02430381269349003
 0.00017874430432061493
 0.00053500450032755668
 -0.0015756307873446825
 0.021449634771633391
 -0.0015862303583648091
 9.8008779068245477e-05
 0.00077789781059985617
 0.00068218637272902136
 0.00081706629856313491
 0.00088214460097851247
 0.00029539252918839423
 -0.022108576064249281
 -0.00096800133332182535
 -0.0010396965621221601
 0.022500234819289994
 -0.00081568543938630568
 -0.0012194818765610877
 -0.0011038060330930911
 -0.001086049434325575
 -0.0024142461476205027
 0.0016725084923867727
 -0.024068463233261388
 -0.021587426635567859
 -0.0029794291073147639
 -0.00087719707532166115
 -0.00068872521695293235
 -0.019550757885759645
 0.00065530140189280837
 0.0013483502889871672
 0.003560945044764229
 0.023971667073842681
 0.0005794979597357891
 0.00084230587632071912
 0.0015310366533793582
 0.001168294095957772
 0.0012248657233346666
 0.0017207254781127655
 0.020793734408132106
 9.479701900992896e-05
 0.00011664089472417244
 -0.0030603814959974797
 -0.00080675181996968045
 0.00082424675256885906
 0.00092714744664121069
 0.0010667229585149055
 0.0039629117125466982
 0.021152180665699398
 0
 0.0251572245643218
 -0.0019501100628184526
 0.0018232468301647273
 0
 -0.0036482129797148401
 0.0016628531718216775
 0.00071484780308689419
 -0.025813157973435006
 -0.023457516430812696
 0.0016988848267413797
 0.00095113719525040787
 0
 -0.00099463775136107106
 -0.00035795610302798413
 -0.002137695467767914
 0
 0.0011168610750768779
 0.039657819577683433
 0.0017892895974060492
 0.0021274362581675814
 0.043442961176130106
 0.0022147850073506556
 0.0016455001387206917
 0.077117442375342696
 0.0021847545586398975
 0
 0
 0
 0.0048309423715402313
 0.0023794386273200173
 0.0016835656698872929
 0.039198665621966548
 0.0034183854858620051
 0.0029011267929628555
 0.0043651181274610819
 0.0022235210439812804
 0.0014700553679088822
 0.0026455457996835607
 0.00188749839663749
 0.046831521094685524
 0.0049145888637769485
 0.0043310990984047103
 0.00225741212267046
 0.0097162682916178047
 0.014212432092023176
 0.0014125944879470988
 0.070225693961212088
 0
 0.010890884151820218
 0.0018026138080421482
 0
 0.0025605117976657162
 0.0024103253504411883
 0.0012215033688114778
 0.018301473474204907
 0.0039324839253037395
 0.016298110278943848
 0.002025834765281198
 0.002361906588815943
 0.0023083526474383465
 0.03398141768133163
 0.015621062460688355
 0.012019308872380308
 0.011730951095734455
 0.043670761006194658
 0.0025594510875008628
 0.0024104266171752179
 0.018811701653518347
 0.013857076203124553
 0.0030711681083803091
 0.0046798862135755169
 0.0028632758734028602
 0.010155063405864653
 0.013087387820559871
 0.0020182873412766321
 0.002888002703568782
 0.0020755496082969943
 0.0024022660251612916
 0.0022553925821705832
 0.0026914744694706946
 0.020674739925758717
 0.0023324948276303072
 0.0020615792547396517
 0.01912548046221843
 0.0034967390662108862
 0.0017182474260317116
 0.0018848972393913422
 0.0013042384047451873
 0.042118238505808245
 0.030395195181971958
 0.046485142379844344
 0.040620464874461325
 0.060470894869303765
 0.0024564604711553328
 0.0010013358494858522
 0.027920436729022897
 0.0021710552016334333
 0.0020478586990536432
 0.03195251971607023
 0.034682764056038706
 0.0022150401535178704
 0.0025214215444674011
 0.0025406081108461003
 0.0027346430072414081
 0.0022548551051457767
 0.0072014913486475587
 0.039837869399843191
 0.0012083591223648164
 0.0016186818880086465
 0.047358855008161706
 0.010095914873261632
 0.00081050466594488038
 0.0017466936603344457
 0.0017116213488163584
 0.084376565034307377
 0.041038462879490381
 0
 0.02165584574371535
 0.032271230085081336
 0.010368450311723319
 0
 0.046508951240410844
 0.0021079344180695526
 0.011388630889044002
 0.045387169963659435
 0.02485772536507859
 0.0020974823777398528
 0.0016866143204830408
 0
 0.00085580872758534256
 0.00078772549550205971
 0.0055333948531145205
 0


