# Created by Octave 5.1.0, Sun Apr 19 00:23:27 2020 GMT <unknown@Thomas-PC>
# name: u_sol
# type: matrix
# rows: 850
# columns: 1
 -0.0021182066880582394
 -0.0056769124720015716
 -0.0028470705927968651
 -0.0018438821916226989
 -0.00039411412225739576
 -0.0015351898979226136
 -0.00087913783230994286
 0.00026526472617895592
 -0.00014129607086527785
 0
 0
 0
 -0.0012346041245267017
 -0.0026928163102081224
 -0.0025681328744110747
 -0.0010225511443381734
 -0.0018129615563515177
 -0.0034884730514538136
 -0.001988107216261038
 -0.0019218138118475671
 -0.0017233585232989553
 -0.0010980700526979298
 -0.0014582968549049836
 -0.0031572822954083514
 -0.0011396489423617087
 -0.00046173247557650381
 -0.00091803387441452469
 -1.0632601734761737e-05
 0.00012182292057975294
 4.3419100577039615e-05
 0.00040623825174606411
 0
 -0.00054245563340746576
 1.8127285529457884e-05
 0
 -0.0019800710519540039
 -0.002658374341420292
 -0.0025385713067877826
 -0.02580580862902673
 -0.002727953410498966
 -0.0055753719079108489
 -0.0022300583661864094
 -0.0026543678364355609
 -0.0022479731347458749
 -0.0034939173830622577
 -0.025965535902865558
 0.021332750440330488
 -0.0026917273471256751
 0.00039162154076892712
 -0.0023750053116046118
 -0.0018001290761861998
 0.0018135396492393369
 0.021784407480495274
 -0.0023270727353959467
 -0.00200019859416606
 -0.0029793282949358664
 0.021039525278198103
 -0.0024552436253268638
 -0.0023617040755670401
 -0.0019221254578310023
 -0.0015798107244923054
 -0.0017393041847170697
 -0.0016899906798222087
 -0.0020042642164468968
 -0.025142880373017363
 -0.0015046148173711727
 -0.0015971283864436093
 0.022325649413789533
 -0.0012981550712479234
 -0.001262287974133395
 -0.0013676161126767864
 -0.0012250143002364695
 -0.0022947097707593503
 -0.00048893567616189288
 -0.024647874532122943
 -0.024086356240181562
 -0.0019321572605445351
 -0.0011611888626070644
 -0.00088731389352442766
 -0.024044335473576307
 -0.0012862878136932674
 -0.0011198422543256302
 4.8582376118162233e-05
 0.023292553226819439
 -0.0012951222790467964
 -0.00085490154122345357
 -9.8923428114153816e-05
 -0.00041837947301832907
 -0.00048990978804495998
 -5.8544243017018103e-05
 0.022569955293127612
 -0.00034923989241401621
 -0.00036221350243500838
 -0.0013119406190920039
 -0.00069629343752581957
 6.3802371116800265e-05
 0.0001431202471413806
 0.00024707479014865176
 0.0013187782372950901
 0.023063693850632862
 0
 0.024627609658898771
 -0.00093678768506178986
 0.00066450335953421782
 0
 -0.0014324487399571685
 8.2888840784360045e-05
 -0.00021019688889642603
 -0.024828524989857659
 -0.0241104481807334
 4.3404413843784044e-05
 5.4116017249500021e-05
 0
 -0.00039242876605892718
 -0.00021837689945902026
 -0.00083563405161338818
 0
 -0.0021004205796778088
 -0.0023771660811296703
 -0.0023550066715205729
 -0.0024052964339985939
 -0.0023863794938121519
 -0.0016965418370382718
 -0.0026145093074443869
 -0.0025933878586935689
 -0.0026747141348114787
 -0.018035584658731365
 -0.016679209613007163
 -0.0083569070907651803
 -0.0027471866020233123
 -0.0091222168557356428
 -0.01057695828760454
 -0.0015857231504704966
 -0.0060326233808684227
 -0.0024465264749481044
 -0.0020258599458221572
 -0.0022392127261098003
 -0.0020182276441980209
 -0.0026151311270566934
 -0.0024529920875815563
 -0.0024251760844685856
 -0.0025033594592112807
 -0.0024747387487033781
 -0.0026830596735359117
 -0.0027416082179912301
 -0.0027850486697295028
 -0.0027361982098967749
 -0.004376314277319061
 -0.026143687717721777
 -0.024393595366818371
 -0.028704858759136805
 -0.0022758372839924786
 -0.029395406035667176
 -0.0099412781742466271
 0.021811733296018009
 0.012452461263713584
 0.00025397981741819172
 0.0010844127475160743
 0.01104238557078875
 0.0046333016471227914
 -5.9818046636517506e-05
 -0.00070494322323573532
 -0.014173690603538441
 -0.0020131382197372907
 -0.001821850984256516
 -0.0025726136309704652
 -0.0022762558176871394
 -0.0017854169915368643
 -0.0020275290820906205
 -0.0021105175494973089
 -0.016221801995229459
 -0.003267777822144827
 -0.0072887857525100646
 0.00018439748458716325
 0.010751039763695848
 0.0029896254275737695
 0.012664412076970525
 -0.0013846017784066263
 0.020134405844652821
 0.024182851754584945
 -0.0026627960903645538
 -0.0026430953603987922
 -0.0028771218468364797
 -0.0019591955965638399
 -0.0022189830388527256
 -0.0020345555744345108
 -0.0031764155007311242
 -0.0025579177387421576
 -0.0022686906978644926
 -0.00059822078881523828
 -0.013760085991599759
 0.021333201437441312
 0.012259462533296005
 0.0011599977508108196
 0.011002579429937777
 0.0044617377027725445
 0.005559899847169124
 0.0060767813694392629
 0.024962589925057576
 -0.0026336756120546568
 -0.0023668027954869904
 -0.0019209401902945242
 -0.002110859851610301
 -0.0021142089031480991
 -0.0020871991768890131
 -0.0019332140962083904
 -0.001551635950414934
 -0.0016320591347717614
 -0.0016144172689009971
 -0.0017524376543326301
 -0.0016692717295174703
 -0.0016379002762429626
 -0.0017852024432965091
 -0.0017037502664505072
 -0.0017916646535314448
 -0.015699483646799871
 -0.023658520056291717
 -0.0020188943447912427
 -0.0029235561276285708
 -0.0090201636513646179
 -0.0066638391933808308
 -0.0019107844135813454
 -0.0018144321783989238
 -0.0018239850291121662
 -0.0018742556364881452
 -0.0016674879572112754
 -0.001700423450439419
 -0.0015759947831160183
 -0.0016282571339741115
 -0.001523118750729302
 -0.0015581964627362009
 -0.0014840832433589387
 0.024899555621417976
 0.025451948705721362
 -0.0011529384366862326
 0.0060993654358167098
 0.0036837134646659974
 0.0064578841986313914
 -0.0015278379457373706
 -0.0010960381398150189
 -0.0012485710035117828
 -0.0010899207857124845
 -0.0014247958344195206
 -0.0013545717257048766
 -0.0013786206628644815
 -0.0012261451580647524
 -0.0013107740833086866
 -0.0012578267005396786
 -0.0014171163036493437
 -0.0013141986600295852
 -0.0014236599934456546
 -0.0013400930872110597
 0.020920513647667578
 -0.0022578315764663548
 0.01097034333224097
 -0.0029700300838327383
 0.012820301347043098
 -0.00011139560668469441
 -0.023109956645051763
 -0.027258878915508569
 -0.00081933295455337697
 -0.0091405578396749516
 -0.027993562918678768
 -0.0085242430222334988
 -0.0027836159071582232
 -0.024353801586542934
 -0.01519530595537691
 -0.0010875310439214111
 -0.00087447280852332896
 -0.0011142469769494291
 -0.0011892452001071897
 -0.00097812069241353674
 -0.0011156619956997826
 -0.0011870825316121381
 -0.014008002516428406
 -0.0075558995072162001
 -0.0042375791050979989
 -0.02759987141311224
 -0.0093182481292937592
 -0.028212879151376206
 -0.024488570045225873
 -0.015122188115995555
 -0.0014428328044783789
 -0.0014542304846904284
 -0.00077574052419314735
 -0.0012597371781316825
 -0.0010160746858566706
 -0.0014718711840206195
 -0.0014498444852304206
 0.021566549788715882
 0.025685033093127068
 -0.0019791640303224722
 0.011443676618101495
 0.0046466306434510586
 0.013585428179335666
 0.00058071871174284818
 -0.0074335795168582039
 -0.0038262957505020754
 -0.013713480708548619
 -0.0014326915007873439
 -0.0012951566193197665
 -0.00089594769461357035
 -0.0011092153785101982
 -0.001120828139152997
 -0.0010813635298661944
 -0.00076375646177747833
 -0.00011481024536420522
 -0.00026875789637095766
 -0.0002988370231103121
 -0.00014233398318138331
 -0.00024051124892253401
 -1.2280335856849155e-05
 -0.00070180925038416443
 -0.00045830373657792563
 -0.00067270990834921004
 0.026581017382727577
 0.02269529941871537
 -0.00021543356580029909
 0.0073153550037895372
 0.0062435248011808372
 0.0078956623674096664
 5.6973739832581825e-06
 -0.00062747888333993234
 -0.00031413387043198422
 -0.0005243802190843292
 -0.00061468060033720339
 -0.00062575345525071359
 -0.00076365747700363792
 -0.00063264018882149735
 -0.00012492520506213742
 -0.00033670908853951326
 -7.8630336239496286e-05
 -0.012989942987298121
 -0.014902333254275778
 -0.00030861158062871257
 -0.0016973595674121152
 0.0028082581652537908
 -0.0058215499255635872
 -0.00098047482365114865
