# Created by Octave 5.1.0, Sun Apr 19 00:46:58 2020 GMT <unknown@Thomas-PC>
# name: u_sol
# type: matrix
# rows: 3234
# columns: 1
 -0.0010064343210469979
 -0.0018573933066143346
 -0.00088398215793379707
 -0.00066825886802543714
 -0.00030842096528835522
 -0.00068040906894883155
 -0.00031393623350622213
 -4.1989771808237935e-06
 -0.00018012324373416501
 0
 0
 0
 -0.00056456958841933941
 -0.0010207507810954081
 -0.00095446343308913239
 -0.00051396437002541515
 -0.00067268868254294312
 -0.0012041571969422004
 -0.00080500899450720181
 -0.00075909587093480116
 -0.000753409964764038
 -0.00042784958888249144
 -0.00051791042865023901
 -0.0010784286321617257
 -0.0004140851698288088
 -0.00031976292749440861
 -0.00045813714565395283
 -0.00011722932222671956
 1.8594426469399869e-05
 -1.2943318943017999e-05
 8.3123712036949554e-05
 0
 -0.00021851843758283689
 -7.7327743668632493e-05
 0
 -0.00096719460545443463
 -0.0010495429240364488
 -0.0010124714373024497
 -0.025161270391926654
 -0.0010980919467269863
 -0.0023598517042940997
 -0.00081091974247483628
 -0.00098574424119173562
 -0.00082331708713890433
 -0.0012756062652594512
 -0.025158719023663796
 0.02341424533616283
 -0.00097878198347100881
 -8.9106060986914043e-05
 -0.00087744481815290589
 -0.00066078455990267499
 0.00077147886113946792
 0.023528378789549366
 -0.0008316780113759698
 -0.00075607678951964763
 -0.00092384580605258282
 0.02325971243442464
 -0.00095403213248348637
 -0.00082612789011064379
 -0.00077334735975548427
 -0.00070325222324622177
 -0.00074914111469206492
 -0.00072219018515728148
 -0.00083525830134760406
 -0.024921716193187157
 -0.00055377303165135658
 -0.00057513490609853045
 0.023724772487734379
 -0.0004966578338546757
 -0.00044435118651566663
 -0.00050010860897279621
 -0.00044436352707482397
 -0.00084979109704710518
 -0.00027109512752234442
 -0.024632329024138842
 -0.024493317578287731
 -0.00068583920403267491
 -0.00043925017859803249
 -0.0003266950529430614
 -0.02458026933992687
 -0.00059656260524633832
 -0.00055265361426317088
 -0.00016040113317023299
 0.02401860743086652
 -0.00059432051456105605
 -0.00043810203073621132
 -0.00015861691759541972
 -0.00027749446832673621
 -0.00030568706447564034
 -0.0001615404784464797
 0.023847906132314398
 -0.00014505604344144514
 -0.00014355990750059271
 -0.00043998420062492605
 -0.00025199191064791197
 1.481878322508842e-06
 1.7223707299356448e-05
 5.3433706223332325e-05
 0.00033609903332240204
 0.024053519348822137
 0
 0.024545120728385581
 -0.00031654035730195693
 0.0001803359000967138
 0
 -0.00047616582337186566
 -8.3172639092280977e-05
 -0.00015119976178024793
 -0.024628937361822742
 -0.024401769732093383
 -0.00010237454784684353
 -5.0952343855745041e-05
 0
 -0.00013138173325999173
 -9.7772610496671172e-05
 -0.00026428433246249421
 0
 -0.0010025988971162224
 -0.0010107348248285248
 -0.0010069709467845018
 -0.0010219718934129823
 -0.0010117238106067709
 -0.00085099723091033354
 -0.00099809377587485463
 -0.0010273307999993286
 -0.0010160637698779942
 -0.015448640869096704
 -0.015249634835140429
 -0.0033504022037023078
 -0.0010665829241157539
 -0.0081339932866877768
 -0.0093307407506706044
 -0.0007275687598911352
 -0.0050577126842601813
 -0.0010521708252211087
 -0.00073493720766047352
 -0.00081627603881619169
 -0.00073518306143843565
 -0.00096982959415976237
 -0.00089856982254519081
 -0.00088796163570452075
 -0.00092628272981213472
 -0.00090969432530711475
 -0.0010032256504552766
 -0.0010842843447942383
 -0.0010617558379966982
 -0.0010379281014438603
 -0.0015835520277244009
 -0.02484833570097162
 -0.02427654034180601
 -0.028172792489581894
 -0.00089190094920425702
 -0.028864684960331902
 -0.008313791987056585
 0.023128711150423632
 0.013228200053202792
 -0.00012433490488642757
 0.0031425899480243547
 0.013063392756684569
 0.0063817151151689929
 -0.00022618585054327947
 -0.00040200469590037083
 -0.014123254226673198
 -0.00073746592735386121
 -0.00066406836032417639
 -0.00095930473824693398
 -0.00083830459614932782
 -0.00065974081097056698
 -0.00074655143577769662
 -0.00077839089874056082
 -0.014962823580826954
 -0.0011365148705226374
 -0.0053233845683146432
 0.00038060316348879279
 0.0128266074877957
 0.0037268391927484231
 0.013646209342292343
 -0.00061888792524766607
 0.022622719932761871
 0.026400254087569439
 -0.00087681933718135069
 -0.00088398942533595456
 -0.00089890491745492275
 -0.00077349924783692609
 -0.00081109743315861736
 -0.00078775088687930799
 -0.00098429874830834171
 -0.00087657348839813699
 -0.0008127938482967548
 -0.00039475678892232635
 -0.014013977486037204
 0.022943869735734639
 0.013136548752919025
 0.0030900155875287802
 0.012992736418076264
 0.0062494454216096224
 0.0066165119309700877
 0.0075368513026495615
 0.027101363703443633
 -0.0008640400115510527
 -0.00083364802532031842
 -0.00076625057930217546
 -0.00079434716498940163
 -0.00078835927491376057
 -0.00079511590652304282
 -0.00078293577207848807
 -0.00069080363600518475
 -0.00071646037271681231
 -0.00070481888768066569
 -0.00076053201106588602
 -0.00073222567395183388
 -0.00072380121620707095
 -0.00073837872167066543
 -0.00073330663312189896
 -0.00074769082324064727
 -0.014836207923938733
 -0.024058451294255864
 -0.00082997644658313913
 -0.001095308130549053
 -0.0080524687355868364
 -0.0051779577268166186
 -0.00081121272607916962
 -0.00076039612224905364
 -0.00077830126181029666
 -0.00078304932025214931
 -0.00060765916532522668
 -0.00061500779352541377
 -0.00058607871704348716
 -0.00059895269715495175
 -0.00054490158774057483
 -0.00056641455287709567
 -0.000536803075196766
 0.026659056038209814
 0.027312301189036988
 -0.00044762792613141101
 0.0068270739822509302
 0.0039382259561437276
 0.0077258312968308323
 -0.00057441281925699899
 -0.00038688260543724571
 -0.00044544981676688118
 -0.00039019273224540589
 -0.00051219267792157876
 -0.00048434588680845231
 -0.00048664108612441408
 -0.00045911678298695817
 -0.00047696842118208891
 -0.00047326472244065628
 -0.00053084301093836276
 -0.00049463921879281606
 -0.00052285562150706317
 -0.00057866956957224947
 0.022885190438328283
 -0.00080171646165028067
 0.012829829896758047
 -0.0010368779257821973
 0.013624415508489328
 -0.00015474654817418745
 -0.023770536710889634
 -0.027618620867862414
 -0.00034083303165711391
 -0.0087432715617923595
 -0.02830662818545944
 -0.0077472295779545571
 -0.00095313837486695168
 -0.024165640184298801
 -0.014346549035568423
 -0.00039537395515636619
 -0.00031721207478625064
 -0.00042969772495665573
 -0.00044219903968567591
 -0.00035881353303992734
 -0.00041149847527235668
 -0.00043943663693657908
 -0.01422728027977155
 -0.0074916129072752132
 -0.0043429911999823484
 -0.027822633079483482
 -0.008934554793294686
 -0.028493797640084455
 -0.024283832542227737
 -0.014376715319916246
 -0.00065168879867455421
 -0.00065823698782374368
 -0.00043278243515961341
 -0.00058995748001132735
 -0.0005018396624297672
 -0.00066608330904639919
 -0.00066414754603517467
 0.023109743880071011
 0.026953795492822272
 -0.00074332184797405102
 0.01297435631224109
 0.004179741638325133
 0.013829982479943478
 -1.9126113209148852e-05
 -0.0075724401531755449
 -0.0043150593843443554
 -0.014214769708453062
 -0.00064433302925329735
 -0.00059726656754168753
 -0.00045132579525041346
 -0.00052899662830803711
 -0.00053107562420402104
 -0.00052121227738856943
 -0.00041006828591355106
 -0.00016778927388010707
 -0.0002245362644302715
 -0.000237564616080947
 -0.00017867325692337492
 -0.00021148832940926806
 -0.00012749019829386024
 -0.00038098043677644748
 -0.00029314363304368951
 -0.00037052814636274122
 0.02768361711161756
 0.023480908167615354
 -0.00022663966955268643
 0.0071704391363733395
 0.0069001215693956543
 0.0081631712492305879
 -0.00012628619451725577
 -0.00035460460056181367
 -0.00024406391368059067
 -0.00032230353220126881
 -0.00023031422162423252
 -0.00022989902432116662
 -0.00028159715692548456
 -0.0002401511053417716
 -6.6990891926447719e-05
 -0.00013840605264887285
 -5.4494833165736181e-05
 -0.01364106993368085
