# Created by Octave 5.1.0, Tue Apr 21 17:47:52 2020 GMT <unknown@Thomas-PC>
# name: contactConvergence
# type: matrix
# rows: 6
# columns: 1
 0.83469206543897534
 1.8461573010144201
 5.5447338595276877e-06
 2.8042541152906223e-08
 2.3867734688249803e-12
 3.9224520029322068e-18


