# Created by Octave 5.1.0, Tue Apr 21 17:52:51 2020 GMT <unknown@Thomas-PC>
# name: contactConvergence
# type: matrix
# rows: 7
# columns: 1
 0.31218044064193035
 0.57233894710171229
 1.3457674643354602e-06
 1.3852356769434234e-07
 8.3494373836735124e-09
 2.6178147948161018e-11
 2.5783330747390235e-16


