# Created by Octave 5.1.0, Tue Apr 21 22:16:05 2020 GMT <unknown@Thomas-PC>
# name: contactConvergence
# type: matrix
# rows: 91
# columns: 1
 0.21925885432844447
 0.19185149763391626
 0.36162375165473448
 0.27121781375159221
 8.4231106135419208e-07
 7.7996464384219926e-07
 6.6458130568732775e-07
 6.3345617364531258e-07
 6.2811035924884712e-07
 5.5228235201645438e-07
 5.2418003762064603e-07
 5.3305224374764222e-07
 5.3544074056183914e-07
 5.3595366366241415e-07
 5.681466094423098e-07
 5.708237615831625e-07
 5.7106937177605496e-07
 5.9179742828412988e-07
 5.9605574700851478e-07
 6.1638094592366439e-07
 6.0511650918572224e-07
 6.1358055672244755e-07
 6.1372666612451385e-07
 6.0948285193809004e-07
 6.2628474029783156e-07
 6.2706339921713467e-07
 6.1563476342960948e-07
 6.2330582409977972e-07
 6.2342559483861071e-07
 6.2025764293374857e-07
 6.2856977112819742e-07
 6.2875767945430244e-07
 6.2550305392150858e-07
 7.6557015255183219e-07
 1.0453243950774758e-06
 1.4658611549809168e-06
 1.8193254688429777e-06
 1.859981936340048e-06
 1.8773327065251641e-06
 1.8732020450725488e-06
 1.7507559508009231e-06
 1.573290822852804e-06
 1.5251818461563524e-06
 1.2061476046744969e-06
 1.3338791270444343e-06
 1.2669860828525145e-06
 1.7584619175145134e-06
 1.5194396763805716e-06
 1.3632149517595589e-06
 1.129406498911853e-06
 1.102800371719264e-06
 1.0476108282416842e-06
 8.7226276260094946e-07
 8.0654209940551264e-07
 6.3916941233645373e-07
 6.5501919811990328e-07
 6.5880375265680989e-07
 6.802115183857455e-07
 6.9312940984726709e-07
 7.1642723763100318e-07
 7.3615632857563863e-07
 7.544146924290698e-07
 7.5168814544429686e-07
 8.4105616378447818e-07
 8.551144328651743e-07
 8.5754185290573364e-07
 8.5795995615891989e-07
 8.7851499852487362e-07
 9.1398054563278454e-07
 9.5923079046116407e-07
 9.6159521060654592e-07
 9.6974227219366205e-07
 9.6293773565940256e-07
 1.0082940790042519e-06
 1.0121950706279055e-06
 1.0125786793695284e-06
 9.9414507862948734e-07
 9.914559704015562e-07
 1.0002570912895426e-06
 1.0003833694779442e-06
 1.0041609702851047e-06
 9.9880523878979599e-07
 1.3971708862537586e-06
 1.7575574723579424e-06
 2.2168822045489918e-06
 2.9946479845759558e-06
 4.8448864730629527e-06
 1.2297209483129978e-05
 9.9027678553807719e-05
 9.1455181414877558
 12772.923993922406


