# Created by Octave 5.1.0, Tue Apr 21 17:46:37 2020 GMT <unknown@Thomas-PC>
# name: contactConvergence
# type: matrix
# rows: 6
# columns: 1
 2.1093428097532696
 0.00014421226563842874
 8.766267017453794e-06
 3.5246461333518404e-08
 9.7033119373761819e-13
 6.8585872386537215e-18


