# Created by Octave 5.1.0, Tue Apr 21 17:46:19 2020 GMT <unknown@Thomas-PC>
# name: contactConvergence
# type: matrix
# rows: 7
# columns: 1
 0
 0.11671738458553034
 4.4428684728880183
 0.00023583754181646498
 5.1536741653770979e-08
 1.6146372433523126e-13
 5.2041704279304213e-18


