# Created by Octave 5.1.0, Tue Apr 21 17:47:52 2020 GMT <unknown@Thomas-PC>
# name: equilibriumConvergence
# type: matrix
# rows: 6
# columns: 1
 1.8360705712166043
 0.91809132740083121
 0.079584658026353172
 0.00087231253942927727
 2.2691805653904429e-07
 1.9256339106044326e-14


