# Created by Octave 5.1.0, Tue Apr 21 17:46:37 2020 GMT <unknown@Thomas-PC>
# name: equilibriumConvergence
# type: matrix
# rows: 6
# columns: 1
 3.3868523708670182
 1.3815665207803023
 0.091085281553516168
 0.00055084881189698621
 1.9721578847860823e-08
 1.8863397944525284e-15


