# Created by Octave 5.1.0, Tue Apr 21 17:52:51 2020 GMT <unknown@Thomas-PC>
# name: equilibriumConvergence
# type: matrix
# rows: 7
# columns: 1
 1.1347952255814322
 0.85012602690289329
 0.057619438396883195
 0.0044397306194385684
 0.00021405937086349243
 6.7165126556675736e-07
 6.6476414509285108e-12


