# Created by Octave 5.1.0, Tue Apr 21 22:16:05 2020 GMT <unknown@Thomas-PC>
# name: equilibriumConvergence
# type: matrix
# rows: 91
# columns: 1
 0.70800451976789114
 0.69648990265273791
 0.60792413572084381
 0.49367341708103901
 0.14652001751022212
 0.13003275982997026
 0.12816566689478975
 0.12075929316186415
 0.12038035680993349
 0.094155310263858968
 0.093076840398683774
 0.09249021709194119
 0.091841613504994729
 0.091247952038264538
 0.094137348513070165
 0.094417353992992031
 0.094442643415313679
 0.090474563075871234
 0.090205767329794684
 0.090388108491341962
 0.08856515881275398
 0.089172255423853347
 0.089196098488987838
 0.088367292395381755
 0.089999817585403652
 0.090099524772361828
 0.088386118517464099
 0.088976106448757059
 0.088996324432956797
 0.08837134348761877
 0.089086311793495077
 0.089116886280905014
 0.088583503093415047
 0.11848105363992574
 0.16435117327398271
 0.22442625918999801
 0.27125027530275425
 0.27627461406038245
 0.27856500809601198
 0.27801686604629017
 0.20953513649086897
 0.19014373311974492
 0.18314863416711047
 0.18824700824933407
 0.17259311105870231
 0.16382428152435663
 0.14771730852073717
 0.16122189773218504
 0.15965229083515098
 0.14448003199925985
 0.14215762482255276
 0.13840117402837057
 0.13615582557743375
 0.10935726376683555
 0.090082602052070165
 0.089785375920859084
 0.087822680969825956
 0.086709855165365224
 0.085546371556695602
 0.084813835182184716
 0.084189540079356293
 0.083363293681958328
 0.082194744929034322
 0.087623122153109509
 0.088542565914930357
 0.088699728625078467
 0.088726811930125701
 0.083350261096676634
 0.082836500176758143
 0.082893693933919502
 0.081022698584844663
 0.080442918548185707
 0.079547843232784604
 0.082424946835801621
 0.082700095792375611
 0.082726696992985946
 0.079994864035134089
 0.079359586530647688
 0.079759104371622758
 0.07977045290862507
 0.079598487711228114
 0.079066691482347351
 0.10799868751921955
 0.13601723293439033
 0.17322139989948307
 0.23918755929461563
 0.40743498149494078
 1.1914265979183116
 15.716415773370317
 22575.477949102838
 20536983132304.703


