# Created by Octave 5.1.0, Tue Apr 21 17:46:19 2020 GMT <unknown@Thomas-PC>
# name: equilibriumConvergence
# type: matrix
# rows: 7
# columns: 1
 5.7282196186948102
 5.2910962547533336
 2.3230848989297037
 0.15176296463695282
 0.00045891140166128333
 8.6268649042730513e-09
 1.7197668880263279e-15


