# Created by Octave 5.1.0, Tue Apr 21 17:46:37 2020 GMT <unknown@Thomas-PC>
# name: lambda_sol
# type: matrix
# rows: 5
# columns: 1
 0
 -1.9488426554669498
 -5.7644187050892279
 -1.9488426554669505
 0


