# Created by Octave 5.1.0, Tue Apr 21 17:47:52 2020 GMT <unknown@Thomas-PC>
# name: lambda_sol
# type: matrix
# rows: 9
# columns: 1
 0
 0
 -1.2931169396052145
 -4.9996206147109357
 -5.4814097969649227
 -4.9996206147109348
 -1.293116939605216
 0
 0


