# Created by Octave 5.1.0, Tue Apr 21 17:52:51 2020 GMT <unknown@Thomas-PC>
# name: lambda_sol
# type: matrix
# rows: 17
# columns: 1
 0
 0
 0
 0
 -0.90082776641163731
 -3.7998260106172461
 -4.9310353913850173
 -5.2568954829695667
 -4.9406410333986051
 -5.2568954829695684
 -4.9310353913850182
 -3.7998260106172497
 -0.90082776641163298
 0
 0
 0
 0


