# Created by Octave 5.1.0, Tue Apr 21 22:16:05 2020 GMT <unknown@Thomas-PC>
# name: lambda_sol
# type: matrix
# rows: 33
# columns: 1
 0
 0
 0
 0
 0
 0
 0
 0
 -0.59431671870709124
 -2.6957404616401845
 -3.6465806905958402
 -4.3008750537818514
 -4.7357016468886286
 -5.0605134896468371
 -5.4367434321902692
 -5.8537115084473044
 -5.7997531914152205
 -5.8511919127777219
 -5.4207511683925986
 -5.0211606204975396
 -4.7244978250237182
 -4.309428837248106
 -3.6535197292600969
 -2.7000963005581866
 -0.60011359736446934
 0
 0
 0
 0
 0
 0
 0
 0


