# Created by Octave 5.1.0, Tue Apr 21 17:46:19 2020 GMT <unknown@Thomas-PC>
# name: u_sol
# type: matrix
# rows: 18
# columns: 1
 0.025580752214256312
 -0.025580752214255962
 0
 0
 2.0815127858035961e-16
 -0.032759601354428507
 0
 0.032759601354428645
 5.1678316433968813e-17
 -0.18970749915801774
 -0.18970749915801766
 0
 0
 -0.062487729555068192
 -0.12461942446624896
 0
 -0.12461942446624903
 -0.11160482944846355


