# Created by Octave 5.1.0, Tue Apr 21 17:46:37 2020 GMT <unknown@Thomas-PC>
# name: u_sol
# type: matrix
# rows: 50
# columns: 1
 0.0038253068008396009
 -0.0038253068008396026
 0
 0
 -3.6910569539185066e-18
 -0.028552958466604602
 0
 0.028552958466604602
 -2.392652938008624e-18
 -0.0028140555642873792
 -3.5616138000462882e-18
 0.0014863112930314818
 0.0028140555642873753
 -0.001486311293031487
 -0.011997423710334914
 -0.012054168372681749
 -0.033773705696583611
 -0.012009018156477065
 0
 -4.6568065303222713e-19
 0
 0.012009018156477064
 0.033773705696583611
 0.012054168372681744
 0.011997423710334913
 -0.17896572223846444
 -0.17896572223846444
 0
 0
 -0.089347508884856236
 -0.12402844633045833
 0
 -0.12402844633045833
 -0.1246813218247747
 -0.15365333447078636
 -0.14083789834656657
 -0.15638121267534455
 -0.15365333447078636
 -0.15638121267534455
 -0.16174940433657198
 -0.12600318795792065
 -0.074979732168867344
 -0.070272557842340766
 0
 -0.069203754311188956
 0
 -0.070272557842340766
 -0.074979732168867344
 -0.12600318795792065
 -0.16174940433657198


