# Created by Octave 5.1.0, Tue Apr 21 17:47:52 2020 GMT <unknown@Thomas-PC>
# name: u_sol
# type: matrix
# rows: 162
# columns: 1
 0.0062060153573603909
 -0.006206015357360377
 0
 0
 6.5977368226001111e-18
 -0.029985464473061191
 0
 0.029985464473061198
 3.9955933573298436e-18
 0.0010073643914525966
 4.8785708015471656e-18
 0.0010941942713696164
 -0.0010073643914525763
 -0.0010941942713696062
 -0.012153342700528032
 -0.012115289981811895
 -0.036913307420685368
 -0.013021182086896401
 0
 3.4747685621225129e-18
 0
 0.013021182086896406
 0.036913307420685375
 0.012115289981811902
 0.012153342700528045
 0.0046601378064386493
 -0.0026325137833359867
 0.0015480490837926784
 5.7590348028055859e-18
 -0.004744424111490197
 -0.0053785860993259861
 0.0020047487406763759
 -0.001408575067885572
 4.0148113111948639e-18
 0.0053785860993260026
 0.0047444241114902065
 -0.0015480490837926665
 0.0026325137833359985
 -0.0046601378064386354
 0.0014085750678855813
 -0.0020047487406763677
 -0.0054993698311644537
 -0.0060966606686998093
 -0.021057259347221115
 -0.013574915550066267
 -0.021516798211756737
 -0.006728586164243518
 -0.0049910591340619993
 -0.036184892684322317
 -0.024936700457243933
 -0.014136959547749565
 -0.023476149017256986
 -0.028671687915744367
 -0.014547571636979059
 -0.0066673047199171222
 0
 -0.0076737935490560722
 1.6416737404280667e-18
 -0.0034241425801912742
 0
 -0.005881601445992808
 3.6239557672373016e-18
 0
 0.0034241425801912785
 0.014136959547749567
 0.0076737935490560757
 0
 0.0058816014459928123
 0.0066673047199171291
 0.02867168791574437
 0.023476149017256993
 0.021057259347221122
 0.02493670045724394
 0.036184892684322324
 0.014547571636979065
 0.0049910591340620071
 0.021516798211756748
 0.013574915550066277
 0.0060966606686998206
 0.0054993698311644667
 0.0067285861642435267
 -0.18325416893805696
 -0.18325416893805696
 0
 0
 -0.097166904047790104
 -0.12713496451823367
 0
 -0.12713496451823364
 -0.12575901893145003
 -0.15959779574221999
 -0.14519457218220491
 -0.15951059201869472
 -0.15959779574221999
 -0.15951059201869472
 -0.16434718135478665
 -0.12848070444540816
 -0.076861096729877149
 -0.071839405993687919
 0
 -0.070591090897168446
 0
 -0.071839405993687919
 -0.076861096729877149
 -0.12848070444540816
 -0.16434718135478665
 -0.17862445346417954
 -0.16357596814322625
 -0.17541759626399137
 -0.13507084158440488
 -0.14371368020455882
 -0.11440958667540641
 -0.1422531461480559
 -0.14934890372247944
 -0.14058186036156753
 -0.11440958667540641
 -0.14371368020455882
 -0.17541759626399137
 -0.16357596814322625
 -0.17862445346417954
 -0.14934890372247944
 -0.1422531461480559
 -0.17678994715901672
 -0.16615754619977649
 -0.13060171692066386
 -0.15112898769347974
 -0.14767905307784024
 -0.14763540425943009
 -0.12549698231267445
 -0.10458025789122387
 -0.10488366710852727
 -0.037359587557998279
 -0.073679167765129297
 -0.043034799606849153
 -0.10286975236699104
 -0.10113291821462833
 0
 -0.03702517710806269
 -0.036742825170276959
 -0.036920873704472286
 0
 -0.071010528939915607
 -0.10067352360216854
 0
 -0.036920873704472286
 -0.037359587557998272
 -0.03702517710806269
 0
 -0.071010528939915607
 -0.10113291821462833
 -0.043034799606849153
 -0.073679167765129297
 -0.13060171692066386
 -0.10488366710852726
 -0.10458025789122385
 -0.10286975236699104
 -0.12549698231267445
 -0.14767905307784024
 -0.15112898769347974
 -0.16615754619977649
 -0.17678994715901672
 -0.14763540425943009


