# Created by Octave 5.1.0, Tue Apr 21 17:52:51 2020 GMT <unknown@Thomas-PC>
# name: u_sol
# type: matrix
# rows: 578
# columns: 1
 0.0045109555340424306
 -0.0045109555340424974
 0
 0
 -2.7370144274195172e-17
 -0.031023449536516749
 0
 0.031023449536516725
 -9.9104538668860646e-18
 0.00057587716325667654
 -1.9906031312565205e-17
 0.00096812039971067596
 -0.00057587716325674832
 -0.0009681203997107152
 -0.011856673106300191
 -0.012587376246331461
 -0.038615644282138713
 -0.013771827986947744
 0
 -3.3823100539115491e-18
 0
 0.013771827986947739
 0.038615644282138706
 0.012587376246331442
 0.011856673106300149
 0.0040500260856917445
 -0.0037237211820177365
 0.00087983425469717158
 -2.4599621559743503e-17
 -0.0044810175531606582
 -0.0095407948984902683
 0.0026126348567200499
 -0.00096077972224759456
 -1.4715843678684291e-17
 0.0095407948984902128
 0.0044810175531606105
 -0.00087983425469722492
 0.0037237211820176862
 -0.0040500260856918113
 0.00096077972224755596
 -0.0026126348567200794
 -0.0048682074134438055
 -0.005880208671841915
 -0.021614919050999461
 -0.013929613836638446
 -0.021769684052502833
 -0.0071850059931627209
 -0.0054740283656186123
 -0.037635900339728905
 -0.025969123092834848
 -0.015457102706563954
 -0.024761718682547122
 -0.030473216853823828
 -0.015187092960384421
 -0.0068489686725430113
 0
 -0.0081351776592565265
 4.1775190949435864e-19
 -0.0035646219692525229
 0
 -0.0061104675286423171
 -6.4242214799672921e-18
 0
 0.0035646219692525211
 0.015457102706563948
 0.0081351776592565248
 0
 0.0061104675286423127
 0.0068489686725429991
 0.030473216853823825
 0.024761718682547115
 0.021614919050999441
 0.025969123092834834
 0.037635900339728891
 0.015187092960384408
 0.0054740283656185924
 0.021769684052502802
 0.013929613836638417
 0.0058802086718418743
 0.0048682074134437517
 0.0071850059931626914
 0.0041855938675076634
 0.001102474085802283
 0.0025326267545613362
 -0.0038735602135179102
 -0.00098592149859481242
 0.0034169039406875381
 0.00030972587500666267
 -0.0014128698179921855
 -0.0017853269550003169
 -2.4402579348532709e-17
 -0.0037155937850265317
 -0.0062604308955204581
 -0.0016031186300580393
 -0.0024931043243605561
 -2.236523337278157e-17
 -0.0069469890970046818
 -0.0061762278625215761
 -0.0065759488037715101
 0.001922180511323789
 0.0011434268299351685
 -1.2179430041087222e-17
 -0.00049071750833479331
 0.00087080823228945746
 0.0020865037608094007
 -1.7360031315002204e-17
 0.00026288604021896433
 -0.00067241890083055949
 -0.0051162136306122409
 -0.002779757086614766
 -0.0029675851099761905
 0.0062604308955204026
 0.0037155937850264788
 0.0065759488037714598
 0.0061762278625215232
 0.0069469890970046367
 0.0024931043243605075
 0.0016031186300579949
 -0.0025326267545613965
 -0.0011024740858023431
 -0.0041855938675077302
 0.0017853269550002727
 0.0014128698179921332
 -0.00030972587500670832
 -0.0034169039406876057
 0.00098592149859475279
 0.003873560213517853
 -0.0011434268299351977
 -0.0019221805113238137
 0.00067241890083052024
 -0.00026288604021899869
 -0.0020865037608094345
 -0.00087080823228949161
 0.00049071750833475482
 0.0051162136306121941
 0.0029675851099761476
 0.0027797570866147227
 -0.0037291520029438569
 -0.0028878258188290503
 -0.0087481519696500851
 -0.0051469603733016603
 -0.0077395481815738234
 -0.002712677682050284
 -0.0032135419314271497
 -0.026416567355728175
 -0.022288309158102326
 -0.026699366215839265
 -0.013843356218883312
 -0.017967110362198016
 -0.016920263831384286
 -0.016689143076674951
 -0.017758792649770514
 -0.013115047472126206
 -0.0041779119187610207
 -0.0026105471370713455
 -0.0040612716648689576
 -0.0045907359441433437
 -0.0087657295092314486
 -0.0068682223524938928
 -0.010097522806813563
 -0.0097777937952541454
 -0.010351100120463639
 -0.0067009025086954121
 -0.034916422078505947
 -0.029722483547772925
 -0.032688043202528647
 -0.031915880517788445
 -0.038986144389229857
 -0.024327222234890436
 -0.019102462752424453
 -0.01143509241938653
 -0.021798139694661621
 -0.020350906919116132
 -0.018755086881166328
 -0.021239890192497883
 -0.015713246779164469
 -0.03603288733499916
 -0.028256842535871945
 -0.031644403576622793
 -0.0064293390017171959
 -0.0031666251993873306
 -0.014320122621790851
 -0.010102726053497151
 -0.010581319453240309
 -0.010731270406921851
 -0.015033769504515748
 -0.026224819121770389
 -0.020246276107801706
 -0.02029371650527742
 0
 -0.0079932554106431249
 -0.0042041249664955416
 -0.0058139920475748265
 0
 -0.011257786081969555
 -0.011419944841163819
 5.9565858764977298e-19
 -0.00088831996868924345
 0
 -0.0024331714096345689
 -0.0017221902787685423
 -1.21605553627389e-18
 0
 -0.0018421351450187138
 -0.0029209039570518985
 -0.0033542650136294027
 -8.1434862783315565e-18
 -0.009637329791537752
 -0.0067340524455972968
 -4.6924912775226501e-18
 -0.0032806641748620623
 -0.0029658335501354573
 -0.0056496037511793232
 -0.0050263141506597534
 -0.0079517592928793866
 0
 0.00088831996868924377
 0.0029209039570518972
 0.0018421351450187138
 0
 0.0017221902787685416
 0.002433171409634565
 0.011435092419386526
 0.0079932554106431231
 0
 0.011419944841163815
 0.011257786081969553
 0.015713246779164466
 0
 0.0058139920475748265
 0.0042041249664955408
 0.0033542650136293901
 0.0031666251993873154
 0.0029658335501354508
 0.0032806641748620532
 0.0105813194532403
 0.006734052445597289
 0.0096373297915377468
 0.0056496037511793223
 0.0079517592928793849
 0.0050263141506597508
 0.020350906919116125
 0.021798139694661618
 0.031644403576622786
 0.028256842535871938
 0.036032887334999153
 0.02123989019249788
 0.018755086881166321
 0.026416567355728154
 0.029722483547772911
 0.034916422078505933
 0.019102462752424436
 0.024327222234890419
 0.016920263831384265
 0.038986144389229843
 0.031915880517788431
 0.032688043202528633
 0.0064293390017171803
 0.0026105471370713252
 0.015033769504515739
 0.010731270406921841
 0.0087657295092314295
 0.010102726053497135
 0.014320122621790835
 0.026224819121770378
 0.020293716505277407
 0.020246276107801695
 0.026699366215839238
 0.022288309158102301
 0.013115047472126169
 0.017758792649770483
 0.016689143076674916
 0.017967110362197992
 0.013843356218883288
 0.0028878258188289969
 0.0037291520029437966
 0.0032135419314271098
 0.0027126776820502372
 0.0077395481815737757
 0.0051469603733016135
 0.0087481519696500434
 0.0041779119187609964
 0.010097522806813539
 0.0068682223524938685
 0.0045907359441433142
 0.0040612716648689238
 0.0097777937952541107
 0.0067009025086953774
 0.01035110012046361
 -0.18364283446131935
 -0.18364283446131938
 0
 0
 -0.099212000523843824
 -0.12806828071651832
 0
 -0.1280682807165183
 -0.12651270430902312
 -0.16166391985952711
 -0.14897006756326744
 -0.16098496804818943
 -0.16166391985952713
 -0.16098496804818943
 -0.16454345233114531
 -0.12985890239734274
 -0.077655531238810735
 -0.07259680858324942
 0
 -0.071403037439511249
 0
 -0.072596808583249406
 -0.077655531238810721
 -0.12985890239734271
 -0.16454345233114526
 -0.18039069778363997
 -0.16487058989407319
 -0.17666681958452179
 -0.14141347659089337
 -0.14734490739354317
 -0.11744157479260629
 -0.14453556642144627
 -0.15241472500667047
 -0.14271920397374674
 -0.11744157479260629
 -0.14734490739354317
 -0.17666681958452182
 -0.16487058989407322
 -0.18039069778364
 -0.15241472500667047
 -0.14453556642144627
 -0.17724698500514424
 -0.16717521650038222
 -0.13177338480489664
 -0.15222725655597866
 -0.1480949029364404
 -0.14915850642953729
 -0.12710525009718676
 -0.10514886680673567
 -0.10581627344784988
 -0.037950320201121317
 -0.074344730426289224
 -0.04447062365667797
 -0.10396192720028249
 -0.10225200744520681
 0
 -0.037371839822772097
 -0.037190875696575934
 -0.037279637823567822
 0
 -0.071761699276852345
 -0.10162538512234019
 0
 -0.037279637823567822
 -0.03795032020112131
 -0.03737183982277209
 0
 -0.071761699276852331
 -0.10225200744520681
 -0.044470623656677963
 -0.074344730426289224
 -0.13177338480489661
 -0.10581627344784987
 -0.10514886680673566
 -0.10396192720028248
