# Created by Octave 5.1.0, Tue Apr 21 22:16:05 2020 GMT <unknown@Thomas-PC>
# name: u_sol
# type: matrix
# rows: 2178
# columns: 1
 0.0047941958919182071
 -0.004812785218746285
 0
 0
 2.9833961747272042e-05
 -0.031014465590033069
 0
 0.030996802058780304
 -5.0123832835424764e-06
 0.0029179842422308866
 -7.2750783601804869e-06
 0.00074806680595429498
 -0.0029154811927583069
 -0.00077806720537410001
 -0.011754027481174489
 -0.012393275102112966
 -0.039006646373309195
 -0.013849955844989381
 0
 -1.7768911995119652e-06
 0
 0.013844949708982313
 0.038998731015453814
 0.012378101749163761
 0.011727959435802404
 0.0052045915826965938
 -0.0038238498841565161
 0.0012175469146313844
 -8.062331716018889e-06
 -0.0045768678637614357
 -0.0090480575890978798
 0.0025072602600175742
 -0.0011288747364233132
 -6.5999234664104733e-06
 0.0090131542056042235
 0.0045282365322236728
 -0.0012430613505785004
 0.0037888883924779293
 -0.0052218731170796673
 0.0011032689924377337
 -0.0025245886024549691
 -0.0053485891144191555
 -0.0057349162893842731
 -0.021381501225278043
 -0.013707338239782985
 -0.021538259108183411
 -0.0070045699312686338
 -0.0053898704916264251
 -0.037732366861746414
 -0.025957543439744768
 -0.015888790266785691
 -0.025011531545032994
 -0.031138334600427697
 -0.015117316650048451
 -0.0067480341069767746
 0
 -0.0082349058986892487
 -6.0640436760905914e-07
 -0.0035743901377713883
 0
 -0.0060929747535283241
 -3.3558860863536211e-06
 0
 0.0035730121440451512
 0.015886398962834392
 0.0082331208619734753
 0
 0.0060889959834184992
 0.0067404370893200394
 0.031134292702517996
 0.025005243737723504
 0.021364482540320751
 0.025946332030798658
 0.037719899481999164
 0.015107816054296563
 0.005377807405011481
 0.021515331225145928
 0.013684162332992855
 0.005707316966891085
 0.0053248465910655796
 0.0069826025924157875
 0.0047278337233365164
 0.0019386290018701402
 0.0033294504059995234
 -0.0036217773722455604
 -0.00029955422360217199
 0.0054566446269745938
 0.00017983880547944864
 -0.0013133108031979646
 -0.0019800181974005682
 -1.1655442932578808e-05
 -0.0037394246463691161
 -0.0059623515116982162
 -0.0017657161927218112
 -0.0026997048953489866
 -7.0783162584575621e-06
 -0.005710321078367997
 -0.0058895344415077489
 -0.0061150287838245276
 0.0019025356696147355
 0.0010986058955495537
 -5.8890464487149075e-06
 -0.00067214866885478841
 0.00073382109030717402
 0.001912574843117909
 -7.100182472186134e-06
 0.00018410900679555198
 -0.00079025553213796229
 -0.0051133536809402358
 -0.0029546123264481139
 -0.0031141159713570232
 0.0059186850448895711
 0.0036918484828731835
 0.0060717196083714953
 0.0058228955979302555
 0.0057302000495838001
 0.0026675104434161767
 0.0017431555925213615
 -0.0033503919848953956
 -0.001959479784090945
 -0.0047463657228945522
 0.0019461863208789509
 0.0012848602420945099
 -0.00021002702078476432
 -0.0054694824839316425
 0.00027825832057715161
 0.0035959201095465687
 -0.0011130912872658882
 -0.0019151301009969757
 0.00077159177999419626
 -0.00020050631906087801
 -0.0019368457342352485
 -0.0007545763421603624
 0.00064254890730808256
 0.0050684899016744112
 0.0030774151214245649
 0.0029208727180503047
 -0.004456212031072937
 -0.0033727621425896359
 -0.0086381927721959073
 -0.0052674243792409925
 -0.0078729425950712084
 -0.0027449845756208902
 -0.0030236523214171029
 -0.026247907306242269
 -0.022094719644883298
 -0.0265131394967284
 -0.013637337385262072
 -0.017756688154804579
 -0.01668724087994633
 -0.016476962948672735
 -0.017536317282065284
 -0.012905808133837127
 -0.004102050500250698
 -0.0025772947443556404
 -0.0038709260147697933
 -0.0044538397546602937
 -0.0086263196144500398
 -0.0067365449294811697
 -0.0099207815201225458
 -0.0095628997919448011
 -0.010139676450307888
 -0.0064852923778744298
 -0.034915634267235873
 -0.029630647149588185
 -0.032863493342119909
 -0.031943721910920431
 -0.039219347108428337
 -0.02419812904599894
 -0.018961448615755216
 -0.012097751070882623
 -0.022396870188913454
 -0.021116605614224682
 -0.01891511280996383
 -0.021603964846462986
 -0.015945501252645045
 -0.036581561340653934
 -0.028755946246974418
 -0.031985068709673214
 -0.0063071932020193344
 -0.0030602420630430061
 -0.014181093020852131
 -0.0099711727400517702
 -0.010547004904310597
 -0.010640852804954193
 -0.015041820552596619
 -0.026343114610881457
 -0.020306428019011946
 -0.020249916606189799
 0
 -0.0082358216436091425
 -0.0042535790786928374
 -0.0059242236705472351
 0
 -0.011475675624978976
 -0.011534515317634941
 -2.2570611291072851e-07
 -0.00089082064761214497
 0
 -0.0024289102355510295
 -0.0017240269452543089
 -1.1290105472738787e-06
 0
 -0.0018478340157912498
 -0.0029397550962357855
 -0.0032741391731860858
 -4.2189442481799233e-06
 -0.0096526395730052172
 -0.0066777008858025511
 -2.5285185358825402e-06
 -0.0032348049767847442
 -0.0029462681745826558
 -0.0056874628484138157
 -0.0050308048207625689
 -0.0079924414804963817
 0
 0.0008903498161458856
 0.0029391445729061161
 0.001847306410127203
 0
 0.0017227718130925496
 0.0024265808410746104
 0.012096528259689876
 0.0082348703124921485
 0
 0.011531290032962715
 0.011473629604324742
 0.015941838633125371
 0
 0.005923409225033538
 0.0042528715444518639
 0.0032671967445594419
 0.003051463121892084
 0.0029426049159724244
 0.0032295875867021095
 0.010540662487528607
 0.0066720245671376688
 0.0096481924863383028
 0.0056859013909615896
 0.0079895953481354809
 0.0050282687275284843
 0.021114408698508669
 0.022393886082682002
 0.031978015225377021
 0.028751009815550788
 0.036575648410462236
 0.021599765146902428
 0.018909495257503295
 0.026230454724554875
 0.029616049760079477
 0.03490062145056072
 0.018948217984871008
 0.024184105340282258
 0.0166709590012033
 0.039209251739066531
 0.031931839624121494
 0.032854129965471657
 0.0062974737218155497
 0.0025666088528168984
 0.015034716986974672
 0.010632338905907091
 0.0086126183750820928
 0.0099602147763562243
 0.014168902631809033
 0.026334487169151544
 0.02023949759768584
 0.02029855190176022
 0.026492760789096792
 0.022074324897857878
 0.012880330334155587
 0.017513130864699633
 0.016451986211450276
 0.017736553565555369
 0.01361781354262348
 0.0033484337895970384
 0.0044353613761813904
 0.0029948275516744616
 0.0027172228795393494
 0.0078472268622107322
 0.0052409363836147804
 0.0086114247319528658
 0.0040875179597605893
 0.0099023683060295298
 0.0067198540091339964
 0.0044337128001643578
 0.0038450701513284002
 0.0095370689305127598
 0.0064591968221066054
 0.010116816132722306
 0.0046921336252125911
 0.003950518810597714
 0.0042104524245587527
 0.0032911919488469721
 0.0036665613779405248
 0.0049221644612771343
 0.0022464397798103164
 0.0027076289788965369
 0.0012578666724039067
 -0.0017574943585714209
 0.00036400703629624331
 0.0048695185851101996
 -0.0026803152131833485
 -0.0018544292215665337
 -0.0041096647319136537
 0.0054497155806529918
 0.0018038202206298593
 0.0027189872334929532
 0.00030570015633202274
 -0.0009875624334654276
 -0.00068744493819394847
 -5.6946141739899758e-06
 -0.00078838560386884637
 0.00048348945881571126
 -0.0030594032078283817
 -0.0020062517480496922
 -0.0026311901792723802
 0.00095634538229205646
 -0.0012290793506508635
 0.00010035796049123746
 6.3868453452187168e-05
 -0.0023030019275438463
 -0.0031465064512303798
 -0.0016914862028443167
 -0.0020160893094498533
 -1.1351207689358489e-05
 -0.0080901988840196282
 -0.0043955060700682225
 -0.0058891755402328272
 -0.00067750433004221122
 -0.00092462615498334344
 -7.2089554237209086e-06
 -0.0037723885620835063
 -0.0022372736480065214
 -0.0031365411441584001
 -7.1020998291260184e-06
 -0.001169070319747334
 -0.0014176413484392469
 -0.0016185535623662872
 -0.0059610971484289621
 -0.0043087409667350585
 -0.0067123974695277866
 -0.0067661406810657354
 -0.0083000776903645601
 -0.0057618225825990521
 -0.0062804108390537294
 -0.0052590340619644849
 -0.0031787840084689378
 -0.004381650508094026
 -0.0050331936664065324
 0.0010959292696952616
 0.00092450790987186338
 -5.4757614833533808e-06
