# Created by Octave 5.1.0, Sat Feb 15 03:16:59 2020 GMT <unknown@Thomas-PC>
# name: contactConvergence
# type: matrix
# rows: 5
# columns: 1
 2.7791604101506762
 1.9394798072244321e-18
 1.2266347333466993e-18
 1.8653319485909126e-18
 1.0842021724855044e-18


