# Created by Octave 5.1.0, Thu Feb 27 03:42:20 2020 GMT <unknown@Thomas-PC>
# name: contactConvergence
# type: matrix
# rows: 17
# columns: 1
 6.4288230658001
 4.8216172993500752
 4.5286100331669861
 9.5077051392560168e-05
 4.7538525696280077e-05
 4.1596209984244991e-05
 3.1197157488183864e-05
 5.0769591202842562e-05
 4.9183041477753937e-05
 2.6826097723824316e-05
 1.462114394713726e-05
 7.3105719735686249e-06
 3.6552859867844967e-06
 9.0836632332188018e-20
 5.562635361933665e-20
 3.9829692269314212e-20
 6.3041390922771978e-20


