# Created by Octave 5.1.0, Sat Feb 15 04:00:16 2020 GMT <unknown@Thomas-PC>
# name: contactConvergence
# type: matrix
# rows: 6
# columns: 1
 4.3879090996442018
 0
 7.6664670834168709e-20
 3.8332335417084355e-20
 7.6664670834168709e-20
 2.6832634791959046e-19


