# Created by Octave 5.1.0, Sat Feb 15 03:27:40 2020 GMT <unknown@Thomas-PC>
# name: contactConvergence
# type: matrix
# rows: 6
# columns: 1
 3.6424971520691209
 4.4702800766818725e-19
 3.0665868333667484e-19
 1.5332934166833742e-19
 4.4702800766818725e-19
 4.5998802500501228e-19


