# Created by Octave 5.1.0, Fri Feb 21 14:03:43 2020 GMT <unknown@DESKTOP-8DF2H9O>
# name: contactConvergence
# type: matrix
# rows: 9
# columns: 1
 5.3479722663395179
 3.0304371987881752e-20
 1.3321865347064501e-19
 2.3439934702876232e-19
 1.4663214360429194e-19
 2.4036798306860151e-19
 1.4189761285039143e-19
 2.9318356746176233e-19
 5.1828450320468228e-20


