# Created by Octave 5.1.0, Sat Feb 15 03:27:40 2020 GMT <unknown@Thomas-PC>
# name: equilibriumConvergence
# type: matrix
# rows: 6
# columns: 1
 3.5500717070477097
 0.77169842156507362
 0.033855265830586012
 0.00016671741472954585
 2.4209980840954729e-09
 1.1649424591594055e-14


