# Created by Octave 5.1.0, Sat Feb 15 03:16:41 2020 GMT <unknown@Thomas-PC>
# name: equilibriumConvergence
# type: matrix
# rows: 5
# columns: 1
 6.5340974885998486
 1.0937010612943268
 0.02140134188873781
 1.2175393739446425e-05
 3.7872444281992952e-12


