# Created by Octave 5.1.0, Sat Feb 15 03:16:59 2020 GMT <unknown@Thomas-PC>
# name: equilibriumConvergence
# type: matrix
# rows: 5
# columns: 1
 5.2642143592302828
 0.76701631176326612
 0.021723211884388603
 4.4987798340229023e-05
 3.922682111140432e-11


