# Created by Octave 5.1.0, Sat Feb 15 04:00:16 2020 GMT <unknown@Thomas-PC>
# name: equilibriumConvergence
# type: matrix
# rows: 6
# columns: 1
 2.3094336902190586
 0.91638764998897748
 0.10305699181979951
 0.0026975515593514786
 1.094153705166652e-06
 4.2382974913296485e-13


