# Created by Octave 5.1.0, Thu Feb 27 03:42:20 2020 GMT <unknown@Thomas-PC>
# name: equilibriumConvergence
# type: matrix
# rows: 17
# columns: 1
 0.95796765295986741
 0.71449329071119905
 0.66962642046968335
 0.17891740899221489
 0.11160710184998993
 0.095720558292164346
 0.080773424317835268
 0.074533621030159397
 0.072307003825813038
 0.13486690965653675
 0.074277639629151057
 0.040884950089882403
 0.029237050492466922
 0.013168849529197084
 9.0200735821124704e-05
 2.5642208563472272e-09
 9.7209595533878279e-14


