# Created by Octave 5.1.0, Fri Feb 21 14:03:43 2020 GMT <unknown@DESKTOP-8DF2H9O>
# name: equilibriumConvergence
# type: matrix
# rows: 9
# columns: 1
 1.4702638013493188
 1.1895101841990232
 1.1533943807864733
 0.64684988505144991
 0.14941976834897042
 0.01257739818167135
 7.5218853289275321e-05
 5.4750505196729355e-09
 4.0303768120740109e-14


