# Created by Octave 5.1.0, Sat Feb 15 03:16:41 2020 GMT <unknown@Thomas-PC>
# name: lambda_sol
# type: matrix
# rows: 5
# columns: 1
 0
 -0.7462591267407932
 -22.106054140756658
 -0.74625912674079498
 0


