# Created by Octave 5.1.0, Sat Feb 15 03:16:59 2020 GMT <unknown@Thomas-PC>
# name: lambda_sol
# type: matrix
# rows: 9
# columns: 1
 0
 0
 0
 -18.910803063658488
 -13.14076109440188
 -18.910803063658488
 0
 0
 0


