# Created by Octave 5.1.0, Sat Feb 15 03:27:40 2020 GMT <unknown@Thomas-PC>
# name: lambda_sol
# type: matrix
# rows: 17
# columns: 1
 0
 0
 0
 0
 0
 -22.989045147041313
 -13.709337811782918
 -11.663086142465342
 -11.413654337900054
 -11.663086142465339
 -13.70933781178293
 -22.989045147041306
 0
 0
 0
 0
 0


