# Created by Octave 5.1.0, Sat Feb 15 04:00:16 2020 GMT <unknown@Thomas-PC>
# name: lambda_sol
# type: matrix
# rows: 33
# columns: 1
 0
 0
 0
 0
 0
 0
 0
 0
 0
 -27.950699062091161
 -17.675013878536546
 -14.120698909490043
 -12.542905294877784
 -11.678582563219821
 -11.185432273361121
 -10.942684722286414
 -10.857857263048533
 -10.942684722286414
 -11.185432273361121
 -11.678582563219816
 -12.5429052948778
 -14.12069890949004
 -17.675013878536546
 -27.950699062091168
 0
 0
 0
 0
 0
 0
 0
 0
 0


