# Created by Octave 5.1.0, Fri Feb 21 14:03:43 2020 GMT <unknown@DESKTOP-8DF2H9O>
# name: lambda_sol
# type: matrix
# rows: 65
# columns: 1
 0
 0
 0
 0
 0
 0
 0
 0
 0
 0
 0
 0
 0
 0
 0
 0
 0
 -33.401701642304808
 -23.888422105444501
 -18.525935183383602
 -15.971834558290702
 -14.419194445270273
 -13.371326185015985
 -12.62281415472852
 -12.069251211670469
 -11.651143953432067
 -11.332092047844542
 -11.088763281359686
 -10.905804235639463
 -10.773136426957709
 -10.684666061082684
 -10.638590655847754
 -10.593381818138658
 -10.638590655847759
 -10.684666061082682
 -10.773136426957711
 -10.905804235639462
 -11.088763281359684
 -11.33209204784454
 -11.651143953432056
 -12.069251211670496
 -12.622814154728509
 -13.371326185015981
 -14.41919444527027
 -15.9718345582907
 -18.525935183383602
 -23.88842210544448
 -33.401701642304808
 0
 0
 0
 0
 0
 0
 0
 0
 0
 0
 0
 0
 0
 0
 0
 0
 0


