# Created by Octave 5.1.0, Thu Feb 27 03:42:20 2020 GMT <unknown@Thomas-PC>
# name: lambda_sol
# type: matrix
# rows: 129
# columns: 1
 0
 0
 0
 0
 0
 0
 0
 0
 0
 0
 0
 0
 0
 0
 0
 0
 0
 0
 0
 0
 0
 0
 0
 0
 0
 0
 0
 0
 0
 0
 0
 0
 0
 -5.9253285313018074
 -46.260919709637982
 -29.470809284181044
 -23.737667231485357
 -20.560592709545297
 -18.486566041452203
 -17.012431641913874
 -15.905977716048408
 -15.04312001077694
 -14.351026356508958
 -13.783929354546242
 -13.311511174168787
 -12.912824369491982
 -12.57289113963912
 -12.280695212215754
 -12.027941328304111
 -11.808259048694003
 -11.616674748706224
 -11.449251470145816
 -11.302837227995964
 -11.174885397949398
 -11.063324251383452
 -10.966460817288867
 -10.882909314727204
 -10.811537695160389
 -10.751428152539985
 -10.701849447499201
 -10.662241560238826
 -10.632219611412946
 -10.611627995581813
 -10.600801670551892
 -10.57648067303338
 -10.60080167055189
 -10.611627995581813
 -10.632219611412944
 -10.662241560238828
 -10.701849447499203
 -10.751428152539987
 -10.811537695160391
 -10.882909314727204
 -10.966460817288867
 -11.063324251383452
 -11.174885397949399
 -11.302837227995965
 -11.449251470145816
 -11.61667474870622
 -11.808259048693982
 -12.027941328304165
 -12.280695212215733
 -12.57289113963912
 -12.912824369491982
 -13.311511174168789
 -13.783929354546242
 -14.351026356508958
 -15.04312001077694
 -15.905977716048413
 -17.012431641913878
 -18.486566041452207
 -20.560592709545311
 -23.737667231485375
 -29.470809284181069
 -46.260919709637996
 -5.9253285313016972
 0
 0
 0
 0
 0
 0
 0
 0
 0
 0
 0
 0
 0
 0
 0
 0
 0
 0
 0
 0
 0
 0
 0
 0
 0
 0
 0
 0
 0
 0
 0
 0
 0


