# Created by Octave 5.1.0, Sat Feb 15 03:16:36 2020 GMT <unknown@Thomas-PC>
# name: u_sol
# type: matrix
# rows: 18
# columns: 1
 -0.022274036324542924
 0.02227403632454281
 0
 0
 -4.7362614702291904e-17
 -0.029562097773650476
 0
 0.029562097773650462
 -4.7150420734516035e-17
 -0.21459095524288052
 -0.21459095524288058
 0
 0
 0.0098076211353315904
 -0.16567305333927609
 0
 -0.16567305333927607
 -0.13108154867160454


