# Created by Octave 5.1.0, Sat Feb 15 03:16:41 2020 GMT <unknown@Thomas-PC>
# name: u_sol
# type: matrix
# rows: 50
# columns: 1
 0.015886230856695611
 -0.015886230856695677
 0
 0
 -3.2298714015938261e-17
 -0.039497455131368486
 0
 0.039497455131368431
 -2.9658548258533549e-17
 0.013197467602148114
 -3.4225580805963691e-17
 -0.0067931903611374161
 -0.013197467602148174
 0.0067931903611373389
 -0.0041955358712330148
 -0.015433700463811867
 -0.067125579080474215
 -0.027204814464684531
 0
 -1.4958999384836191e-17
 0
 0.0272048144646845
 0.067125579080474188
 0.01543370046381181
 0.0041955358712329289
 -0.3176820695943085
 -0.3176820695943085
 0
 0
 -0.099999999999999992
 -0.23871280695083555
 0
 -0.23871280695083552
 -0.21482649092563894
 -0.25000000000000006
 -0.18933660157756554
 -0.26803538177274094
 -0.25
 -0.26803538177274094
 -0.29770493961357003
 -0.23827165289717236
 -0.16077950682456416
 -0.14559809507458157
 0
 -0.1311884665025623
 0
 -0.14559809507458157
 -0.16077950682456416
 -0.23827165289717236
 -0.29770493961357003


