# Created by Octave 5.1.0, Sat Feb 15 03:16:59 2020 GMT <unknown@Thomas-PC>
# name: u_sol
# type: matrix
# rows: 162
# columns: 1
 0.079288130761407768
 -0.079288130761407588
 0
 0
 5.8993609649573726e-17
 -0.026505168901337441
 0
 0.026505168901337514
 3.1236643322066567e-17
 0.059117641003531313
 5.2836272435879394e-17
 -0.010134533284675935
 -0.059117641003531174
 0.010134533284676048
 -0.0069083124660137092
 -0.0024631459985016836
 -0.064404780321651187
 -0.026741006937459014
 0
 1.034412595728294e-17
 0
 0.026741006937459042
 0.064404780321651214
 0.0024631459985017456
 0.0069083124660138384
 0.071532597644045473
 0.0087204404687486574
 0.021330418595119565
 5.7739164953293067e-17
 -0.003123507663335183
 0.030099485482478278
 -0.0091624524141157414
 -0.011395438980129728
 4.1513155575148435e-17
 -0.030099485482478164
 0.0031235076633353022
 -0.021330418595119419
 -0.0087204404687485238
 -0.07153259764404532
 0.011395438980129836
 0.0091624524141158299
 -0.031347472735794732
 0.0027761730088609752
 -0.01207510642362288
 0.0033115606601459798
 -0.008033582844785116
 0.0095352920375556729
 0.0016559395707815409
 -0.045782033647387345
 -0.030495234731037848
 -0.040390483454462951
 -0.045490487668370709
 -0.067481683564571168
 -0.017254145843254836
 -0.0077702205682461554
 0
 -0.023433160688968276
 4.2824725906795985e-18
 -0.010714407051661845
 0
 -0.012266145962005698
 2.180510914129453e-17
 0
 0.010714407051661854
 0.040390483454462972
 0.023433160688968287
 0
 0.012266145962005717
 0.0077702205682461971
 0.067481683564571196
 0.045490487668370737
 0.012075106423622941
 0.030495234731037896
 0.0457820336473874
 0.017254145843254881
 -0.0016559395707814748
 0.008033582844785208
 -0.0033115606601458866
 -0.0027761730088608542
 0.031347472735794885
 -0.0095352920375555879
 -0.3314653632838877
 -0.33146536328388765
 0
 0
 -0.10000000000000001
 -0.23732228396305935
 0
 -0.2373222839630594
 -0.20715400619448263
 -0.20726830240309194
 -0.17834481324506779
 -0.24411716671341407
 -0.20726830240309191
 -0.24411716671341405
 -0.30794618158513504
 -0.2269806988810619
 -0.15289506991622484
 -0.14591402209655213
 0
 -0.13585031449676579
 0
 -0.14591402209655216
 -0.15289506991622487
 -0.22698069888106193
 -0.30794618158513515
 -0.28140787306772996
 -0.23384936907821408
 -0.29071350705092225
 -0.14134515127762512
 -0.16248059579085974
 -0.099999999999999992
 -0.21225056559907812
 -0.19635049119137146
 -0.20138990410726995
 -0.099999999999999992
 -0.16248059579085972
 -0.29071350705092219
 -0.23384936907821405
 -0.28140787306772991
 -0.19635049119137143
 -0.21225056559907812
 -0.32927502340438342
 -0.2852259569233026
 -0.24146607899064068
 -0.26848307610361571
 -0.27551992117591301
 -0.24229735617378037
 -0.20964738051446291
 -0.19886228502047756
 -0.20451570760200521
 -0.079259835852310834
 -0.15286367103948456
 -0.093454739565203018
 -0.19628761644164378
 -0.18646341726060892
 0
 -0.07655870852686128
 -0.071534159601384428
 -0.074550367897749562
 0
 -0.13991401316668647
 -0.1824059543913111
 0
 -0.074550367897749562
 -0.079259835852310848
 -0.07655870852686128
 0
 -0.13991401316668647
 -0.18646341726060894
 -0.093454739565203018
 -0.15286367103948459
 -0.24146607899064074
 -0.20451570760200524
 -0.19886228502047759
 -0.1962876164416438
 -0.20964738051446291
 -0.27551992117591306
 -0.26848307610361577
 -0.28522595692330266
 -0.32927502340438353
 -0.2422973561737804


