# Created by Octave 5.1.0, Sat Feb 15 03:27:40 2020 GMT <unknown@Thomas-PC>
# name: u_sol
# type: matrix
# rows: 578
# columns: 1
 0.10733270366273688
 -0.10733270366273687
 0
 0
 1.020646706799411e-17
 -0.018057252482633877
 0
 0.018057252482633887
 9.6045936187587674e-19
 0.065275870309148901
 4.342883665191695e-18
 -0.013361621385143865
 -0.065275870309148887
 0.013361621385143883
 -0.004482625614571265
 0.0018023036895683864
 -0.062547121377099765
 -0.025879643323664301
 0
 5.8780741114957113e-19
 0
 0.025879643323664304
 0.062547121377099765
 -0.001802303689568381
 0.0044826256145712876
 0.09130198432456238
 0.0063219522513149034
 0.025596756726740336
 9.7750415199519561e-18
 0.0010017972491510167
 0.019419118765396752
 -0.0087983627664612058
 -0.0090155699827980714
 1.8269924298966517e-18
 -0.019419118765396738
 -0.0010017972491509998
 -0.025596756726740316
 -0.0063219522513148782
 -0.091301984324562352
 0.009015569982798087
 0.0087983627664612128
 -0.042761489700660966
 0.007015038033903547
 -0.0047412296653475622
 0.010295177035881918
 -0.00017498761794663455
 0.013313283707657679
 0.0025994264582863062
 -0.041358557859369718
 -0.0260072709147528
 -0.042911615408253008
 -0.043695459025557451
 -0.067550424313002955
 -0.014143705838110421
 -0.0060219057474756301
 0
 -0.024230517217881494
 1.1180568667084827e-18
 -0.010783759521404632
 0
 -0.011697799238576988
 -4.7623896640392864e-19
 0
 0.010783759521404635
 0.042911615408253001
 0.024230517217881498
 0
 0.011697799238576992
 0.0060219057474756301
 0.067550424313002941
 0.043695459025557451
 0.0047412296653475752
 0.026007270914752804
 0.041358557859369725
 0.014143705838110423
 -0.0025994264582863084
 0.00017498761794664842
 -0.010295177035881904
 -0.0070150380339035305
 0.042761489700660987
 -0.013313283707657666
 0.098646182663016529
 0.054873714962698134
 0.06428450422736523
 0.028479848106295575
 0.043206791782395261
 0.08188983464206899
 -0.0014495541540668416
 0.016026631376995077
 -0.0066796398401334769
 8.4248480657133919e-18
 0.0058573181984631151
 0.0086002154618646329
 -0.0023887587278646903
 0.001324631677764571
 6.3778218197021655e-18
 0.036314282176799592
 0.011035967840968776
 0.013732706492043232
 -0.0034910019024317384
 -0.0046897839014084647
 1.8758281095494612e-18
 -0.01269803110180481
 -0.009883599464386876
 -0.01363745296644751
 4.9192270907500176e-18
 -0.0051159326069439128
 -0.0044681898743684067
 -0.00017415134045864581
 -0.0056111932716737872
 -0.0084635863632456561
 -0.0086002154618646139
 -0.005857318198463096
 -0.013732706492043204
 -0.011035967840968754
 -0.036314282176799578
 -0.0013246316777645532
 0.0023887587278647051
 -0.064284504227365216
 -0.054873714962698113
 -0.098646182663016502
 0.0066796398401334977
 -0.01602663137699506
 0.001449554154066858
 -0.081889834642068976
 -0.043206791782395247
 -0.028479848106295547
 0.0046897839014084699
 0.0034910019024317444
 0.0044681898743684197
 0.0051159326069439249
 0.013637452966447522
 0.0098835994643868916
 0.012698031101804825
 0.00017415134045866974
 0.0084635863632456752
 0.0056111932716738063
 -0.073550419973797937
 -0.034184940990939418
 0.0018631083628066359
 -0.0117996036642504
 -0.019115317514156804
 -0.005059253371733026
 0.011094772805916033
 -0.010504527985765922
 -0.00044807480239083907
 -0.0072192856448008895
 0.0073233816432805915
 0.0043450633456024665
 -0.0006709281238311722
 0.0013526661463614889
 0.0060342042648789829
 0.0073529042746112794
 0.0062305318082471767
 0.0015450871160207398
 0.01522688646030116
 0.011893624145478994
 0.0028091958258098315
 0.0080699769930763828
 0.0085352701385166679
 0.011674692062042949
 0.012754197727796955
 0.014423382676557402
 -0.029073009851995662
 -0.021533105834484565
 -0.044406136860508726
 -0.033310990496461065
 -0.053013995530452732
 -0.015159701749446218
 -0.010051855417855901
 -0.03769865524046144
 -0.055314480597943513
 -0.055757019466804385
 -0.03440035295369713
 -0.047041806007985146
 -0.036596375350499109
 -0.068232782305096468
 -0.057989532070616238
 -0.05328834438575069
 -0.0018959856131912508
 -0.00091175773812217495
 -0.0062169035536771972
 -0.003565626054012326
 -0.014839179754470742
 -0.0096647266569133954
 -0.021056826152854261
 -0.036017037507370196
 -0.028153048455199184
 -0.019589308201231732
 0
 -0.028066438827821626
 -0.015404568103551943
 -0.021040405285695934
 0
 -0.032726755993850797
 -0.027364887481550457
 2.4508976428271294e-18
 -0.0032221186492307355
 0
 -0.0059876342594249524
 -0.0052177391094172217
 1.6894158634546272e-18
 0
 -0.0067344750662641263
 -0.010723680767443155
 -0.0029287312862229234
 1.5112325882480842e-18
 -0.01834025344420636
 -0.0094305723102771633
 1.7716744761889844e-20
 -0.0045972115578172615
 -0.0057014964062045486
 -0.017020701201431641
 -0.012313445009731722
 -0.019340302364468348
 0
 0.0032221186492307407
 0.010723680767443162
 0.006734475066264128
 0
 0.0052177391094172252
 0.0059876342594249567
 0.03769865524046144
 0.028066438827821623
 0
 0.02736488748155046
 0.032726755993850803
 0.036596375350499109
 0
 0.02104040528569593
 0.015404568103551947
 0.0029287312862229216
 0.00091175773812217451
 0.0057014964062045495
 0.0045972115578172624
 0.014839179754470742
 0.0094305723102771667
 0.018340253444206363
 0.017020701201431645
 0.019340302364468352
 0.012313445009731725
 0.055757019466804371
 0.055314480597943513
 0.053288344385750697
 0.057989532070616238
 0.068232782305096468
 0.047041806007985146
 0.03440035295369713
 0.01050452798576593
 0.021533105834484569
 0.029073009851995669
 0.01005185541785591
 0.015159701749446223
 0.00067092812383118543
 0.053013995530452739
 0.033310990496461072
 0.044406136860508733
 0.0018959856131912475
 -0.0015450871160207365
 0.021056826152854265
 0.0096647266569133937
 -0.0028091958258098268
 0.0035656260540123282
 0.0062169035536772015
 0.036017037507370203
 0.019589308201231739
 0.028153048455199187
 0.0072192856448009043
 0.00044807480239085392
 -0.0073529042746112603
 -0.0060342042648789665
 -0.0013526661463614737
 -0.0043450633456024526
 -0.0073233816432805793
 0.034184940990939439
 0.073550419973797951
 -0.01109477280591601
 0.0050592533717330442
 0.019115317514156828
 0.011799603664250424
 -0.0018631083628066164
 -0.006230531808247175
 -0.0085352701385166558
 -0.0080699769930763776
 -0.011893624145478983
 -0.015226886460301146
 -0.011674692062042937
 -0.014423382676557385
 -0.012754197727796941
 -0.32192567194869109
 -0.32192567194869109
 0
 0
 -0.10000000000000001
 -0.22622549076833992
 0
 -0.22622549076833992
 -0.19755793360863858
 -0.160518947575986
 -0.17093435713256097
 -0.22195510478612751
 -0.160518947575986
 -0.22195510478612751
 -0.30075045008228535
 -0.21717068303951201
 -0.14454266705394092
 -0.14349158314985588
 0
 -0.13518280551355699
 0
 -0.14349158314985586
 -0.14454266705394092
 -0.21717068303951201
 -0.30075045008228535
 -0.25540962668746331
 -0.20307821456182604
 -0.27133694483961612
 -0.13799630261575666
 -0.14779982579965042
 -0.10000000000000001
 -0.20172394980593802
 -0.18327712846114994
 -0.19245466103135223
 -0.099999999999999992
 -0.1477998257996504
 -0.27133694483961612
 -0.20307821456182604
 -0.25540962668746331
 -0.18327712846114994
 -0.20172394980593802
 -0.32505030143163094
 -0.26890135089359829
 -0.23130467567155652
 -0.25482970194107296
 -0.26440385783676995
 -0.22687635191063787
 -0.2020151080369805
 -0.18826965466597118
 -0.19730805569880394
 -0.079487902279534214
 -0.14852293223024438
 -0.089660401032026965
 -0.19049009131845895
 -0.18147150301258155
 0
 -0.07628719069367508
 -0.072777636718704422
 -0.074374410565090754
 0
 -0.1380154566714154
 -0.17772620908958073
 0
 -0.074374410565090754
 -0.079487902279534201
 -0.076287190693675067
 0
 -0.1380154566714154
 -0.18147150301258155
 -0.089660401032026965
 -0.14852293223024438
 -0.23130467567155652
 -0.19730805569880394
 -0.18826965466597118
 -0.19049009131845895
 -0.2020151080369805
 -0.26440385783676995
 -0.25482970194107296
 -0.26890135089359823
 -0.32505030143163094
