# Created by Octave 5.1.0, Sat Feb 15 04:00:16 2020 GMT <unknown@Thomas-PC>
# name: u_sol
# type: matrix
# rows: 2178
# columns: 1
 0.1166582418262197
 -0.1166582418262198
 0
 0
 -4.0995457844227633e-17
 -0.014641599604084688
 0
 0.01464159960408464
 -2.0957511529885967e-17
 0.058380350307898482
 -3.2877283262331649e-17
 -0.014349843952274177
 -0.058380350307898565
 0.01434984395227411
 -0.001440647700476506
 0.002669446614807711
 -0.061427287832256566
 -0.025407733691575597
 0
 -9.74152870445524e-18
 0
 0.025407733691575576
 0.061427287832256545
 -0.0026694466148077575
 0.0014406477004764292
 0.097186482733933363
 0.0027661240340688003
 0.024042037218496064
 -3.8434774190258187e-17
 0.0019662690763622846
 0.013755217033843074
 -0.0083130244522811574
 -0.007815910417687779
 -2.6612832462897133e-17
 -0.013755217033843156
 -0.0019662690763623597
 -0.024042037218496144
 -0.0027661240340688792
 -0.09718648273393346
 0.0078159104176877148
 0.0083130244522811036
 -0.045675882854626336
 0.01041862430057206
 -0.0024253158038653193
 0.013199610672993599
 0.0036454727394548575
 0.014111600910599386
 0.0026125521322860577
 -0.039608684358657768
 -0.024486322260778504
 -0.04327010210195853
 -0.042826478617928175
 -0.067047979507830341
 -0.013174705279929593
 -0.0055058503893347264
 0
 -0.024323460841037162
 -5.2059899754507535e-18
 -0.010758628512135058
 0
 -0.011460718019899048
 -1.6214708443962052e-17
 0
 0.010758628512135047
 0.043270102101958523
 0.024323460841037155
 0
 0.011460718019899027
 0.0055058503893346943
 0.067047979507830327
 0.042826478617928154
 0.0024253158038652742
 0.024486322260778473
 0.039608684358657734
 0.013174705279929564
 -0.0026125521322860994
 -0.0036454727394549177
 -0.013199610672993656
 -0.010418624300572129
 0.045675882854626246
 -0.014111600910599443
 0.10599946906177919
 0.056395864009136751
 0.068550656723683115
 0.0216401767143783
 0.040752882370371904
 0.085063462885689695
 -0.0046326554149213007
 0.01245515929627351
 -0.0083771329319784465
 -3.9738135297977067e-17
 0.0048508446001529126
 0.0063413436302646089
 -0.0016577556120135973
 0.0015228864649229291
 -3.4254055944281121e-17
 0.024903922971463648
 0.0095164302141623712
 0.012633416703827078
 -0.0031812486151721465
 -0.0042683771733388358
 -2.3559182941615971e-17
 -0.011878280189566829
 -0.0090659683991987771
 -0.013200834924240267
 -2.9144588334694467e-17
 -0.004534409017062856
 -0.003724176426663874
 0.00072367520894959906
 -0.0041750524868887431
 -0.0073533245547495281
 -0.0063413436302646869
 -0.0048508446001529933
 -0.012633416703827159
 -0.009516430214162451
 -0.024903922971463731
 -0.0015228864649230059
 0.0016577556120135248
 -0.068550656723683212
 -0.056395864009136834
 -0.10599946906177929
 0.0083771329319783719
 -0.012455159296273588
 0.004632655414921227
 -0.085063462885689778
 -0.040752882370371987
 -0.02164017671437838
 0.0042683771733387811
 0.003181248615172098
 0.0037241764266638081
 0.0045344090170627953
 0.013200834924240207
 0.0090659683991987164
 0.011878280189566761
 -0.0007236752089496742
 0.0073533245547494561
 0.0041750524868886712
 -0.080303898731395637
 -0.034792182163792124
 0.0053245648001163937
 -0.0097046104452060411
 -0.018343435250764772
 -0.002061583045632216
 0.01374528439781264
 -0.0075620321465523681
 0.0027148621272538426
 -0.0036642527440816216
 0.0090397636647194038
 0.0068905211145935084
 0.0009131925177217001
 0.005206144541953229
 0.0095690271489141509
 0.011129497068053175
 0.0060073178527623927
 0.0014717000634348134
 0.016029247954817989
 0.011788771517760688
 0.0031245392182560733
 0.0082145393431393571
 0.0093723346040850211
 0.014937360620107398
 0.014684701765386271
 0.016658511974081549
 -0.026791643348389193
 -0.019349432733752489
 -0.043043414600783356
 -0.031603168316600386
 -0.051606490655936373
 -0.013289725689808038
 -0.0086115080556777805
 -0.039255190578981546
 -0.055205031881170027
 -0.055398863374408192
 -0.03373776182021173
 -0.046628609085950533
 -0.036407397419986942
 -0.067412250753912453
 -0.057347404705088457
 -0.052252191718536192
 -0.0014632521847453008
 -0.00061782078343760596
 -0.0052080206397820232
 -0.0029020814349007885
 -0.014257223813855333
 -0.0089452406685326443
 -0.020275926889899258
 -0.034805259806663214
 -0.027149931729426605
 -0.018336815745555901
 0
 -0.028630456289620271
 -0.015365084193092033
 -0.021176065368069256
 0
 -0.032968285558130091
 -0.027249652536747566
 -2.2292832189433776e-18
 -0.0031937847954202872
 0
 -0.0059322418834483245
 -0.0051979746741008291
 -7.6635528040255868e-18
 0
 -0.0066622693443673586
 -0.01063453489143412
 -0.0026238337109236744
 -1.928820739425474e-17
 -0.01800224912476886
 -0.0090208813429421102
 -1.2537326615327491e-17
 -0.0043648420593064684
 -0.0055651274213408377
 -0.017025828297688134
 -0.01222962421166437
 -0.019242690176934106
 0
 0.003193784795420282
 0.010634534891434117
 0.0066622693443673534
 0
 0.0051979746741008179
 0.0059322418834483089
 0.039255190578981546
 0.028630456289620271
 0
 0.027249652536747555
 0.032968285558130084
 0.036407397419986935
 0
 0.021176065368069253
 0.015365084193092031
 0.0026238337109236415
 0.00061782078343756628
 0.0055651274213408186
 0.0043648420593064442
 0.014257223813855307
 0.0090208813429420841
 0.018002249124768843
 0.017025828297688124
 0.019242690176934092
 0.012229624211664356
 0.055398863374408192
 0.055205031881170021
 0.052252191718536171
 0.057347404705088444
 0.067412250753912439
 0.046628609085950512
 0.033737761820211709
 0.007562032146552323
 0.019349432733752451
 0.026791643348389151
 0.0086115080556777423
 0.013289725689807998
 -0.00091319251772174488
 0.051606490655936345
 0.031603168316600351
 0.043043414600783328
 0.0014632521847452637
 -0.0014717000634348577
 0.02027592688989923
 0.0089452406685326131
 -0.0031245392182561141
 0.0029020814349007512
 0.0052080206397819859
 0.034805259806663193
 0.018336815745555873
 0.027149931729426577
 0.0036642527440815665
 -0.0027148621272538955
 -0.01112949706805324
 -0.0095690271489142116
 -0.0052061445419532941
 -0.0068905211145935587
 -0.0090397636647194558
 0.03479218216379204
 0.08030389873139554
 -0.013745284397812708
 0.0020615830456321405
 0.018343435250764688
 0.009704610445205963
 -0.0053245648001164674
 -0.0060073178527624421
 -0.0093723346040850697
 -0.0082145393431394039
 -0.011788771517760744
 -0.016029247954818051
 -0.014937360620107462
 -0.016658511974081615
 -0.01468470176538633
 0.11095660355320285
 0.087304654555358713
 0.092715929879398279
 0.076095102558247946
 0.08192273206401314
 0.10158212254244495
 0.045072612104854366
 0.062740172433710842
 0.038930255514249529
 0.036577199357274132
 0.049802429657898349
 0.074667067669698745
 0.017481008467660843
 0.031285288804618248
 0.010898200912665071
 0.092041475270151801
 0.060687443503230055
 0.069241099194596631
 -0.011467638295412556
 -0.007045344525251138
 -0.011943744180950809
 0.01828876364540899
 0.0027626565036020581
 0.0071579848446335853
 -0.0035362350010279199
 -0.00098507227587308222
 0.0070182267470279922
 0.049150199650749869
 0.024908058365762206
 0.032194915496771496
 -3.997162030639099e-17
 0.0029408428388940761
 0.003098112328931276
 0.0016805944668404778
 0.0024282134717015071
 -3.9409545221613034e-17
 0.0098297571197503378
 0.0059639076093917723
 0.0091366277330248574
 -0.0013750139621470136
 -0.00076294890786838079
 -3.3805598804404635e-17
 0.0019504619587255374
 -0.00017259146579556235
 -0.00060325043243333193
 -3.5833312856880183e-17
 -1.2443312914926839e-05
 0.00082915382329258678
 0.035384435654521214
 0.01977281695636221
 0.02356648856842122
 0.012524267142542636
 0.016146680064399555
 0.01849206500786494
 0.0062426802485866231
 0.011436847314553949
 0.0057429378732738578
 0.0032749845345117607
 0.0046832774578462648
 0.0072438176382056737
 -0.0012539814089305417
 -0.0016279770125843314
 -2.0841326238093474e-17
 -0.0063341703742949068
 -0.0038118330979324748
 -0.0056203891798899406
 -2.5483204513931988e-17
 -0.0019306544231779666
 -0.002149490888868602
