# Created by Octave 5.1.0, Tue Apr 07 17:35:49 2020 GMT <unknown@DESKTOP-8DF2H9O>
# name: edges
# type: matrix
# rows: 308
# columns: 2
 1 36
 36 13
 13 37
 37 15
 15 38
 38 1
 36 37
 37 38
 38 36
 2 39
 39 14
 14 40
 40 13
 13 41
 41 2
 39 40
 40 41
 41 39
 4 42
 42 15
 15 43
 43 14
 14 44
 44 4
 42 43
 43 44
 44 42
 40 43
 43 37
 37 40
 2 45
 45 16
 16 46
 46 14
 45 46
 46 39
 39 45
 5 47
 47 17
 17 48
 48 16
 16 49
 49 5
 47 48
 48 49
 49 47
 14 50
 50 17
 17 51
 51 4
 44 50
 50 51
 51 44
 48 50
 50 46
 46 48
 2 52
 52 18
 18 53
 53 16
 52 53
 53 45
 45 52
 3 54
 54 19
 19 55
 55 18
 18 56
 56 3
 54 55
 55 56
 56 54
 16 57
 57 19
 19 58
 58 5
 49 57
 57 58
 58 49
 55 57
 57 53
 53 55
 3 59
 59 20
 20 60
 60 19
 59 60
 60 54
 54 59
 6 61
 61 21
 21 62
 62 20
 20 63
 63 6
 61 62
 62 63
 63 61
 19 64
 64 21
 21 65
 65 5
 58 64
 64 65
 65 58
 62 64
 64 60
 60 62
 17 66
 66 23
 23 67
 67 4
 51 66
 66 67
 67 51
 5 68
 68 22
 22 69
 69 17
 68 69
 69 47
 47 68
 7 70
 70 23
 23 71
 71 22
 22 72
 72 7
 70 71
 71 72
 72 70
 69 71
 71 66
 66 69
 5 73
 73 24
 24 74
 74 22
 73 74
 74 68
 68 73
 8 75
 75 25
 25 76
 76 24
 24 77
 77 8
 75 76
 76 77
 77 75
 22 78
 78 25
 25 79
 79 7
 72 78
 78 79
 79 72
 76 78
 78 74
 74 76
 21 80
 80 24
 65 80
 80 73
 73 65
 6 81
 81 26
 26 82
 82 21
 81 82
 82 61
 61 81
 24 83
 83 26
 26 84
 84 8
 77 83
 83 84
 84 77
 82 83
 83 80
 80 82
 6 85
 85 27
 27 86
 86 26
 85 86
 86 81
 81 85
 9 87
 87 28
 28 88
 88 27
 27 89
 89 9
 87 88
 88 89
 89 87
 26 90
 90 28
 28 91
 91 8
 84 90
 90 91
 91 84
 88 90
 90 86
 86 88
 25 92
 92 30
 30 93
 93 7
 79 92
 92 93
 93 79
 8 94
 94 29
 29 95
 95 25
 94 95
 95 75
 75 94
 10 96
 96 30
 30 97
 97 29
 29 98
 98 10
 96 97
 97 98
 98 96
 95 97
 97 92
 92 95
 8 99
 99 31
 31 100
 100 29
 99 100
 100 94
 94 99
 11 101
 101 32
 32 102
 102 31
 31 103
 103 11
 101 102
 102 103
 103 101
 29 104
 104 32
 32 105
 105 10
 98 104
 104 105
 105 98
 102 104
 104 100
 100 102
 28 106
 106 31
 91 106
 106 99
 99 91
 9 107
 107 33
 33 108
 108 28
 107 108
 108 87
 87 107
 31 109
 109 33
 33 110
 110 11
 103 109
 109 110
 110 103
 108 109
 109 106
 106 108
 9 111
 111 34
 34 112
 112 33
 111 112
 112 107
 107 111
 12 113
 113 35
 35 114
 114 34
 34 115
 115 12
 113 114
 114 115
 115 113
 33 116
 116 35
 35 117
 117 11
 110 116
 116 117
 117 110
 114 116
 116 112
 112 114


# name: elements
# type: matrix
# rows: 192
# columns: 3
 1 36 38
 13 37 36
 15 38 37
 36 37 38
 2 39 41
 14 40 39
 13 41 40
 39 40 41
 4 42 44
 15 43 42
 14 44 43
 42 43 44
 13 40 37
 14 43 40
 15 37 43
 40 43 37
 2 45 39
 16 46 45
 14 39 46
 45 46 39
 5 47 49
 17 48 47
 16 49 48
 47 48 49
 4 44 51
 14 50 44
 17 51 50
 44 50 51
 16 48 46
 17 50 48
 14 46 50
 48 50 46
 2 52 45
 18 53 52
 16 45 53
 52 53 45
 3 54 56
 19 55 54
 18 56 55
 54 55 56
 5 49 58
 16 57 49
 19 58 57
 49 57 58
 18 55 53
 19 57 55
 16 53 57
 55 57 53
 3 59 54
 20 60 59
 19 54 60
 59 60 54
 6 61 63
 21 62 61
 20 63 62
 61 62 63
 5 58 65
 19 64 58
 21 65 64
 58 64 65
 20 62 60
 21 64 62
 19 60 64
 62 64 60
 4 51 67
 17 66 51
 23 67 66
 51 66 67
 5 68 47
 22 69 68
 17 47 69
 68 69 47
 7 70 72
 23 71 70
 22 72 71
 70 71 72
 17 69 66
 22 71 69
 23 66 71
 69 71 66
 5 73 68
 24 74 73
 22 68 74
 73 74 68
 8 75 77
 25 76 75
 24 77 76
 75 76 77
 7 72 79
 22 78 72
 25 79 78
 72 78 79
 24 76 74
 25 78 76
 22 74 78
 76 78 74
 5 65 73
 21 80 65
 24 73 80
 65 80 73
 6 81 61
 26 82 81
 21 61 82
 81 82 61
 8 77 84
 24 83 77
 26 84 83
 77 83 84
 21 82 80
 26 83 82
 24 80 83
 82 83 80
 6 85 81
 27 86 85
 26 81 86
 85 86 81
 9 87 89
 28 88 87
 27 89 88
 87 88 89
 8 84 91
 26 90 84
 28 91 90
 84 90 91
 27 88 86
 28 90 88
 26 86 90
 88 90 86
 7 79 93
 25 92 79
 30 93 92
 79 92 93
 8 94 75
 29 95 94
 25 75 95
 94 95 75
 10 96 98
 30 97 96
 29 98 97
 96 97 98
 25 95 92
 29 97 95
 30 92 97
 95 97 92
 8 99 94
 31 100 99
 29 94 100
 99 100 94
 11 101 103
 32 102 101
 31 103 102
 101 102 103
 10 98 105
 29 104 98
 32 105 104
 98 104 105
 31 102 100
 32 104 102
 29 100 104
 102 104 100
 8 91 99
 28 106 91
 31 99 106
 91 106 99
 9 107 87
 33 108 107
 28 87 108
 107 108 87
 11 103 110
 31 109 103
 33 110 109
 103 109 110
 28 108 106
 33 109 108
 31 106 109
 108 109 106
 9 111 107
 34 112 111
 33 107 112
 111 112 107
 12 113 115
 35 114 113
 34 115 114
 113 114 115
 11 110 117
 33 116 110
 35 117 116
 110 116 117
 34 114 112
 35 116 114
 33 112 116
 114 116 112


# name: level
# type: scalar
2


# name: name
# type: sq_string
# elements: 1
# length: 8
Rechteck


# name: newVertInfo
# type: matrix
# rows: 82
# columns: 2
 1 13
 13 15
 15 1
 2 14
 14 13
 13 2
 4 15
 15 14
 14 4
 2 16
 16 14
 5 17
 17 16
 16 5
 14 17
 17 4
 2 18
 18 16
 3 19
 19 18
 18 3
 16 19
 19 5
 3 20
 20 19
 6 21
 21 20
 20 6
 19 21
 21 5
 17 23
 23 4
 5 22
 22 17
 7 23
 23 22
 22 7
 5 24
 24 22
 8 25
 25 24
 24 8
 22 25
 25 7
 21 24
 6 26
 26 21
 24 26
 26 8
 6 27
 27 26
 9 28
 28 27
 27 9
 26 28
 28 8
 25 30
 30 7
 8 29
 29 25
 10 30
 30 29
 29 10
 8 31
 31 29
 11 32
 32 31
 31 11
 29 32
 32 10
 28 31
 9 33
 33 28
 31 33
 33 11
 9 34
 34 33
 12 35
 35 34
 34 12
 33 35
 35 11


# name: noEdge
# type: scalar
308


# name: noElem
# type: scalar
192


# name: noVert
# type: scalar
117


# name: vertices
# type: matrix
# rows: 117
# columns: 2
 -1 0
 0 0
 1 0
 -1 1
 0 1
 1 1
 -1 2
 0 2
 1 2
 -1 3
 0 3
 1 3
 -0.5 0
 -0.5 0.5
 -1 0.5
 0 0.5
 -0.5 1
 0.5 0
 0.5 0.5
 1 0.5
 0.5 1
 -0.5 1.5
 -1 1.5
 0 1.5
 -0.5 2
 0.5 1.5
 1 1.5
 0.5 2
 -0.5 2.5
 -1 2.5
 0 2.5
 -0.5 3
 0.5 2.5
 1 2.5
 0.5 3
 -0.75 0
 -0.75 0.25
 -1 0.25
 -0.25 0.25
 -0.5 0.25
 -0.25 0
 -1 0.75
 -0.75 0.5
 -0.75 0.75
 0 0.25
 -0.25 0.5
 -0.25 1
 -0.25 0.75
 0 0.75
 -0.5 0.75
 -0.75 1
 0.25 0
 0.25 0.25
 0.75 0.25
 0.5 0.25
 0.75 0
 0.25 0.5
 0.25 0.75
 1 0.25
 0.75 0.5
 0.75 1
 0.75 0.75
 1 0.75
 0.5 0.75
 0.25 1
 -0.75 1.25
 -1 1.25
 -0.25 1.25
 -0.5 1.25
 -1 1.75
 -0.75 1.5
 -0.75 1.75
 0 1.25
 -0.25 1.5
 -0.25 2
 -0.25 1.75
 0 1.75
 -0.5 1.75
 -0.75 2
 0.25 1.25
 0.75 1.25
 0.5 1.25
 0.25 1.5
 0.25 1.75
 1 1.25
 0.75 1.5
 0.75 2
 0.75 1.75
 1 1.75
 0.5 1.75
 0.25 2
 -0.75 2.25
 -1 2.25
 -0.25 2.25
 -0.5 2.25
 -1 2.75
 -0.75 2.5
 -0.75 2.75
 0 2.25
 -0.25 2.5
 -0.25 3
 -0.25 2.75
 0 2.75
 -0.5 2.75
 -0.75 3
 0.25 2.25
 0.75 2.25
 0.5 2.25
 0.25 2.5
 0.25 2.75
 1 2.25
 0.75 2.5
 0.75 3
 0.75 2.75
 1 2.75
 0.5 2.75
 0.25 3


