# Created by Octave 5.1.0, Tue Apr 07 18:02:42 2020 GMT <unknown@DESKTOP-8DF2H9O>
# name: edges
# type: matrix
# rows: 23
# columns: 2
 1 2
 2 3
 1 4
 2 4
 2 5
 3 5
 3 6
 4 5
 5 6
 4 7
 5 7
 5 8
 6 8
 6 9
 7 8
 8 9
 7 10
 8 10
 8 11
 9 11
 9 12
 10 11
 11 12


# name: elements
# type: matrix
# rows: 12
# columns: 3
 1 2 4
 2 5 4
 2 3 5
 3 6 5
 4 5 7
 5 8 7
 5 6 8
 6 9 8
 7 8 10
 8 11 10
 8 9 11
 9 12 11


# name: level
# type: scalar
0


# name: name
# type: sq_string
# elements: 1
# length: 8
Rechteck


# name: newVertInfo
# type: matrix
# rows: 308
# columns: 2
 1 36
 36 38
 38 1
 13 37
 37 36
 36 13
 15 38
 38 37
 37 15
 2 39
 39 41
 41 2
 14 40
 40 39
 39 14
 13 41
 41 40
 40 13
 4 42
 42 44
 44 4
 15 43
 43 42
 42 15
 14 44
 44 43
 43 14
 40 37
 43 40
 37 43
 2 45
 45 39
 16 46
 46 45
 45 16
 39 46
 46 14
 5 47
 47 49
 49 5
 17 48
 48 47
 47 17
 16 49
 49 48
 48 16
 44 51
 51 4
 14 50
 50 44
 17 51
 51 50
 50 17
 48 46
 50 48
 46 50
 2 52
 52 45
 18 53
 53 52
 52 18
 45 53
 53 16
 3 54
 54 56
 56 3
 19 55
 55 54
 54 19
 18 56
 56 55
 55 18
 49 58
 58 5
 16 57
 57 49
 19 58
 58 57
 57 19
 55 53
 57 55
 53 57
 3 59
 59 54
 20 60
 60 59
 59 20
 54 60
 60 19
 6 61
 61 63
 63 6
 21 62
 62 61
 61 21
 20 63
 63 62
 62 20
 58 65
 65 5
 19 64
 64 58
 21 65
 65 64
 64 21
 62 60
 64 62
 60 64
 51 67
 67 4
 17 66
 66 51
 23 67
 67 66
 66 23
 5 68
 68 47
 22 69
 69 68
 68 22
 47 69
 69 17
 7 70
 70 72
 72 7
 23 71
 71 70
 70 23
 22 72
 72 71
 71 22
 69 66
 71 69
 66 71
 5 73
 73 68
 24 74
 74 73
 73 24
 68 74
 74 22
 8 75
 75 77
 77 8
 25 76
 76 75
 75 25
 24 77
 77 76
 76 24
 72 79
 79 7
 22 78
 78 72
 25 79
 79 78
 78 25
 76 74
 78 76
 74 78
 65 73
 21 80
 80 65
 73 80
 80 24
 6 81
 81 61
 26 82
 82 81
 81 26
 61 82
 82 21
 77 84
 84 8
 24 83
 83 77
 26 84
 84 83
 83 26
 82 80
 83 82
 80 83
 6 85
 85 81
 27 86
 86 85
 85 27
 81 86
 86 26
 9 87
 87 89
 89 9
 28 88
 88 87
 87 28
 27 89
 89 88
 88 27
 84 91
 91 8
 26 90
 90 84
 28 91
 91 90
 90 28
 88 86
 90 88
 86 90
 79 93
 93 7
 25 92
 92 79
 30 93
 93 92
 92 30
 8 94
 94 75
 29 95
 95 94
 94 29
 75 95
 95 25
 10 96
 96 98
 98 10
 30 97
 97 96
 96 30
 29 98
 98 97
 97 29
 95 92
 97 95
 92 97
 8 99
 99 94
 31 100
 100 99
 99 31
 94 100
 100 29
 11 101
 101 103
 103 11
 32 102
 102 101
 101 32
 31 103
 103 102
 102 31
 98 105
 105 10
 29 104
 104 98
 32 105
 105 104
 104 32
 102 100
 104 102
 100 104
 91 99
 28 106
 106 91
 99 106
 106 31
 9 107
 107 87
 33 108
 108 107
 107 33
 87 108
 108 28
 103 110
 110 11
 31 109
 109 103
 33 110
 110 109
 109 33
 108 106
 109 108
 106 109
 9 111
 111 107
 34 112
 112 111
 111 34
 107 112
 112 33
 12 113
 113 115
 115 12
 35 114
 114 113
 113 35
 34 115
 115 114
 114 34
 110 117
 117 11
 33 116
 116 110
 35 117
 117 116
 116 35
 114 112
 116 114
 112 116


# name: noEdge
# type: scalar
23


# name: noElem
# type: scalar
12


# name: noVert
# type: scalar
12


# name: vertices
# type: matrix
# rows: 12
# columns: 2
 -1 0
 0 0
 1 0
 -1 1
 0 1
 1 1
 -1 2
 0 2
 1 2
 -1 3
 0 3
 1 3


