# Created by Octave 5.1.0, Thu Apr 09 14:52:13 2020 GMT <unknown@Thomas-PC>
# name: edges
# type: matrix
# rows: 82
# columns: 2
 1 13
 13 2
 2 14
 14 4
 4 15
 15 1
 13 14
 14 15
 15 13
 2 16
 16 5
 5 17
 17 4
 16 17
 17 14
 14 16
 2 18
 18 3
 3 19
 19 5
 18 19
 19 16
 16 18
 3 20
 20 6
 6 21
 21 5
 20 21
 21 19
 19 20
 5 22
 22 7
 7 23
 23 4
 17 22
 22 23
 23 17
 5 24
 24 8
 8 25
 25 7
 24 25
 25 22
 22 24
 6 26
 26 8
 21 26
 26 24
 24 21
 6 27
 27 9
 9 28
 28 8
 27 28
 28 26
 26 27
 8 29
 29 10
 10 30
 30 7
 25 29
 29 30
 30 25
 8 31
 31 11
 11 32
 32 10
 31 32
 32 29
 29 31
 9 33
 33 11
 28 33
 33 31
 31 28
 9 34
 34 12
 12 35
 35 11
 34 35
 35 33
 33 34


# name: elements
# type: matrix
# rows: 48
# columns: 3
 1 13 15
 2 14 13
 4 15 14
 13 14 15
 2 16 14
 5 17 16
 4 14 17
 16 17 14
 2 18 16
 3 19 18
 5 16 19
 18 19 16
 3 20 19
 6 21 20
 5 19 21
 20 21 19
 4 17 23
 5 22 17
 7 23 22
 17 22 23
 5 24 22
 8 25 24
 7 22 25
 24 25 22
 5 21 24
 6 26 21
 8 24 26
 21 26 24
 6 27 26
 9 28 27
 8 26 28
 27 28 26
 7 25 30
 8 29 25
 10 30 29
 25 29 30
 8 31 29
 11 32 31
 10 29 32
 31 32 29
 8 28 31
 9 33 28
 11 31 33
 28 33 31
 9 34 33
 12 35 34
 11 33 35
 34 35 33


# name: level
# type: scalar
1


# name: name
# type: sq_string
# elements: 1
# length: 8
Rechteck


# name: newVertInfo
# type: matrix
# rows: 23
# columns: 2
 1 2
 2 4
 4 1
 2 5
 5 4
 2 3
 3 5
 3 6
 6 5
 5 7
 7 4
 5 8
 8 7
 6 8
 6 9
 9 8
 8 10
 10 7
 8 11
 11 10
 9 11
 9 12
 12 11


# name: noEdge
# type: scalar
82


# name: noElem
# type: scalar
48


# name: noVert
# type: scalar
35


# name: vertices
# type: matrix
# rows: 35
# columns: 2
 -1 0
 0 0
 1 0
 -1 1
 0 1
 1 1
 -1 2
 0 2
 1 2
 -1 3
 0 3
 1 3
 -0.5 0
 -0.5 0.5
 -1 0.5
 0 0.5
 -0.5 1
 0.5 0
 0.5 0.5
 1 0.5
 0.5 1
 -0.5 1.5
 -1 1.5
 0 1.5
 -0.5 2
 0.5 1.5
 1 1.5
 0.5 2
 -0.5 2.5
 -1 2.5
 0 2.5
 -0.5 3
 0.5 2.5
 1 2.5
 0.5 3


