# Created by Octave 5.1.0, Tue Apr 07 17:38:05 2020 GMT <unknown@DESKTOP-8DF2H9O>
# name: edges
# type: matrix
# rows: 1192
# columns: 2
 1 118
 118 36
 36 119
 119 38
 38 120
 120 1
 118 119
 119 120
 120 118
 13 121
 121 37
 37 122
 122 36
 36 123
 123 13
 121 122
 122 123
 123 121
 15 124
 124 38
 38 125
 125 37
 37 126
 126 15
 124 125
 125 126
 126 124
 122 125
 125 119
 119 122
 2 127
 127 39
 39 128
 128 41
 41 129
 129 2
 127 128
 128 129
 129 127
 14 130
 130 40
 40 131
 131 39
 39 132
 132 14
 130 131
 131 132
 132 130
 13 133
 133 41
 41 134
 134 40
 40 135
 135 13
 133 134
 134 135
 135 133
 131 134
 134 128
 128 131
 4 136
 136 42
 42 137
 137 44
 44 138
 138 4
 136 137
 137 138
 138 136
 15 139
 139 43
 43 140
 140 42
 42 141
 141 15
 139 140
 140 141
 141 139
 14 142
 142 44
 44 143
 143 43
 43 144
 144 14
 142 143
 143 144
 144 142
 140 143
 143 137
 137 140
 40 145
 145 37
 135 145
 145 121
 121 135
 43 146
 146 40
 144 146
 146 130
 130 144
 37 147
 147 43
 126 147
 147 139
 139 126
 146 147
 147 145
 145 146
 2 148
 148 45
 45 149
 149 39
 148 149
 149 127
 127 148
 16 150
 150 46
 46 151
 151 45
 45 152
 152 16
 150 151
 151 152
 152 150
 39 153
 153 46
 46 154
 154 14
 132 153
 153 154
 154 132
 151 153
 153 149
 149 151
 5 155
 155 47
 47 156
 156 49
 49 157
 157 5
 155 156
 156 157
 157 155
 17 158
 158 48
 48 159
 159 47
 47 160
 160 17
 158 159
 159 160
 160 158
 16 161
 161 49
 49 162
 162 48
 48 163
 163 16
 161 162
 162 163
 163 161
 159 162
 162 156
 156 159
 44 164
 164 51
 51 165
 165 4
 138 164
 164 165
 165 138
 14 166
 166 50
 50 167
 167 44
 166 167
 167 142
 142 166
 17 168
 168 51
 51 169
 169 50
 50 170
 170 17
 168 169
 169 170
 170 168
 167 169
 169 164
 164 167
 48 171
 171 46
 163 171
 171 150
 150 163
 50 172
 172 48
 170 172
 172 158
 158 170
 46 173
 173 50
 154 173
 173 166
 166 154
 172 173
 173 171
 171 172
 2 174
 174 52
 52 175
 175 45
 174 175
 175 148
 148 174
 18 176
 176 53
 53 177
 177 52
 52 178
 178 18
 176 177
 177 178
 178 176
 45 179
 179 53
 53 180
 180 16
 152 179
 179 180
 180 152
 177 179
 179 175
 175 177
 3 181
 181 54
 54 182
 182 56
 56 183
 183 3
 181 182
 182 183
 183 181
 19 184
 184 55
 55 185
 185 54
 54 186
 186 19
 184 185
 185 186
 186 184
 18 187
 187 56
 56 188
 188 55
 55 189
 189 18
 187 188
 188 189
 189 187
 185 188
 188 182
 182 185
 49 190
 190 58
 58 191
 191 5
 157 190
 190 191
 191 157
 16 192
 192 57
 57 193
 193 49
 192 193
 193 161
 161 192
 19 194
 194 58
 58 195
 195 57
 57 196
 196 19
 194 195
 195 196
 196 194
 193 195
 195 190
 190 193
 55 197
 197 53
 189 197
 197 176
 176 189
 57 198
 198 55
 196 198
 198 184
 184 196
 53 199
 199 57
 180 199
 199 192
 192 180
 198 199
 199 197
 197 198
 3 200
 200 59
 59 201
 201 54
 200 201
 201 181
 181 200
 20 202
 202 60
 60 203
 203 59
 59 204
 204 20
 202 203
 203 204
 204 202
 54 205
 205 60
 60 206
 206 19
 186 205
 205 206
 206 186
 203 205
 205 201
 201 203
 6 207
 207 61
 61 208
 208 63
 63 209
 209 6
 207 208
 208 209
 209 207
 21 210
 210 62
 62 211
 211 61
 61 212
 212 21
 210 211
 211 212
 212 210
 20 213
 213 63
 63 214
 214 62
 62 215
 215 20
 213 214
 214 215
 215 213
 211 214
 214 208
 208 211
 58 216
 216 65
 65 217
 217 5
 191 216
 216 217
 217 191
 19 218
 218 64
 64 219
 219 58
 218 219
 219 194
 194 218
 21 220
 220 65
 65 221
 221 64
 64 222
 222 21
 220 221
 221 222
 222 220
 219 221
 221 216
 216 219
 62 223
 223 60
 215 223
 223 202
 202 215
 64 224
 224 62
 222 224
 224 210
 210 222
 60 225
 225 64
 206 225
 225 218
 218 206
 224 225
 225 223
 223 224
 51 226
 226 67
 67 227
 227 4
 165 226
 226 227
 227 165
 17 228
 228 66
 66 229
 229 51
 228 229
 229 168
 168 228
 23 230
 230 67
 67 231
 231 66
 66 232
 232 23
 230 231
 231 232
 232 230
 229 231
 231 226
 226 229
 5 233
 233 68
 68 234
 234 47
 233 234
 234 155
 155 233
 22 235
 235 69
 69 236
 236 68
 68 237
 237 22
 235 236
 236 237
 237 235
 47 238
 238 69
 69 239
 239 17
 160 238
 238 239
 239 160
 236 238
 238 234
 234 236
 7 240
 240 70
 70 241
 241 72
 72 242
 242 7
 240 241
 241 242
 242 240
 23 243
 243 71
 71 244
 244 70
 70 245
 245 23
 243 244
 244 245
 245 243
 22 246
 246 72
 72 247
 247 71
 71 248
 248 22
 246 247
 247 248
 248 246
 244 247
 247 241
 241 244
 69 249
 249 66
 239 249
 249 228
 228 239
 71 250
 250 69
 248 250
 250 235
 235 248
 66 251
 251 71
 232 251
 251 243
 243 232
 250 251
 251 249
 249 250
 5 252
 252 73
 73 253
 253 68
 252 253
 253 233
 233 252
 24 254
 254 74
 74 255
 255 73
 73 256
 256 24
 254 255
 255 256
 256 254
 68 257
 257 74
 74 258
 258 22
 237 257
 257 258
 258 237
 255 257
 257 253
 253 255
 8 259
 259 75
 75 260
 260 77
 77 261
 261 8
 259 260
 260 261
 261 259
 25 262
 262 76
 76 263
 263 75
 75 264
 264 25
 262 263
 263 264
 264 262
 24 265
 265 77
 77 266
 266 76
 76 267
 267 24
 265 266
 266 267
 267 265
 263 266
 266 260
 260 263
 72 268
 268 79
 79 269
 269 7
 242 268
 268 269
 269 242
 22 270
 270 78
 78 271
 271 72
 270 271
 271 246
 246 270
 25 272
 272 79
 79 273
 273 78
 78 274
 274 25
 272 273
 273 274
 274 272
 271 273
 273 268
 268 271
 76 275
 275 74
 267 275
 275 254
 254 267
 78 276
 276 76
 274 276
 276 262
 262 274
 74 277
 277 78
 258 277
 277 270
 270 258
 276 277
 277 275
 275 276
 65 278
 278 73
 217 278
 278 252
 252 217
 21 279
 279 80
 80 280
 280 65
 279 280
 280 220
 220 279
 73 281
 281 80
 80 282
 282 24
 256 281
 281 282
 282 256
 280 281
 281 278
 278 280
 6 283
 283 81
 81 284
 284 61
 283 284
 284 207
 207 283
 26 285
 285 82
 82 286
 286 81
 81 287
 287 26
 285 286
 286 287
 287 285
 61 288
 288 82
 82 289
 289 21
 212 288
 288 289
 289 212
 286 288
 288 284
 284 286
 77 290
 290 84
 84 291
 291 8
 261 290
 290 291
 291 261
 24 292
 292 83
 83 293
 293 77
 292 293
 293 265
 265 292
 26 294
 294 84
 84 295
 295 83
 83 296
 296 26
 294 295
 295 296
 296 294
 293 295
 295 290
 290 293
 82 297
 297 80
 289 297
 297 279
 279 289
 83 298
 298 82
 296 298
 298 285
 285 296
 80 299
 299 83
 282 299
 299 292
 292 282
 298 299
 299 297
 297 298
 6 300
 300 85
 85 301
 301 81
 300 301
 301 283
 283 300
 27 302
 302 86
 86 303
 303 85
 85 304
 304 27
 302 303
 303 304
 304 302
 81 305
 305 86
 86 306
 306 26
 287 305
 305 306
 306 287
 303 305
 305 301
 301 303
 9 307
 307 87
 87 308
 308 89
 89 309
 309 9
 307 308
 308 309
 309 307
 28 310
 310 88
 88 311
 311 87
 87 312
 312 28
 310 311
 311 312
 312 310
 27 313
 313 89
 89 314
 314 88
 88 315
 315 27
 313 314
 314 315
 315 313
 311 314
 314 308
 308 311
 84 316
 316 91
 91 317
 317 8
 291 316
 316 317
 317 291
 26 318
 318 90
 90 319
 319 84
 318 319
 319 294
 294 318
 28 320
 320 91
 91 321
 321 90
 90 322
 322 28
 320 321
 321 322
 322 320
 319 321
 321 316
 316 319
 88 323
 323 86
 315 323
 323 302
 302 315
 90 324
 324 88
 322 324
 324 310
 310 322
 86 325
 325 90
 306 325
 325 318
 318 306
 324 325
 325 323
 323 324
 79 326
 326 93
 93 327
 327 7
 269 326
 326 327
 327 269
 25 328
 328 92
 92 329
 329 79
 328 329
 329 272
 272 328
 30 330
 330 93
 93 331
 331 92
 92 332
 332 30
 330 331
 331 332
 332 330
 329 331
 331 326
 326 329
 8 333
 333 94
 94 334
 334 75
 333 334
 334 259
 259 333
 29 335
 335 95
 95 336
 336 94
 94 337
 337 29
 335 336
 336 337
 337 335
 75 338
 338 95
 95 339
 339 25
 264 338
 338 339
 339 264
 336 338
 338 334
 334 336
 10 340
 340 96
 96 341
 341 98
 98 342
 342 10
 340 341
 341 342
 342 340
 30 343
 343 97
 97 344
 344 96
 96 345
 345 30
 343 344
 344 345
 345 343
 29 346
 346 98
 98 347
 347 97
 97 348
 348 29
 346 347
 347 348
 348 346
 344 347
 347 341
 341 344
 95 349
 349 92
 339 349
 349 328
 328 339
 97 350
 350 95
 348 350
 350 335
 335 348
 92 351
 351 97
 332 351
 351 343
 343 332
 350 351
 351 349
 349 350
 8 352
 352 99
 99 353
 353 94
 352 353
 353 333
 333 352
 31 354
 354 100
 100 355
 355 99
 99 356
 356 31
 354 355
 355 356
 356 354
 94 357
 357 100
 100 358
 358 29
 337 357
 357 358
 358 337
 355 357
 357 353
 353 355
 11 359
 359 101
 101 360
 360 103
