# Created by Octave 5.1.0, Sun Feb 16 22:25:46 2020 GMT <unknown@Thomas-PC>
# name: contactConvergence
# type: matrix
# rows: 2
# columns: 1
 3.5846194559637636
 3.5295861961467795e-19


