# Created by Octave 5.1.0, Mon Feb 17 03:05:16 2020 GMT <unknown@Thomas-PC>
# name: contactConvergence
# type: matrix
# rows: 2
# columns: 1
 4.9289719049507212
 7.4307531290571225e-20


