# Created by Octave 5.1.0, Fri Feb 14 16:50:47 2020 GMT <unknown@Thomas-PC>
# name: contactConvergence
# type: matrix
# rows: 2
# columns: 1
 2.1566215902246104
 6.1331736667334967e-19


