# Created by Octave 5.1.0, Fri Feb 14 17:40:43 2020 GMT <unknown@Thomas-PC>
# name: contactConvergence
# type: matrix
# rows: 2
# columns: 1
 2.6668564950106011
 1.0842021724855044e-19


