# Created by Octave 5.1.0, Fri Feb 14 16:55:07 2020 GMT <unknown@Thomas-PC>
# name: contactConvergence
# type: matrix
# rows: 2
# columns: 1
 2.0480577351374132
 1.4683861446280178e-18


