# Created by Octave 5.1.0, Sun Feb 16 22:25:46 2020 GMT <unknown@Thomas-PC>
# name: equilibriumConvergence
# type: matrix
# rows: 2
# columns: 1
 0.85066082321583569
 3.5974325286323264e-14


