# Created by Octave 5.1.0, Fri Feb 14 17:40:43 2020 GMT <unknown@Thomas-PC>
# name: equilibriumConvergence
# type: matrix
# rows: 2
# columns: 1
 1.2419029309033884
 1.7332102101718745e-14


