# Created by Octave 5.1.0, Mon Feb 17 03:05:16 2020 GMT <unknown@Thomas-PC>
# name: equilibriumConvergence
# type: matrix
# rows: 2
# columns: 1
 0.58951863848511699
 5.642361545387371e-12


