# Created by Octave 5.1.0, Fri Feb 14 16:55:07 2020 GMT <unknown@Thomas-PC>
# name: equilibriumConvergence
# type: matrix
# rows: 2
# columns: 1
 1.8418187348107444
 8.9052612056152488e-15


