# Created by Octave 5.1.0, Fri Feb 14 16:50:34 2020 GMT <unknown@Thomas-PC>
# name: lambda_sol
# type: matrix
# rows: 5
# columns: 1
 0
 0
 -11.621050407080727
 0
 0


