# Created by Octave 5.1.0, Fri Feb 14 16:50:47 2020 GMT <unknown@Thomas-PC>
# name: lambda_sol
# type: matrix
# rows: 9
# columns: 1
 0
 0
 0
 -10.645216373554867
 -7.2164983744033311
 -10.645216373554868
 0
 0
 0


