# Created by Octave 5.1.0, Fri Feb 14 16:55:07 2020 GMT <unknown@Thomas-PC>
# name: lambda_sol
# type: matrix
# rows: 17
# columns: 1
 0
 0
 0
 0
 0
 -14.046441397625049
 -7.3500596307954709
 -6.3981096106601552
 -6.3708971939887027
 -6.3981096106601543
 -7.3500596307954744
 -14.046441397625046
 0
 0
 0
 0
 0


