# Created by Octave 5.1.0, Fri Feb 14 17:40:43 2020 GMT <unknown@Thomas-PC>
# name: lambda_sol
# type: matrix
# rows: 33
# columns: 1
 0
 0
 0
 0
 0
 0
 0
 0
 0
 -18.941583413186699
 -9.1173745239905237
 -7.4725674240564022
 -6.8038864768831147
 -6.4574992599932362
 -6.2641329268298325
 -6.1725816343782256
 -6.1504750834999076
 -6.1725816343782274
 -6.2641329268298342
 -6.4574992599932397
 -6.8038864768831191
 -7.4725674240564066
 -9.1173745239905308
 -18.941583413186716
 0
 0
 0
 0
 0
 0
 0
 0
 0


