# Created by Octave 5.1.0, Sun Feb 16 22:25:46 2020 GMT <unknown@Thomas-PC>
# name: lambda_sol
# type: matrix
# rows: 65
# columns: 1
 0
 0
 0
 0
 0
 0
 0
 0
 0
 0
 0
 0
 0
 0
 0
 0
 0
 -26.092666795729933
 -11.944958244835238
 -9.4136423423782229
 -8.2921122161008913
 -7.6409372100797706
 -7.2081225382963883
 -6.8997980001602741
 -6.6716816607512586
 -6.4993184188800104
 -6.3678236637246366
 -6.2676161345467474
 -6.1923780796307861
 -6.1380301995281172
 -6.1023710369162139
 -6.0857972471671014
 -6.0621317996162691
 -6.0857972471671005
 -6.1023710369162112
 -6.1380301995281146
 -6.1923780796307799
 -6.2676161345467412
 -6.3678236637246295
 -6.4993184188800006
 -6.6716816607512461
 -6.8997980001602617
 -7.2081225382963741
 -7.6409372100797528
 -8.2921122161008771
 -9.4136423423781999
 -11.944958244835233
 -26.092666795729848
 0
 0
 0
 0
 0
 0
 0
 0
 0
 0
 0
 0
 0
 0
 0
 0
 0


