# Created by Octave 5.1.0, Mon Feb 17 03:05:16 2020 GMT <unknown@Thomas-PC>
# name: lambda_sol
# type: matrix
# rows: 129
# columns: 1
 0
 0
 0
 0
 0
 0
 0
 0
 0
 0
 0
 0
 0
 0
 0
 0
 0
 0
 0
 0
 0
 0
 0
 0
 0
 0
 0
 0
 0
 0
 0
 0
 0
 -36.397076891529593
 -16.208645820130169
 -12.481703984086391
 -10.770888251863635
 -9.7399239744833483
 -9.0282814472508139
 -8.5005134550464128
 -8.0920109612747666
 -7.7665848301665106
 -7.5017820481072448
 -7.2827255735954557
 -7.0991044472997631
 -6.9435300558941284
 -6.8105662217078278
 -6.6961249965132561
 -6.5970749573795482
 -6.5109792171257146
 -6.4359156210918984
 -6.3703506017305269
 -6.3130489728228714
 -6.2630083548907489
 -6.2194108532637973
 -6.1815870950157272
 -6.1489893595244389
 -6.1211716719959197
 -6.0977756396615561
 -6.0785218173102171
 -6.0632082072528011
 -6.0517225774461929
 -6.0440948516426811
 -6.0407214223636165
 -6.0251848175547957
 -6.0407214223633181
 -6.0440948516420763
 -6.051722577445279
 -6.0632082072515718
 -6.0785218173086646
 -6.0977756396596661
 -6.121171671993678
 -6.1489893595218286
 -6.1815870950127234
 -6.2194108532603742
 -6.2630083548868765
 -6.313048972818514
 -6.3703506017256393
 -6.435915621086429
 -6.5109792171196057
 -6.5970749573727279
 -6.6961249965056382
 -6.810566221699311
 -6.9435300558845903
 -7.0991044472890561
 -7.2827255735833996
 -7.5017820480936139
 -7.766584830151027
 -8.0920109612570705
 -8.5005134550260308
 -9.0282814472271031
 -9.7399239744553867
 -10.770888251829852
 -12.481703984043774
 -16.208645820069957
 -36.397076891382724
 0
 0
 0
 0
 0
 0
 0
 0
 0
 0
 0
 0
 0
 0
 0
 0
 0
 0
 0
 0
 0
 0
 0
 0
 0
 0
 0
 0
 0
 0
 0
 0
 0


