# Created by Octave 5.1.0, Fri Feb 14 16:50:34 2020 GMT <unknown@Thomas-PC>
# name: u_sol
# type: matrix
# rows: 50
# columns: 1
 0.0074899113226452579
 -0.007489911322645218
 0
 0
 2.1539890408693565e-17
 -0.033554896842828121
 0
 0.033554896842828141
 9.9562752981591849e-18
 0.0015898454608179186
 1.8187377865532835e-17
 -0.00051556996774050536
 -0.0015898454608178781
 0.00051556996774053919
 -0.011329706574229201
 -0.01460282891226283
 -0.044213271582196796
 -0.01674768829751774
 0
 3.4244453334300171e-18
 0
 0.01674768829751775
 0.04421327158219681
 0.014602828912262854
 0.011329706574229237
 -0.23916744319968655
 -0.23916744319968652
 0
 0
 -0.099999999999999978
 -0.17087431305729195
 0
 -0.17087431305729195
 -0.16158699234751209
 -0.21367018381930081
 -0.16230184241832335
 -0.2089152108642329
 -0.21367018381930078
 -0.2089152108642329
 -0.21827200210064437
 -0.17296043056524674
 -0.10872029469329084
 -0.10029063381141202
 0
 -0.094557154125240656
 0
 -0.10029063381141204
 -0.10872029469329085
 -0.17296043056524674
 -0.21827200210064437


