# Created by Octave 5.1.0, Fri Feb 14 16:55:07 2020 GMT <unknown@Thomas-PC>
# name: u_sol
# type: matrix
# rows: 578
# columns: 1
 0.01955794342985985
 -0.019557943429859843
 0
 0
 -1.529152215179652e-18
 -0.021368553595755894
 0
 0.021368553595755894
 3.506153181841887e-18
 0.022234713980542144
 1.4666503677326523e-20
 -0.0089476769694691455
 -0.022234713980542137
 0.0089476769694691507
 0.00010103951445636101
 -0.005584081141780323
 -0.04141928558281649
 -0.015813260873066049
 0
 2.0373373328103699e-18
 0
 0.015813260873066056
 0.041419285582816497
 0.0055840811417803265
 -0.0001010395144563532
 0.020470424809227266
 -0.0059279444269288639
 -0.0015822783595040367
 -3.889474819011885e-18
 -0.0020964375901198116
 0.013205704696146091
 -0.0029761824525728429
 -0.0057812268241224252
 2.7273609366604586e-18
 -0.013205704696146091
 0.0020964375901198064
 0.0015822783595040473
 0.0059279444269288726
 -0.020470424809227256
 0.005781226824122427
 0.0029761824525728481
 -0.0029064993129198202
 0.0060567253032967807
 -0.012569883046107398
 -0.00091742280461885699
 -0.0081253237208513528
 0.0031526737835420914
 -0.0016459026849530564
 -0.033890838594240691
 -0.023018367166411282
 -0.021178859283369038
 -0.027873445174114646
 -0.037087326279535003
 -0.01307533276182605
 -0.0056977552115059062
 0
 -0.011282595064428427
 2.8409998218490848e-18
 -0.0048788874388910036
 0
 -0.0069662400099645919
 2.8416929600012404e-18
 0
 0.0048788874388910079
 0.021178859283369038
 0.011282595064428429
 0
 0.0069662400099645963
 0.0056977552115059123
 0.037087326279535003
 0.02787344517411465
 0.012569883046107398
 0.023018367166411282
 0.033890838594240691
 0.013075332761826056
 0.0016459026849530631
 0.008125323720851358
 0.00091742280461886089
 -0.0060567253032967738
 0.002906499312919831
 -0.0031526737835420853
 0.019529626159773394
 0.0071935936303750836
 0.0086136987073851118
 0.0027556348310631188
 0.0051818239314936863
 0.021808777138812189
 -0.0078779989268252457
 -0.0039955420809157658
 -0.0090864194940140867
 -4.9288228891486376e-18
 0.0031085774893360755
 0.0058721223264602343
 -0.0023191263769898121
 -0.00022878063694712356
 -1.4855245060169209e-18
 0.023976863221191122
 0.0052851266336682223
 0.0022880578361028892
 -0.0006108497687167219
 -0.0016970462652877963
 2.8562503792702675e-18
 -0.0081791837250594444
 -0.0047990440573136015
 -0.0063880379975707604
 1.5844070101989271e-18
 -0.0025504949092336709
 -0.0029028270921508852
 -0.0055557299750956263
 -0.0052507927958030404
 -0.0082699718765358483
 -0.0058721223264602378
 -0.0031085774893360851
 -0.0022880578361028905
 -0.0052851266336682266
 -0.023976863221191115
 0.00022878063694711662
 0.0023191263769898086
 -0.0086136987073851031
 -0.0071935936303750749
 -0.019529626159773387
 0.0090864194940140936
 0.0039955420809157753
 0.0078779989268252526
 -0.021808777138812178
 -0.0051818239314936759
 -0.0027556348310631119
 0.0016970462652878011
 0.00061084976871672841
 0.0029028270921508852
 0.0025504949092336744
 0.006388037997570763
 0.004799044057313605
 0.0081791837250594478
 0.0055557299750956272
 0.0082699718765358518
 0.0052507927958030387
 -0.009894506833639927
 -0.00063213600821042642
 0.0034064693041472673
 0.0032638836342886784
 0.00036442515762497799
 0.005733914963989924
 0.0080465201338844362
 -0.016872510784292333
 -0.010259708175812773
 -0.014498477318549419
 -0.0033893596931218518
 -0.0065000907794807118
 -0.0087352850935603979
 -0.0030006843223836701
 -0.0042060881895584793
 0.00061836094175098631
 0.00072810816621139858
 -0.00064305133422454849
 0.0067058369597407432
 0.0035771062312982592
 -0.0032322215015504257
 0.00023534979391119285
 -0.0011103550396927473
 0.0035318542270625741
 0.0016042872321301157
 0.005656256587005087
 -0.027915549040384468
 -0.023057172335717517
 -0.032686056133039203
 -0.028532798162819232
 -0.038633562236265753
 -0.018186241913946091
 -0.013658579557289736
 -0.016815679878480976
 -0.028583795866684841
 -0.02628970525888176
 -0.021432660814557223
 -0.026408031664642114
 -0.019906442718815184
 -0.041337791585780645
 -0.033871613942877812
 -0.034782536314207184
 -0.0039728174638665598
 -0.0019401436332362925
 -0.0097289619665441428
 -0.0065132685048592395
 -0.010649309049934991
 -0.0090675578546821536
 -0.015227522429613444
 -0.026473263860309328
 -0.020539287424818094
 -0.01776712289291588
 0
 -0.011986229871981013
 -0.0062520401284786231
 -0.0087161854469421061
 0
 -0.015617306168770304
 -0.014534785859744498
 1.816070189852225e-18
 -0.0012799674889568111
 0
 -0.003059837851558641
 -0.0023431398277870474
 2.657472267297504e-18
 0
 -0.0026790149144586056
 -0.004295733887680832
 -0.002770376463028721
 3.4821216852868132e-18
 -0.011041375131905349
 -0.0067258548405485204
 2.1770551329069334e-18
 -0.003259914720871596
 -0.0033676601385089796
 -0.0077897222582785173
 -0.0063481476996446202
 -0.010094703077870547
 0
 0.0012799674889568142
 0.0042957338876808328
 0.0026790149144586082
 0
 0.0023431398277870526
 0.0030598378515586458
 0.016815679878480972
 0.011986229871981009
 0
 0.014534785859744501
 0.015617306168770306
 0.019906442718815188
 0
 0.0087161854469421061
 0.0062520401284786239
 0.0027703764630287271
 0.001940143633236299
 0.0033676601385089848
 0.0032599147208715999
 0.010649309049934996
 0.0067258548405485265
 0.011041375131905354
 0.0077897222582785199
 0.01009470307787055
 0.0063481476996446254
 0.02628970525888176
 0.028583795866684837
 0.034782536314207191
 0.033871613942877819
 0.041337791585780645
 0.026408031664642118
 0.02143266081455723
 0.016872510784292333
 0.023057172335717517
 0.027915549040384468
 0.013658579557289737
 0.018186241913946091
 0.0087352850935603979
 0.03863356223626576
 0.028532798162819232
 0.032686056133039203
 0.0039728174638665658
 0.00064305133422455575
 0.015227522429613449
 0.0090675578546821588
 0.0032322215015504301
 0.0065132685048592464
 0.009728961966544148
 0.026473263860309331
 0.017767122892915883
 0.020539287424818097
 0.01449847731854942
 0.010259708175812773
 -0.00061836094175097937
 0.0042060881895584863
 0.003000684322383677
 0.0065000907794807153
 0.0033893596931218548
 0.00063213600821043596
 0.0098945068336399357
 -0.0080465201338844293
 -0.0057339149639899145
 -0.00036442515762496845
 -0.0032638836342886667
 -0.0034064693041472608
 -0.00072810816621139262
 0.001110355039692751
 -0.00023534979391118732
 -0.0035771062312982532
 -0.006705836959740738
 -0.0035318542270625693
 -0.0056562565870050801
 -0.0016042872321301105
 -0.22167949595895173
 -0.22167949595895173
 0
 0
 -0.10000000000000001
 -0.15295107154866863
 0
 -0.1529510715486686
 -0.14491495507026833
 -0.1581026953137539
 -0.14315306568772546
 -0.17033801154182451
 -0.1581026953137539
 -0.17033801154182451
 -0.19649980855269134
 -0.1531312527616451
 -0.097114420405862156
 -0.09330336675273318
 0
 -0.090148147321752053
 0
 -0.093303366752733166
 -0.097114420405862142
 -0.15313125276164508
 -0.19649980855269131
 -0.20182952105234786
 -0.16536824426767952
 -0.19836294640488394
 -0.12369268679708591
 -0.13029064247657945
 -0.10000000000000001
 -0.15547374826803251
 -0.15024734635404879
 -0.1509913217881399
 -0.10000000000000001
 -0.13029064247657945
 -0.19836294640488394
 -0.16536824426767954
 -0.20182952105234786
 -0.15024734635404882
 -0.15547374826803254
 -0.21344712337598054
 -0.19037858701723628
 -0.15820791347964377
 -0.17750620827403177
 -0.17604587946129374
 -0.16696603825103493
 -0.1466413483895721
 -0.12763254690042439
 -0.13149566086838604
 -0.050782051085047915
 -0.096023489450088803
 -0.058891462005898301
 -0.12848467556867343
 -0.1246682729612944
 0
 -0.049284136241337144
 -0.048302898133786243
 -0.048680501506894437
 0
 -0.091153170895985694
 -0.12311554008922851
 0
 -0.048680501506894437
 -0.050782051085047915
 -0.049284136241337137
 0
 -0.091153170895985694
 -0.1246682729612944
 -0.058891462005898301
 -0.096023489450088789
 -0.15820791347964377
 -0.13149566086838604
 -0.12763254690042436
 -0.12848467556867343
 -0.14664134838957207
