# Created by Octave 5.1.0, Fri Feb 14 17:40:43 2020 GMT <unknown@Thomas-PC>
# name: u_sol
# type: matrix
# rows: 2178
# columns: 1
 0.019075530588340425
 -0.019075530588340422
 0
 0
 -1.0539680143659191e-18
 -0.020007907966251768
 0
 0.020007907966251792
 2.4197130024434168e-17
 0.024929639808132405
 1.2454138348623065e-17
 -0.0092930122121136112
 -0.024929639808132422
 0.0092930122121136407
 0.0021893917779019058
 -0.0052820600223196989
 -0.041279207000258583
 -0.015875259269416433
 0
 1.5625411735793624e-17
 0
 0.015875259269416457
 0.041279207000258604
 0.005282060022319738
 -0.002189391777901882
 0.021035576892548032
 -0.0068110693571717309
 -0.0031243023586448176
 3.1741324290693308e-18
 -0.0011303391641543702
 0.0093273880552808015
 -0.0027311867591465143
 -0.0051753721684940669
 2.0567538536586729e-17
 -0.0093273880552808032
 0.0011303391641543808
 0.0031243023586448393
 0.0068110693571717543
 -0.021035576892548032
 0.0051753721684940938
 0.0027311867591465538
 -0.001629833755940762
 0.0077779672460350042
 -0.011650602363896811
 0.0003179066934076726
 -0.0063004161616931169
 0.0034429467284555048
 -0.0017048221172817183
 -0.033227330029160319
 -0.022589141495148467
 -0.021647244311916908
 -0.02789849358450781
 -0.03742370698626863
 -0.012878448024884291
 -0.0055830742541814584
 0
 -0.01146035532797582
 8.3928721876813177e-18
 -0.0049372318161809365
 0
 -0.0069774182556949435
 2.1172423535581186e-17
 0
 0.0049372318161809529
 0.021647244311916922
 0.011460355327975836
 0
 0.0069774182556949739
 0.0055830742541814991
 0.037423706986268637
 0.027898493584507834
 0.011650602363896843
 0.022589141495148495
 0.03322733002916034
 0.012878448024884324
 0.001704822117281763
 0.0063004161616931455
 -0.00031790669340763986
 -0.007777967246034973
 0.001629833755940785
 -0.0034429467284554671
 0.019263625325377433
 0.0065650100741588557
 0.0081021139700246797
 0.0013101906748962072
 0.0040492776279350187
 0.023835139701500946
 -0.0093613545506848993
 -0.0056781184531222361
 -0.0095686750782640901
 -3.8563364002895854e-19
 0.0026453484674779787
 0.0041599855966217283
 -0.0018602546807118766
 -1.3354756338618723e-06
 7.8315271355092022e-18
 0.017886803091953007
 0.0047952016513009618
 0.0040680244983201854
 -0.00043555011319021376
 -0.0014862614650194164
 2.3084279980243413e-17
 -0.007701011545288081
 -0.0044153921499512673
 -0.0061511531041595017
 1.6674229635865305e-17
 -0.0022703905921543513
 -0.0025161779266873697
 -0.0042077021212432487
 -0.0043634768781352414
 -0.0074181226982260162
 -0.0041599855966217326
 -0.0026453484674779787
 -0.0040680244983201793
 -0.0047952016513009583
 -0.017886803091953011
 1.3354756338692449e-06
 0.0018602546807118931
 -0.0081021139700246658
 -0.0065650100741588419
 -0.019263625325377429
 0.0095686750782641179
 0.0056781184531222596
 0.009361354550684927
 -0.023835139701500953
 -0.0040492776279350048
 -0.0013101906748961972
 0.0014862614650194576
 0.00043555011319025945
 0.0025161779266873957
 0.0022703905921543852
 0.0061511531041595346
 0.0044153921499513011
 0.0077010115452881096
 0.0042077021212432661
 0.0074181226982260404
 0.0043634768781352614
 -0.0093601200555807201
 0.00071484422162913178
 0.0053801395449202625
 0.005134555638890816
 0.0022386142986947168
 0.0075435781927967573
 0.0092527969161872222
 -0.015699844526785311
 -0.0089264348167969066
 -0.012891840493632078
 -0.0027280125066675605
 -0.0054716516300265918
 -0.0081234851774129434
 -0.00097990911977907744
 -0.0026379544363853927
 0.0024355912801861191
 0.00057820935463322046
 -0.00071950380975151543
 0.0070126658128281906
 0.0034827706760949023
 -0.0031691649656860684
 0.00023013324411122046
 -0.00082629689379465896
 0.0050210476668932566
 0.0023924811716358281
 0.0066280502204282893
 -0.0269530601387649
 -0.022214276866627025
 -0.032378458807137127
 -0.027969773934395946
 -0.038234522921468672
 -0.017525095943868911
 -0.013200236949392175
 -0.017593294894979846
 -0.029080063316310373
 -0.026771858680980719
 -0.02149522387845541
 -0.026668727492976493
 -0.020139966581379735
 -0.041457487981327729
 -0.034097605601399641
 -0.034734105962959408
 -0.0038675863184103707
 -0.0018359496438980381
 -0.0094502941871350728
 -0.0063552869621355907
 -0.010592990746524152
 -0.0089298151147633783
 -0.015153885424848574
 -0.026268014732399116
 -0.020415847123200465
 -0.017468413775543978
 0
 -0.012319374078837623
 -0.0063498510293340119
 -0.0088879769166816357
 0
 -0.015914590804696843
 -0.014698660112089592
 3.1786365876566485e-18
 -0.0013002534267753474
 0
 -0.0030815026495126488
 -0.0023714061173077
 1.2885087587499479e-17
 0
 -0.0027145638612987755
 -0.0043538864655411078
 -0.0026825949731983647
 2.3209759029718471e-17
 -0.011078898318502766
 -0.0066710744490455403
 1.8725481064877147e-17
 -0.0032163561266897026
 -0.0033644092022811619
 -0.0078935051279372011
 -0.0064008700050717186
 -0.010194441885946608
 0
 0.0013002534267753548
 0.0043538864655411165
 0.0027145638612987833
 0
 0.0023714061173077173
 0.0030815026495126735
 0.01759329489497985
 0.012319374078837628
 0
 0.014698660112089612
 0.015914590804696857
 0.020139966581379756
 0
 0.0088879769166816426
 0.0063498510293340197
 0.0026825949731984064
 0.0018359496438980841
 0.0033644092022811932
 0.0032163561266897395
 0.010592990746524186
 0.0066710744490455758
 0.011078898318502794
 0.0078935051279372184
 0.010194441885946631
 0.0064008700050717428
 0.026771858680980722
 0.029080063316310384
 0.034734105962959429
 0.034097605601399655
 0.041457487981327742
 0.026668727492976513
 0.021495223878455434
 0.015699844526785339
 0.022214276866627049
 0.026953060138764921
 0.013200236949392208
 0.017525095943868939
 0.0081234851774129799
 0.038234522921468686
 0.02796977393439597
 0.032378458807137155
 0.0038675863184104145
 0.00071950380975156249
 0.015153885424848603
 0.0089298151147634165
 0.0031691649656861104
 0.0063552869621356324
 0.0094502941871351109
 0.026268014732399144
 0.01746841377554401
 0.020415847123200492
 0.012891840493632106
 0.0089264348167969344
 -0.0024355912801860904
 0.002637954436385424
 0.0009799091197791026
 0.0054716516300266256
 0.0027280125066675973
 -0.0007148442216291088
 0.009360120055580734
 -0.009252796916187191
 -0.0075435781927967278
 -0.0022386142986946904
 -0.0051345556388907865
 -0.0053801395449202356
 -0.00057820935463317698
 0.00082629689379469908
 -0.0002301332441111785
 -0.0034827706760948646
 -0.0070126658128281559
 -0.0050210476668932254
 -0.0066280502204282554
 -0.0023924811716357912
 0.01901125190247091
 0.013671667302077249
 0.013853854428715723
 0.013410180917469759
 0.013552751555350994
 0.019948678027952492
 0.0021904517692304159
 0.0074221208069832397
 0.0010188204915325082
 0.0096352806072636694
 0.011206918509299743
 0.024903247543098386
 -0.003069016643243762
 0.0024947374430366372
 -0.003697886024637405
 0.022405927057584676
 0.012419183886397263
 0.013097188274581215
 -0.0099541531205617137
 -0.0097466184791028115
 -0.0097339248040864291
 -0.0044359633367850428
 -0.0080997663905391232
 -0.0071065156129457435
 -0.0086597174369313114
 -0.0087021508765001594
 -0.0065953702782996738
 0.005450036099435761
 -0.0017800787750436721
 -0.00033340428043289526
 -2.1067761290263312e-18
 0.0018321169785691276
 0.0020136571882168222
 0.00070841765778523387
 0.0013428406702531283
 1.4968472127698652e-18
 0.0065350135696292579
 0.0037169313373726885
 0.00569200417672953
 -0.0011319425821008139
 -0.0008806481752924735
 1.0187386148126048e-17
 -0.00034935472642880802
 -0.0010841919095960681
 -0.0019324128918365953
 5.4095458071460785e-18
 -0.00047669419937075336
 6.9440582964987697e-05
 0.025654471546835624
 0.011399468026349988
 0.0093643905331199876
 0.0077691234242388413
 0.0098551536326842888
 0.012884527631688372
 0.00076788102507818106
 0.0051301772292420486
 0.0015851995057234861
 0.0013058579475437771
 0.001666242310980524
 0.003846873876763998
 3.0467054835297115e-05
 -0.00024517383283125091
 2.3906160255438237e-17
 -0.0021529224472955923
 -0.0009811012466755158
