# Created by Octave 5.1.0, Sun Feb 16 19:48:42 2020 GMT <unknown@Thomas-PC>
# name: contactConvergence
# type: matrix
# rows: 5
# columns: 1
 0.44353945788030569
 1.7033037642810593e-08
 9.3503084922270281e-11
 6.4541073047359633e-17
 1.9748432288552577e-18


