# Created by Octave 5.1.0, Tue Apr 21 17:46:16 2020 GMT <unknown@Thomas-PC>
# name: contactConvergence
# type: matrix
# rows: 7
# columns: 1
 0
 0.11671738458553034
 0.61370386110361086
 2.6998787902120583e-05
 2.8293540703548323e-06
 1.1027118714673767e-10
 7.8062556418956319e-18


