# Created by Octave 5.1.0, Tue Apr 21 17:46:29 2020 GMT <unknown@Thomas-PC>
# name: contactConvergence
# type: matrix
# rows: 5
# columns: 1
 3.4705928514360065
 0.00015171391895197272
 3.5505337838580362e-07
 3.176530859293392e-12
 8.0055639422082572e-18


