# Created by Octave 5.1.0, Sun Feb 16 22:23:53 2020 GMT <unknown@Thomas-PC>
# name: contactConvergence
# type: matrix
# rows: 5
# columns: 1
 0.22710254423871862
 2.2881892678587772e-09
 6.0768219850581171e-12
 1.3251676250722669e-17
 1.72761878264443e-18


