# Created by Octave 5.1.0, Tue Apr 21 18:01:33 2020 GMT <unknown@Thomas-PC>
# name: contactConvergence
# type: matrix
# rows: 5
# columns: 1
 0.82417673915358913
 1.4272786281043507e-07
 9.6382886721359775e-10
 2.8708072961469242e-16
 2.9773752623227817e-18


