# Created by Octave 5.1.0, Tue Apr 21 17:50:23 2020 GMT <unknown@Thomas-PC>
# name: contactConvergence
# type: matrix
# rows: 5
# columns: 1
 0.75959770704575547
 0.50677589872123019
 1.409941994432169e-08
 3.6666524025696372e-15
 3.2317046968484673e-18


