# Created by Octave 5.1.0, Tue Apr 21 17:47:21 2020 GMT <unknown@Thomas-PC>
# name: contactConvergence
# type: matrix
# rows: 5
# columns: 1
 1.5309584423887324
 3.0254635381253792
 2.1290470525403414e-05
 9.7661315042229507e-09
 4.3292395011343383e-16


