# Created by Octave 5.1.0, Tue Apr 21 18:01:33 2020 GMT <unknown@Thomas-PC>
# name: equilibriumConvergence
# type: matrix
# rows: 5
# columns: 1
 1.1154774638008991
 0.036609241956664415
 0.0001568707050919622
 7.7340202985864077e-09
 1.9029383723617936e-14


