# Created by Octave 5.1.0, Tue Apr 21 17:50:23 2020 GMT <unknown@Thomas-PC>
# name: equilibriumConvergence
# type: matrix
# rows: 5
# columns: 1
 1.7543867206884414
 0.083923595885757679
 0.00020384401836552973
 2.474186070037476e-09
 1.0195376341909942e-14


