# Created by Octave 5.1.0, Sun Feb 16 19:48:42 2020 GMT <unknown@Thomas-PC>
# name: equilibriumConvergence
# type: matrix
# rows: 5
# columns: 1
 0.63380944500476233
 0.030512323410272279
 0.00039674699108027765
 1.1150887620330512e-07
 3.9167208854703291e-14


