# Created by Octave 5.1.0, Tue Apr 21 17:47:21 2020 GMT <unknown@Thomas-PC>
# name: equilibriumConvergence
# type: matrix
# rows: 5
# columns: 1
 2.4685231707586017
 0.26915327878935191
 0.051972359321768198
 4.8280931248454034e-05
 8.8321699028917307e-11


