# Created by Octave 5.1.0, Tue Apr 21 17:46:16 2020 GMT <unknown@Thomas-PC>
# name: equilibriumConvergence
# type: matrix
# rows: 7
# columns: 1
 5.7282196186948102
 1.0813006340369069
 0.79876314147115057
 0.61229725829687387
 0.0041721768563892378
 7.3293054453825063e-08
 4.7743976811413043e-15


