# Created by Octave 5.1.0, Tue Apr 21 17:46:29 2020 GMT <unknown@Thomas-PC>
# name: equilibriumConvergence
# type: matrix
# rows: 5
# columns: 1
 4.2466913362317715
 0.20205070965980226
 0.00055605684815711895
 1.044279229655285e-08
 4.0988517805462243e-15


