# Created by Octave 5.1.0, Sun Feb 16 22:23:53 2020 GMT <unknown@Thomas-PC>
# name: equilibriumConvergence
# type: matrix
# rows: 5
# columns: 1
 0.35851477449386643
 0.037739334876303043
 0.0021884084731732317
 8.1148094225063617e-06
 1.0809973850833579e-10


