# Created by Octave 5.1.0, Tue Apr 21 17:46:16 2020 GMT <unknown@Thomas-PC>
# name: lambda_sol
# type: matrix
# rows: 3
# columns: 1
 0
 -9.8162900989352497
 0


