# Created by Octave 5.1.0, Tue Apr 21 17:46:29 2020 GMT <unknown@Thomas-PC>
# name: lambda_sol
# type: matrix
# rows: 5
# columns: 1
 0
 -3.5459121748492617
 -10.978251507673978
 -3.5459121748492617
 0


