# Created by Octave 5.1.0, Tue Apr 21 17:47:21 2020 GMT <unknown@Thomas-PC>
# name: lambda_sol
# type: matrix
# rows: 9
# columns: 1
 0
 0
 -3.383558660903986
 -9.0749066948719666
 -10.614690927421575
 -9.0749066948719683
 -3.3835586609039843
 0
 0


