# Created by Octave 5.1.0, Tue Apr 21 17:50:23 2020 GMT <unknown@Thomas-PC>
# name: lambda_sol
# type: matrix
# rows: 17
# columns: 1
 0
 0
 0
 0
 -3.9825628368609265
 -6.7227388379460065
 -8.8648135041552401
 -10.258067107210703
 -10.761385170365738
 -10.258067107210701
 -8.8648135041552401
 -6.7227388379460109
 -3.9825628368609247
 0
 0
 0
 0


