# Created by Octave 5.1.0, Tue Apr 21 18:01:33 2020 GMT <unknown@Thomas-PC>
# name: lambda_sol
# type: matrix
# rows: 33
# columns: 1
 0
 0
 0
 0
 0
 0
 0
 -2.1266207469119776
 -3.8125162901999707
 -5.2064626744272786
 -6.5041679695841994
 -7.7050381345916161
 -8.7772778738915136
 -9.6765375853866153
 -10.353604547564979
 -10.760303308524406
 -10.910598512106235
 -10.760303308524417
 -10.35360454756497
 -9.6765375853866153
 -8.7772778738915083
 -7.7050381345916383
 -6.5041679695841914
 -5.2064626744272529
 -3.8125162901999792
 -2.1266207469119744
 0
 0
 0
 0
 0
 0
 0


