# Created by Octave 5.1.0, Sun Feb 16 19:48:42 2020 GMT <unknown@Thomas-PC>
# name: lambda_sol
# type: matrix
# rows: 65
# columns: 1
 0
 0
 0
 0
 0
 0
 0
 0
 0
 0
 0
 0
 0
 -1.0726191774833023
 -2.1544277016878928
 -2.9710323686305919
 -3.7240579541657093
 -4.4427545265358797
 -5.1356407462685914
 -5.8055976004042229
 -6.452770652582112
 -7.0754675284689883
 -7.6705973956192066
 -8.2339670980753628
 -8.7605276555807343
 -9.2446119367914168
 -9.680183825655698
 -10.061105468298249
 -10.381415497648751
 -10.635591676510618
 -10.818728345607182
 -10.926369674696479
 -10.968055009117329
 -10.926369674696462
 -10.818728345607189
 -10.635591676510598
 -10.381415497648769
 -10.061105468298233
 -9.6801838256557122
 -9.2446119367914239
 -8.7605276555807112
 -8.2339670980753592
 -7.6705973956192164
 -7.0754675284689617
 -6.4527706525821955
 -5.8055976004041785
 -5.13564074626857
 -4.4427545265358797
 -3.7240579541656946
 -2.9710323686305324
 -2.1544277016879732
 -1.0726191774832845
 0
 0
 0
 0
 0
 0
 0
 0
 0
 0
 0
 0
 0


