# Created by Octave 5.1.0, Sun Feb 16 22:23:53 2020 GMT <unknown@Thomas-PC>
# name: lambda_sol
# type: matrix
# rows: 129
# columns: 1
 0
 0
 0
 0
 0
 0
 0
 0
 0
 0
 0
 0
 0
 0
 0
 0
 0
 0
 0
 0
 0
 0
 0
 0
 0
 -0.39303495960614837
 -1.1640164515715996
 -1.6724669122069826
 -2.1223546969383498
 -2.5431319978266766
 -2.9443321162095777
 -3.3309054432069769
 -3.7059887193350098
 -4.0716986172918457
 -4.42948274765621
 -4.7803195961963834
 -5.1248451509439823
 -5.4634368035681327
 -5.7962704651900436
 -6.1233603792094646
 -6.4445875791643523
 -6.759720821840018
 -7.0684325123617109
 -7.3703113085223437
 -7.6648725591003721
 -7.9515673823133826
 -8.229790956596732
 -8.4988904338146316
 -8.7581727681898336
 -9.0069126659627443
 -9.2443607904346639
 -9.4697522979288102
 -9.6823157280325827
 -9.8812822235006266
 -10.065895009335588
 -10.235419014360941
 -10.389150467152202
 -10.526426228728146
 -10.646632500878374
 -10.749212264413499
 -10.833670021327594
 -10.89957002189804
 -10.94651602352765
 -10.97406297279494
 -10.985478675274855
 -10.974062972794943
 -10.946516023527652
 -10.899570021898047
 -10.833670021327599
 -10.749212264413524
 -10.646632500878301
 -10.526426228728198
 -10.389150467152225
 -10.235419014360906
 -10.065895009335563
 -9.881282223500639
 -9.6823157280325809
 -9.4697522979287925
 -9.244360790434655
 -9.0069126659627994
 -8.7581727681897892
 -8.4988904338146725
 -8.2297909565967249
 -7.9515673823134225
 -7.6648725591002504
 -7.3703113085224681
 -7.0684325123616292
 -6.7597208218400731
 -6.4445875791643337
 -6.1233603792093332
 -5.7962704651902142
 -5.463436803568011
 -5.1248451509441058
 -4.7803195961963878
 -4.4294827476560652
 -4.0716986172918732
 -3.7059887193349992
 -3.3309054432069667
 -2.9443321162096829
 -2.5431319978267206
 -2.1223546969381655
 -1.6724669122070692
 -1.164016451571509
 -0.3930349596062494
 0
 0
 0
 0
 0
 0
 0
 0
 0
 0
 0
 0
 0
 0
 0
 0
 0
 0
 0
 0
 0
 0
 0
 0
 0


