# Created by Octave 5.1.0, Tue Apr 21 17:46:16 2020 GMT <unknown@Thomas-PC>
# name: u_sol
# type: matrix
# rows: 18
# columns: 1
 0.017998276512168895
 -0.017998276512168992
 0
 0
 -2.6938294807532273e-17
 -0.033998061080445424
 0
 0.033998061080445369
 -1.6255773130627359e-17
 -0.21144545341943669
 -0.2114454534194368
 0
 0
 -0.061279056425793448
 -0.15658483173208745
 0
 -0.15658483173208743
 -0.13150730696260274


