# Created by Octave 5.1.0, Tue Apr 21 17:46:29 2020 GMT <unknown@Thomas-PC>
# name: u_sol
# type: matrix
# rows: 50
# columns: 1
 -0.01101328461030501
 0.011013284610305044
 0
 0
 2.5200365889539266e-17
 -0.024311266375343889
 0
 0.024311266375343921
 1.6137193231100737e-17
 -0.011585418165051629
 1.8711125380590061e-17
 -0.010877820272903828
 0.011585418165051646
 0.010877820272903864
 0.0059180087144600881
 -0.0093128808412101718
 -0.045780502396630313
 -0.019341050747349715
 0
 9.2010587386087553e-18
 0
 0.019341050747349736
 0.045780502396630347
 0.0093128808412102186
 -0.0059180087144600525
 -0.20350958541512679
 -0.20350958541512681
 0
 0
 -0.088595511500569185
 -0.15842950608605252
 0
 -0.15842950608605252
 -0.16047003752238367
 -0.15754016503358356
 -0.14785414047420722
 -0.17954768875899993
 -0.15754016503358359
 -0.17954768875899996
 -0.19358558458730413
 -0.16390147040509437
 -0.10856332218967507
 -0.10164342624246191
 0
 -0.096111770132586316
 0
 -0.10164342624246191
 -0.1085633221896751
 -0.16390147040509437
 -0.1935855845873041


