# Created by Octave 5.1.0, Tue Apr 21 17:47:21 2020 GMT <unknown@Thomas-PC>
# name: u_sol
# type: matrix
# rows: 162
# columns: 1
 0.0024286109806843682
 -0.00242861098068435
 0
 0
 6.0103520251544535e-18
 -0.022110664423147294
 0
 0.022110664423147307
 8.9783159314562959e-18
 -0.0020179112502540495
 9.6288399358459035e-18
 -0.013377634306967185
 0.0020179112502540582
 0.013377634306967206
 0.0075873526805305749
 -0.0060994934728044016
 -0.049981069268213385
 -0.021909940952200762
 0
 2.0985936974512878e-18
 0
 0.021909940952200769
 0.049981069268213399
 0.0060994934728044164
 -0.0075873526805305567
 0.0018228708940503707
 -0.014148137877288176
 -0.012423191054505584
 7.2663775059734947e-18
 -0.010433170000650463
 -0.003452883970121258
 -0.0048340082225650774
 -0.0094038336802064661
 1.0558721987022681e-17
 0.0034528839701212792
 0.010433170000650471
 0.012423191054505605
 0.014148137877288193
 -0.0018228708940503573
 0.00940383368020648
 0.0048340082225650999
 0.0096086782775357781
 0.012148706983288352
 -0.013117480243612459
 0.0021251689901179878
 -0.0047965781707879638
 0.0054891707132839682
 -0.0018076136662082717
 -0.03798510498202276
 -0.027195618788899145
 -0.029569304656074564
 -0.036038947077248293
 -0.049304754316757397
 -0.016783974366553191
 -0.0080997237234669908
 0
 -0.01747587328324126
 -6.3591145045553152e-19
 -0.0081412669479867753
 0
 -0.010368199203354645
 5.1217136089585466e-18
 0
 0.0081412669479867771
 0.029569304656074564
 0.017475873283241267
 0
 0.010368199203354651
 0.008099723723467003
 0.04930475431675739
 0.036038947077248307
 0.013117480243612478
 0.027195618788899159
 0.037985104982022774
 0.016783974366553201
 0.0018076136662082897
 0.0047965781707879724
 -0.0021251689901179674
 -0.012148706983288333
 -0.0096086782775357659
 -0.0054891707132839543
 -0.22249128731184392
 -0.22249128731184392
 0
 0
 -0.097249976099959903
 -0.16571464257277849
 0
 -0.16571464257277849
 -0.16621604387930725
 -0.16101737158776461
 -0.1562789259533949
 -0.18473362245380784
 -0.16101737158776461
 -0.18473362245380784
 -0.20495128691482589
 -0.17090887310953359
 -0.11052199073281388
 -0.10778908971151624
 0
 -0.10362896921668083
 0
 -0.10778908971151625
 -0.11052199073281389
 -0.17090887310953359
 -0.20495128691482589
 -0.20403808554643554
 -0.17717501757503926
 -0.20588489134592419
 -0.1318772639776106
 -0.14540178890223671
 -0.1138527717863255
 -0.17216935046888016
 -0.16490741159467326
 -0.1680871868087126
 -0.11385277178632551
 -0.14540178890223671
 -0.20588489134592419
 -0.17717501757503926
 -0.20403808554643554
 -0.16490741159467326
 -0.17216935046888016
 -0.21741272388368987
 -0.20206068695328763
 -0.17420042347457601
 -0.19193706129432378
 -0.18763346600308431
 -0.18325709203239166
 -0.16540191819113317
 -0.14199496445778886
 -0.14825775430107507
 -0.057623005223778306
 -0.11067185523626075
 -0.067877320836209273
 -0.14647926148070584
 -0.14332806450447541
 0
 -0.056468573567982162
 -0.054266122869053537
 -0.055841260571597648
 0
 -0.1055943146611084
 -0.14194588896583443
 0
 -0.055841260571597648
 -0.057623005223778313
 -0.056468573567982162
 0
 -0.1055943146611084
 -0.14332806450447544
 -0.067877320836209287
 -0.11067185523626073
 -0.17420042347457601
 -0.14825775430107507
 -0.14199496445778886
 -0.14647926148070584
 -0.16540191819113317
 -0.18763346600308434
 -0.19193706129432378
 -0.20206068695328763
 -0.21741272388368987
 -0.18325709203239166


