# Created by Octave 5.1.0, Tue Apr 21 17:50:23 2020 GMT <unknown@Thomas-PC>
# name: u_sol
# type: matrix
# rows: 578
# columns: 1
 0.012012576982686735
 -0.01201257698268679
 0
 0
 -1.5618973547069798e-17
 -0.020833031276105644
 0
 0.020833031276105612
 -1.5685514586315976e-17
 0.0024146608919584532
 -1.9130346459438242e-17
 -0.014508279326323098
 -0.0024146608919584987
 0.014508279326323058
 0.0084720642570404112
 -0.0050252197100479424
 -0.052210752581534937
 -0.023027031584989203
 0
 -8.5886911634080893e-18
 0
 0.023027031584989189
 0.052210752581534917
 0.0050252197100479155
 -0.0084720642570404493
 0.010622138727355186
 -0.014188978571134403
 -0.010719753209402157
 -1.7910167659643592e-17
 -0.0101285374555462
 -0.0039649426763029034
 -0.0048910705387197311
 -0.0094578986308493668
 -1.8650394486906706e-17
 0.0039649426763028739
 0.010128537455546155
 0.010719753209402112
 0.01418897857113436
 -0.01062213872735524
 0.0094578986308493287
 0.0048910705387196938
 0.0062854130358122153
 0.013585797473427853
 -0.011480310261722217
 0.0040889236239523554
 -0.0028546174248799835
 0.0066569758629944457
 -0.0015018302949730976
 -0.038773630022207309
 -0.027145086254989886
 -0.033132873679988559
 -0.037576847983636801
 -0.052322990840237241
 -0.016484932302160502
 -0.0076764111536010513
 0
 -0.019076371052081431
 -1.1821048660408909e-18
 -0.0086927373471545385
 0
 -0.010744779931443359
 -1.0181989659123742e-17
 0
 0.0086927373471545315
 0.033132873679988545
 0.019076371052081421
 0
 0.010744779931443344
 0.0076764111536010279
 0.052322990840237234
 0.037576847983636787
 0.011480310261722188
 0.027145086254989861
 0.038773630022207281
 0.016484932302160478
 0.0015018302949730664
 0.0028546174248799505
 -0.0040889236239523867
 -0.013585797473427891
 -0.0062854130358122569
 -0.0066569758629944787
 0.011194484865650903
 -0.0026366854683349599
 -0.00052921948249665552
 -0.0088799530884088804
 -0.005600110440741074
 0.0084913887618495252
 -0.015513447896510749
 -0.012874398537297752
 -0.015705857005780137
 -1.8435176221991974e-17
 -0.0045734455526120765
 -0.0027004713312500359
 -0.0055917847126134602
 -0.0054894828679457443
 -1.8924934704698024e-17
 -0.0023271092736916327
 -0.00807421775098985
 -0.0096535514301984027
 -0.0011987981019919026
 -0.0027180314954408542
 -2.0562565329357827e-17
 -0.012730679337371128
 -0.0075069134388104858
 -0.010018921540659731
 -2.0069448480750528e-17
 -0.0040415125162336085
 -0.0050509338917529498
 -0.013217528775348096
 -0.010453161374845013
 -0.013981786468391988
 0.0027004713312500012
 0.0045734455526120418
 0.0096535514301983663
 0.0080742177509898153
 0.0023271092736915919
 0.0054894828679457079
 0.0055917847126134203
 0.0005292194824966051
 0.0026366854683349092
 -0.01119448486565096
 0.015705857005780095
 0.012874398537297707
 0.015513447896510709
 -0.0084913887618495772
 0.0056001104407410263
 0.0088799530884088387
 0.0027180314954408174
 0.001198798101991866
 0.0050509338917529125
 0.0040415125162335678
 0.010018921540659694
 0.0075069134388104511
 0.012730679337371088
 0.013217528775348058
 0.013981786468391945
 0.010453161374844972
 -0.0012323362900246854
 0.0085673431838650688
 0.011522965590034477
 0.012115705530252216
 0.0094614555626762725
 0.014120698473152711
 0.01468670031719444
 -0.015818181272622703
 -0.0068667161154797787
 -0.011425715739525414
 -0.00063509894753499422
 -0.0032781073546808768
 -0.0078722743020203378
 0.0040653712935072826
 0.0011697871632756331
 0.0075777528760297514
 0.0018260851210921631
 -0.00059536949317996887
 0.011304265380980562
 0.0062702840325438757
 -0.0029285644980992054
 0.001841323228674589
 0.0010601232237791693
 0.0099633835582445263
 0.0059297727431935109
 0.01125032897892257
 -0.029946470589287556
 -0.024599480280814687
 -0.040091033494081385
 -0.032931228688224144
 -0.046488397237088676
 -0.019585849782541461
 -0.015049993512401159
 -0.027662051692594471
 -0.04263132298250237
 -0.041343916065525135
 -0.030068871792938382
 -0.038171311929412415
 -0.030007968326035268
 -0.054765935301236753
 -0.046757824098164022
 -0.045149384646910554
 -0.0048843568943270146
 -0.0024566167768768862
 -0.011082446897780377
 -0.0077104287189021506
 -0.014961462285127416
 -0.011849157823157333
 -0.020686592508883519
 -0.033451848020321875
 -0.026895913322727109
 -0.021610315202079091
 0
 -0.020617830564551985
 -0.011547589820137035
 -0.015581117562959894
 0
 -0.025471640399890867
 -0.02273753748209506
 -9.6379883138223715e-19
 -0.0025011859716907807
 0
 -0.00514084700939449
 -0.004236549975100137
 -3.4975341312473437e-18
 0
 -0.0051810540199722574
 -0.0081486138034138882
 -0.0038061699794847428
 -1.1609431269681526e-17
 -0.016605380409529861
 -0.009707231132630589
 -9.476102593185727e-18
 -0.0047882292460457426
 -0.0052821524258807361
 -0.013568915121013766
 -0.01049537744713834
 -0.01629211546037292
 0
 0.0025011859716907764
 0.0081486138034138865
 0.0051810540199722591
 0
 0.0042365499751001352
 0.0051408470093944813
 0.027662051692594468
 0.020617830564551982
 0
 0.022737537482095047
 0.025471640399890857
 0.03000796832603525
 0
 0.015581117562959887
 0.011547589820137026
 0.0038061699794847198
 0.0024566167768768593
 0.0052821524258807231
 0.0047882292460457217
 0.014961462285127397
 0.0097072311326305682
 0.016605380409529847
 0.013568915121013754
 0.016292115460372906
 0.010495377447138327
 0.041343916065525128
 0.042631322982502357
 0.045149384646910533
 0.046757824098164001
 0.054765935301236739
 0.038171311929412401
 0.030068871792938368
 0.015818181272622672
 0.024599480280814656
 0.029946470589287524
 0.01504999351240113
 0.01958584978254143
 0.0078722743020203118
 0.046488397237088655
 0.032931228688224116
 0.040091033494081357
 0.0048843568943269878
 0.00059536949317993808
 0.020686592508883498
 0.01184915782315731
 0.0029285644980991802
 0.0077104287189021271
 0.011082446897780353
 0.033451848020321855
 0.021610315202079067
 0.026895913322727092
 0.01142571573952538
 0.006866716115479744
 -0.0075777528760297861
 -0.0011697871632756643
 -0.0040653712935073139
 0.0032781073546808465
 0.00063509894753496559
 -0.0085673431838651139
 0.0012323362900246364
 -0.014686700317194479
 -0.014120698473152754
 -0.0094614555626763124
 -0.012115705530252258
 -0.011522965590034516
 -0.0018260851210921969
 -0.001060123223779194
 -0.0018413232286746159
 -0.0062702840325439069
 -0.0113042653809806
 -0.0099633835582445627
 -0.011250328978922608
 -0.005929772743193543
 -0.23410748355783148
 -0.23410748355783151
 0
 0
 -0.099291483089697152
 -0.16882370932352564
 0
 -0.16882370932352564
 -0.16751156492617139
 -0.16075520024528844
 -0.15966079284185944
 -0.18711159471934799
 -0.16075520024528844
 -0.18711159471934796
 -0.21145960420296889
 -0.1746511154535246
 -0.11100238405244421
 -0.11087682805325189
 0
 -0.10725211013710965
 0
 -0.11087682805325189
 -0.1110023840524442
 -0.1746511154535246
 -0.21145960420296886
 -0.21028137870232599
 -0.17873012426600371
 -0.21117670572148572
 -0.13523775993805726
 -0.14745831285903616
 -0.11598444717876523
 -0.1753191005971679
 -0.16766661858716381
 -0.17080746112256956
 -0.11598444717876522
 -0.14745831285903613
 -0.21117670572148572
 -0.17873012426600368
 -0.21028137870232599
 -0.16766661858716378
 -0.1753191005971679
 -0.22765791286932024
 -0.20624960834910011
 -0.17796433296006633
 -0.19566932906962056
 -0.19155064352816159
 -0.18640756076384937
 -0.16875962815411469
 -0.14330183465362153
 -0.1513673582349897
 -0.060112091566254612
 -0.11305580983027805
 -0.069111545473745983
 -0.15002913284759667
 -0.14662450675861835
 0
 -0.058287656468730402
 -0.056809434047512479
 -0.057598560218573416
 0
 -0.10860842329791731
 -0.1450737492458383
 0
 -0.057598560218573409
 -0.060112091566254612
 -0.058287656468730402
 0
 -0.10860842329791731
 -0.14662450675861835
 -0.069111545473745969
 -0.11305580983027803
 -0.17796433296006633
 -0.15136735823498967
 -0.14330183465362151
 -0.15002913284759667
 -0.16875962815411469
 -0.19155064352816159
 -0.19566932906962056
