# Created by Octave 5.1.0, Tue Apr 21 18:01:33 2020 GMT <unknown@Thomas-PC>
# name: u_sol
# type: matrix
# rows: 2178
# columns: 1
 0.013561565209840129
 -0.01356156520984006
 0
 0
 3.7502789883833264e-17
 -0.020356940954257201
 0
 0.020356940954257247
 2.5854258344306069e-17
 0.0025752170365805891
 3.2168910281796011e-17
 -0.014948125204643148
 -0.0025752170365805215
 0.014948125204643208
 0.0092574093617666785
 -0.0048285620286645983
 -0.053024358030209086
 -0.02345915557667138
 0
 1.6857282438682342e-17
 0
 0.023459155576671407
 0.053024358030209107
 0.0048285620286646442
 -0.0092574093617666248
 0.012560632850541105
 -0.014577964359880041
 -0.010972638274100385
 3.4218511250599511e-17
 -0.010299205888870159
 -0.0049759339209989621
 -0.0048759963695213585
 -0.0095215614232281587
 2.8409692384678423e-17
 0.0049759339209990332
 0.010299205888870224
 0.010972638274100445
 0.014577964359880105
 -0.012560632850541037
 0.0095215614232282229
 0.0048759963695214174
 0.0058792390924566704
 0.014432505080596153
 -0.011045639516853842
 0.0047680377323937638
 -0.0020754863564237378
 0.0069728127943619643
 -0.0014932345630005888
 -0.039075873200470027
 -0.027210193364151012
 -0.034410890506480586
 -0.038177584823639234
 -0.053497540462285914
 -0.016473763373064304
 -0.0075847104359845858
 0
 -0.019716178560681228
 8.0050769712387411e-18
 -0.0089422393087806185
 0
 -0.010928172425689135
 2.1011130084623539e-17
 0
 0.0089422393087806359
 0.0344108905064806
 0.019716178560681245
 0
 0.010928172425689164
 0.0075847104359846266
 0.053497540462285928
 0.038177584823639255
 0.011045639516853889
 0.02721019336415105
 0.039075873200470061
 0.016473763373064339
 0.0014932345630006389
 0.0020754863564237903
 -0.0047680377323937101
 -0.014432505080596094
 -0.0058792390924566132
 -0.0069728127943619106
 0.012736771557949124
 -0.0020160020055124922
 0.00053194446579818183
 -0.0091131392464271176
 -0.0057285343985878142
 0.01018170699070371
 -0.016201327498462471
 -0.013429679164835178
 -0.016148686769486408
 3.6069884560561466e-17
 -0.0048371578557591345
 -0.0034420651666480966
 -0.0056129530183509965
 -0.0055760607475824732
 3.3787954526583174e-17
 -0.0031102358548695868
 -0.0084681589701467441
 -0.010019342966227954
 -0.0010787758819486308
 -0.0026406958381076247
 2.6235873597144363e-17
 -0.012946863567382741
 -0.00753609713723951
 -0.010198931408832188
 3.0490710469366426e-17
 -0.00400446995273378
 -0.0050422692748188702
 -0.013470725439114213
 -0.010548980710453446
 -0.014213964449993155
 0.0034420651666481686
 0.0048371578557592021
 0.010019342966228025
 0.0084681589701468118
 0.0031102358548696445
 0.0055760607475825417
 0.0056129530183510606
 -0.00053194446579811852
 0.0020160020055125546
 -0.012736771557949058
 0.01614868676948647
 0.013429679164835244
 0.016201327498462533
 -0.01018170699070365
 0.0057285343985878766
 0.0091131392464271835
 0.0026406958381076833
 0.0010787758819486863
 0.0050422692748189344
 0.0040044699527338416
 0.010198931408832247
 0.0075360971372395707
 0.012946863567382803
 0.013470725439114279
 0.014213964449993221
 0.010548980710453511
 -0.0025552939721669994
 0.0084517516331348245
 0.012390159209115546
 0.012683115339481948
 0.009850096488407685
 0.014818512586232565
 0.01538484515727518
 -0.015326540177618994
 -0.006256264885967611
 -0.010776193163590997
 -0.00023496289799251145
 -0.0027458921665595398
 -0.0075471935592265702
 0.0049287453705809565
 0.0019357115715743481
 0.0084647415019027828
 0.0017895164297635816
 -0.00061399620089285726
 0.011695498463025046
 0.0064001794732285655
 -0.0028444536402144715
 0.0019311235081675726
 0.0013014579795275062
 0.010772452353764988
 0.0064457716880788746
 0.011879158847740386
 -0.029933652485499802
 -0.024451166356628317
 -0.040505689876181965
 -0.033075640942786755
 -0.047057779215686171
 -0.019400121002661901
 -0.014876829544647361
 -0.029600565708508948
 -0.043866114106880454
 -0.04240807297580744
 -0.030594712020327444
 -0.039074512055412701
 -0.030823323044319902
 -0.055797968428518231
 -0.047722605585260397
 -0.045834906862583985
 -0.0047443809047646099
 -0.002300676666293276
 -0.01093503570086408
 -0.0075778559958024775
 -0.015079602802520103
 -0.011799467594011761
 -0.020878557093435619
 -0.033775653412848848
 -0.027152480236810161
 -0.021632294722906557
 0
 -0.021608645778288978
 -0.011878879373381708
 -0.016137714549580785
 0
 -0.026413821404820022
 -0.023370923738269451
 3.4412871306572011e-18
 -0.0025710389263859548
 0
 -0.0052629988919497802
 -0.0043560339912759221
 1.1968636387295011e-17
 0
 -0.005307968011187077
 -0.0083525361293316763
 -0.0037126220285030151
 2.3527709181194754e-17
 -0.016914730083564273
 -0.0097515432609591845
 1.7115770391715503e-17
 -0.0047840980664877438
 -0.0053575226566535813
 -0.013983494189467843
 -0.01076290928418989
 -0.016731618713958719
 0
 0.0025710389263859635
 0.0083525361293316849
 0.0053079680111870866
 0
 0.0043560339912759403
 0.0052629988919498044
 0.029600565708508955
 0.021608645778288985
 0
 0.023370923738269472
 0.026413821404820039
 0.030823323044319919
 0
 0.016137714549580792
 0.011878879373381716
 0.0037126220285030554
 0.0023006766662933228
 0.0053575226566536082
 0.0047840980664877793
 0.015079602802520136
 0.0097515432609592192
 0.016914730083564301
 0.013983494189467859
 0.016731618713958743
 0.010762909284189912
 0.042408072975807447
 0.043866114106880467
 0.045834906862584013
 0.047722605585260418
 0.055797968428518252
 0.039074512055412715
 0.030594712020327468
 0.015326540177619041
 0.024451166356628355
 0.02993365248549984
 0.014876829544647405
 0.019400121002661943
 0.0075471935592266162
 0.047057779215686206
 0.03307564094278679
 0.040505689876181999
 0.0047443809047646559
 0.00061399620089290811
 0.020878557093435654
 0.011799467594011801
 0.0028444536402145201
 0.0075778559958025208
 0.010935035700864121
 0.033775653412848883
 0.021632294722906596
 0.027152480236810193
 0.010776193163591045
 0.0062562648859676604
 -0.0084647415019027273
 -0.0019357115715742947
 -0.0049287453705809028
 0.002745892166559591
 0.00023496289799256222
 -0.0084517516331347655
 0.0025552939721670636
 -0.015384845157275121
 -0.014818512586232504
 -0.0098500964884076295
 -0.012683115339481892
 -0.012390159209115492
 -0.001789516429763528
 -0.0013014579795274572
 -0.0019311235081675203
 -0.0064001794732285108
 -0.011695498463024988
 -0.010772452353764932
 -0.011879158847740328
 -0.0064457716880788225
 0.01300784607525504
 0.0064502476103115557
 0.0071549370770198064
 0.0045798623462711694
 0.0056521919750458522
 0.012678590891273784
 -0.0057669402569659528
 -0.00061057327127624354
 -0.0071809390843214256
 -0.0042725198547315102
 -0.001946190148444325
 0.0064928000965525931
 -0.011653200201445996
 -0.0076951033008864963
 -0.012434638388371165
 0.011940240898299277
 0.00080143016665583139
 0.003018101989930052
 -0.016219715507064563
 -0.016398652346384941
 -0.015845026362431815
 -0.01226489364400672
 -0.015330238975807119
 -0.014512251705301604
 -0.015764837008472216
 -0.01578984666686379
 -0.014265231621566846
 -0.003741560387924601
 -0.010318921822701461
 -0.0087417236154229885
 3.5782740442695599e-17
 -0.0022012661848368159
 -0.001828785623567106
 -0.0027138627388778691
 -0.0024979496290675968
 3.3963307561518329e-17
 -0.0045636026368406635
 -0.0042101911808775077
 -0.0058350486167424278
 -0.0027378385398663541
 -0.0028506748262033151
 3.236836343843874e-17
 -0.0080923931301686743
 -0.0056783187426341806
 -0.008278709586311845
 3.3776966920802948e-17
 -0.0028883498637790185
 -0.002844073314925834
 -0.0007188422661344126
 -0.0070290361415966136
 -0.0059921704741662781
 -0.006915068740301831
 -0.0073342791915475686
 -0.0045222633423806745
 -0.011120475111590176
 -0.009538316709894485
 -0.0095956823761253491
 -0.0052961426692630766
 -0.0076255017347189539
 -0.0068693453244383111
 -0.00017168645831981374
 -0.00057523355507523531
 2.6411467276069175e-17
 -0.0038294946483283612
 -0.0018775849562320196
 -0.0026891306639180933
 2.7584650299704236e-17
