# Created by Octave 5.1.0, Wed Feb 19 15:09:23 2020 GMT <unknown@Thomas-PC>
# name: contactConvergence
# type: matrix
# rows: 7
# columns: 1
 0.2131560974384169
 3.1743820608770518e-09
 1.8336369788603574e-11
 1.9725508536565289e-13
 6.7847360726984705e-14
 2.5744440449638636e-16
 2.1468233799175863e-18


