# Created by Octave 5.1.0, Wed Feb 19 09:37:14 2020 GMT <unknown@Thomas-PC>
# name: contactConvergence
# type: matrix
# rows: 5
# columns: 1
 0.17798058934362312
 0.72531758165668703
 9.1057038734570787e-10
 6.2144717047592577e-15
 2.34570667812134e-18


