# Created by Octave 5.1.0, Tue Apr 21 22:16:23 2020 GMT <unknown@Thomas-PC>
# name: contactConvergence
# type: matrix
# rows: 5
# columns: 1
 5.0591812704086365
 0.00058008210066186295
 1.944684481879519e-07
 3.2204541826393898e-10
 1.4677680983150546e-17


