# Created by Octave 5.1.0, Tue Apr 21 23:30:32 2020 GMT <unknown@Thomas-PC>
# name: contactConvergence
# type: matrix
# rows: 5
# columns: 1
 0.59649328528518697
 5.6549069065702676e-07
 4.7791468518219065e-09
 3.0862408146734006e-15
 4.1717569444368015e-18


