# Created by Octave 5.1.0, Tue Apr 21 22:16:10 2020 GMT <unknown@Thomas-PC>
# name: contactConvergence
# type: matrix
# rows: 7
# columns: 1
 0
 0.172836545744086
 0.12011779894214983
 4.3593256409844502e-08
 1.6770848791790478e-06
 4.4214362639877214e-11
 1.0191500421363742e-17


