# Created by Octave 5.1.0, Tue Apr 21 22:19:39 2020 GMT <unknown@Thomas-PC>
# name: contactConvergence
# type: matrix
# rows: 5
# columns: 1
 1.5006066240117892
 2.1507181579899555e-06
 1.8986903127078396e-08
 8.9039134934666631e-14
 4.6793989055075857e-18


