# Created by Octave 5.1.0, Tue Apr 21 22:17:05 2020 GMT <unknown@Thomas-PC>
# name: contactConvergence
# type: matrix
# rows: 5
# columns: 1
 2.6814249415755191
 1.4789143110192042
 4.2627169148674914e-06
 6.808389016927116e-11
 2.1998881097308722e-17


