# Created by Octave 5.1.0, Wed Feb 19 09:37:14 2020 GMT <unknown@Thomas-PC>
# name: equilibriumConvergence
# type: matrix
# rows: 5
# columns: 1
 0.8762238326139864
 0.07187995211075017
 0.0038647189344370304
 1.2795065925517563e-05
 1.3890095447729151e-10


