# Created by Octave 5.1.0, Tue Apr 21 22:16:23 2020 GMT <unknown@Thomas-PC>
# name: equilibriumConvergence
# type: matrix
# rows: 5
# columns: 1
 6.0050768833478232
 0.36897868679920609
 0.0028257349858192031
 2.2195809549164234e-07
 4.4175964073859994e-15


