# Created by Octave 5.1.0, Tue Apr 21 22:19:39 2020 GMT <unknown@Thomas-PC>
# name: equilibriumConvergence
# type: matrix
# rows: 5
# columns: 1
 2.4794272160817172
 0.12482681117396609
 0.00084646918206376736
 5.0561207292745143e-08
 1.1987205485096956e-14


