# Created by Octave 5.1.0, Tue Apr 21 22:17:05 2020 GMT <unknown@Thomas-PC>
# name: equilibriumConvergence
# type: matrix
# rows: 5
# columns: 1
 3.3016718622700001
 0.32821323560697785
 0.012506472230265173
 4.6166327467284373e-06
 1.8252953323166101e-12


