# Created by Octave 5.1.0, Tue Apr 21 23:30:32 2020 GMT <unknown@Thomas-PC>
# name: equilibriumConvergence
# type: matrix
# rows: 5
# columns: 1
 1.5219386036670017
 0.070447081193441133
 0.00068907591676900428
 1.744300458362142e-07
 2.4449146800244211e-14


