# Created by Octave 5.1.0, Wed Feb 19 15:09:23 2020 GMT <unknown@Thomas-PC>
# name: equilibriumConvergence
# type: matrix
# rows: 7
# columns: 1
 0.50570430767802232
 0.2897533014048394
 0.12888869745371953
 0.026827315883845754
 0.0012153024099264844
 2.4558280403294585e-06
 9.3958396014295251e-12


