# Created by Octave 5.1.0, Tue Apr 21 22:16:10 2020 GMT <unknown@Thomas-PC>
# name: equilibriumConvergence
# type: matrix
# rows: 7
# columns: 1
 7.6376261582597467
 1.7320490519969862
 0.83157725894091405
 0.52477907319046879
 0.0029210357891005919
 3.4215767875617128e-08
 4.6665686949863549e-15


