# Created by Octave 5.1.0, Tue Apr 21 22:16:23 2020 GMT <unknown@Thomas-PC>
# name: lambda_sol
# type: matrix
# rows: 5
# columns: 1
 0
 -6.4969497284215985
 -15.220759495458866
 -6.4969497284216002
 0


