# Created by Octave 5.1.0, Tue Apr 21 22:17:05 2020 GMT <unknown@Thomas-PC>
# name: lambda_sol
# type: matrix
# rows: 9
# columns: 1
 0
 0
 -7.0520586881904856
 -13.250257721612133
 -15.1143678119111
 -13.25025772161213
 -7.0520586881904856
 0
 0


