# Created by Octave 5.1.0, Tue Apr 21 22:19:39 2020 GMT <unknown@Thomas-PC>
# name: lambda_sol
# type: matrix
# rows: 17
# columns: 1
 0
 0
 0
 -2.7246477654973145
 -6.7610060805054326
 -10.078689966219194
 -13.064470475598936
 -15.161370664270764
 -15.690901398238477
 -15.161370664270768
 -13.064470475598927
 -10.078689966219189
 -6.7610060805054291
 -2.7246477654973207
 0
 0
 0


