# Created by Octave 5.1.0, Tue Apr 21 23:30:32 2020 GMT <unknown@Thomas-PC>
# name: lambda_sol
# type: matrix
# rows: 33
# columns: 1
 0
 0
 0
 0
 0
 -0.72330700998918629
 -3.1219751382536578
 -4.8345997199370148
 -6.5022466909975059
 -8.1764899326280229
 -9.8442960427343973
 -11.46528511798836
 -12.975546800265253
 -14.290641755757965
 -15.313954189429325
 -15.951235021837558
 -16.041845011169755
 -15.951235021837569
 -15.313954189429321
 -14.290641755757978
 -12.975546800265233
 -11.46528511798836
 -9.8442960427344293
 -8.1764899326279963
 -6.5022466909975245
 -4.8345997199369988
 -3.1219751382536871
 -0.72330700998916797
 0
 0
 0
 0
 0


