# Created by Octave 5.1.0, Wed Feb 19 09:37:14 2020 GMT <unknown@Thomas-PC>
# name: lambda_sol
# type: matrix
# rows: 65
# columns: 1
 0
 0
 0
 0
 0
 0
 0
 0
 0
 0
 -0.99590612262049338
 -2.1518917696261468
 -3.0516980037078993
 -3.9082629937688966
 -4.7514649005540592
 -5.5905563257399589
 -6.4296211879494871
 -7.2701674738042916
 -8.1117812733438619
 -8.9523534402378075
 -9.7881598232784786
 -10.613880531223801
 -11.422606703474589
 -12.205874642615973
 -12.953764006659584
 -13.65509311131771
 -14.297737107816188
 -14.869081442804589
 -15.35660161398514
 -15.748528325067008
 -16.034507390324237
 -16.20622487555433
 -16.193299318606186
 -16.206224875554277
 -16.03450739032429
 -15.748528325067028
 -15.356601613985093
 -14.869081442804596
 -14.297737107816223
 -13.655093111317704
 -12.953764006659553
 -12.205874642615989
 -11.422606703474601
 -10.613880531223822
 -9.7881598232784057
 -8.9523534402378235
 -8.1117812733439116
 -7.2701674738042978
 -6.4296211879494258
 -5.5905563257399473
 -4.7514649005541179
 -3.9082629937688229
 -3.0516980037079775
 -2.1518917696260722
 -0.99590612262052691
 0
 0
 0
 0
 0
 0
 0
 0
 0
 0


