# Created by Octave 5.1.0, Wed Feb 19 15:09:23 2020 GMT <unknown@Thomas-PC>
# name: lambda_sol
# type: matrix
# rows: 129
# columns: 1
 0
 0
 0
 0
 0
 0
 0
 0
 0
 0
 0
 0
 0
 0
 0
 0
 0
 0
 0
 -0.32748966760515186
 -1.1132489845699172
 -1.6452875592754941
 -2.1263569619581797
 -2.5846558245620099
 -3.0289390647985464
 -3.4638627176480119
 -3.892488363276704
 -4.3169626680755435
 -4.738821668077728
 -5.1591686656275693
 -5.5787881462140767
 -5.9982208096347103
 -6.417813516027862
 -6.8377526794505972
 -7.2580865741448193
 -7.6787401118762109
 -8.099524447587628
 -8.5201430118749215
 -8.9401950884302774
 -9.3591777499012192
 -9.7764867723107738
 -10.19141702602764
 -10.60316276462018
 -11.010818185014093
 -11.413378601833973
 -11.809742557489285
 -12.198715171286365
 -12.579013010651025
 -12.949270741338797
 -13.308049777861472
 -13.653849107555487
 -13.985118399881419
 -14.300273435738502
 -14.597713800104728
 -14.875842676685378
 -15.133088468047591
 -15.367927841528855
 -15.578909669147887
 -15.764679173476058
 -15.924001345283266
 -16.055782132830974
 -16.159084294389416
 -16.233130394456929
 -16.277321146865372
 -16.254269507145231
 -16.277321146865319
 -16.233130394456943
 -16.159084294389405
 -16.055782132830984
 -15.924001345283303
 -15.764679173475988
 -15.578909669147967
 -15.367927841528779
 -15.133088468047672
 -14.87584267668529
 -14.597713800104765
 -14.300273435738573
 -13.985118399881346
 -13.653849107555502
 -13.308049777861372
 -12.949270741339006
 -12.579013010650844
 -12.198715171286398
 -11.809742557489328
 -11.413378601833823
 -11.010818185014191
 -10.603162764620313
 -10.191417026027461
 -9.7764867723109248
 -9.3591777499011961
 -8.940195088430082
 -8.5201430118750157
 -8.0995244475876067
 -7.6787401118762482
 -7.2580865741447509
 -6.8377526794506931
 -6.4178135160277012
 -5.9982208096348879
 -5.5787881462139497
 -5.159168665627659
 -4.738821668077648
 -4.3169626680755728
 -3.8924883632767417
 -3.4638627176479937
 -3.0289390647984584
 -2.5846558245620685
 -2.1263569619581242
 -1.6452875592754432
 -1.113248984570081
 -0.32748966760508269
 0
 0
 0
 0
 0
 0
 0
 0
 0
 0
 0
 0
 0
 0
 0
 0
 0
 0
 0


