# Created by Octave 5.1.0, Tue Apr 21 22:16:10 2020 GMT <unknown@Thomas-PC>
# name: u_sol
# type: matrix
# rows: 18
# columns: 1
 0.025717101817148383
 -0.025717101817148352
 0
 0
 1.6762741590312092e-17
 -0.043411576849034822
 0
 0.043411576849034871
 -7.2666427082554144e-18
 -0.26622847465666727
 -0.26622847465666727
 0
 0
 -0.062509288748545791
 -0.20244595760335699
 0
 -0.20244595760335701
 -0.16500578486714138


