# Created by Octave 5.1.0, Tue Apr 21 22:16:23 2020 GMT <unknown@Thomas-PC>
# name: u_sol
# type: matrix
# rows: 50
# columns: 1
 -0.030495352961678612
 0.030495352961678601
 0
 0
 -1.6209833540920504e-17
 -0.023308711163151568
 0
 0.023308711163151571
 -4.6853997507489181e-18
 -0.02937141884378772
 -7.0815130619061849e-18
 -0.022382453975303966
 0.029371418843787717
 0.022382453975303952
 0.020375796608932652
 -0.0072068345704743809
 -0.055385168706014579
 -0.023940947845088274
 0
 -1.1591246274405604e-17
 0
 0.023940947845088271
 0.055385168706014572
 0.007206834570474367
 -0.020375796608932656
 -0.23141848997652825
 -0.23141848997652822
 0
 0
 -0.086991935055534819
 -0.18950742768623563
 0
 -0.18950742768623566
 -0.19701781767567689
 -0.16628908800398792
 -0.16963079837298514
 -0.20610355178982487
 -0.16628908800398789
 -0.20610355178982484
 -0.2255000520715891
 -0.19828185646074134
 -0.13470052744857286
 -0.12794631817969448
 0
 -0.12111032187387405
 0
 -0.12794631817969454
 -0.13470052744857289
 -0.19828185646074137
 -0.22550005207158913


