# Created by Octave 5.1.0, Tue Apr 21 22:17:05 2020 GMT <unknown@Thomas-PC>
# name: u_sol
# type: matrix
# rows: 162
# columns: 1
 -0.0087346447452755042
 0.0087346447452755459
 0
 0
 1.1370926538687648e-17
 -0.019856818649538324
 0
 0.019856818649538328
 1.0744656385349256e-18
 -0.016712903652430239
 1.6584882814498183e-17
 -0.025364739776941318
 0.016712903652430298
 0.025364739776941335
 0.022279322568934414
 -0.0025484250040324658
 -0.060994135392357408
 -0.027155087051450168
 0
 -8.1609589780137301e-18
 0
 0.027155087051450161
 0.060994135392357401
 0.0025484250040324649
 -0.022279322568934383
 -0.0094137524308100622
 -0.028285216247105414
 -0.027883118914801865
 1.1673172389799949e-17
 -0.018385272334195891
 -0.013890792297710654
 -0.0095731553064912177
 -0.0160139349967965
 2.7883380535289016e-18
 0.01389079229771069
 0.018385272334195919
 0.027883118914801903
 0.028285216247105453
 0.0094137524308101211
 0.016013934996796521
 0.0095731553064912194
 0.025271578560191788
 0.026572039465506157
 -0.0094021971972785435
 0.012212065027629509
 0.0048062924438778774
 0.013843724533245741
 0.0002441606023683916
 -0.042584215121092145
 -0.029982011784782228
 -0.038823414094265124
 -0.044363877012405406
 -0.063506907621304648
 -0.018368328537300443
 -0.0089073220552428993
 0
 -0.023250055048157851
 -6.8129341533682608e-18
 -0.010930897663389167
 0
 -0.012924789781989411
 -2.5978131523971216e-18
 0
 0.010930897663389156
 0.038823414094265124
 0.023250055048157841
 0
 0.012924789781989399
 0.0089073220552428958
 0.063506907621304662
 0.044363877012405406
 0.009402197197278547
 0.029982011784782221
 0.042584215121092145
 0.018368328537300433
 -0.00024416060236838894
 -0.0048062924438778496
 -0.012212065027629485
 -0.026572039465506122
 -0.025271578560191753
 -0.013843724533245727
 -0.26022880727010855
 -0.26022880727010855
 0
 0
 -0.096784891302485687
 -0.2002391352270666
 0
 -0.20023913522706666
 -0.20368464545469775
 -0.16861977447851637
 -0.17953266997536765
 -0.21375231160488614
 -0.16861977447851637
 -0.21375231160488614
 -0.24264539228095636
 -0.20855748265431223
 -0.13760608809369196
 -0.13682657573077928
 0
 -0.13157519129292178
 0
 -0.1368265757307793
 -0.13760608809369199
 -0.20855748265431226
 -0.24264539228095638
 -0.23221196942420891
 -0.19731038223965802
 -0.23865899952019842
 -0.14436478517185994
 -0.15958442857840471
 -0.11632155682373044
 -0.20464105449030645
 -0.18950394014686031
 -0.19996165048874617
 -0.11632155682373045
 -0.15958442857840471
 -0.23865899952019839
 -0.19731038223965799
 -0.23221196942420888
 -0.18950394014686028
 -0.20464105449030642
 -0.25576998680260499
 -0.23818100598314784
 -0.21253412412293005
 -0.23014825279655024
 -0.22415704111315302
 -0.21825582513300068
 -0.20207003844636051
 -0.17412725613525623
 -0.18415389867218199
 -0.073466913897286712
 -0.13984061816129834
 -0.085787477481314156
 -0.18273295097706332
 -0.17917837487336674
 0
 -0.072300219252656936
 -0.069124273912737219
 -0.071569988063518275
 0
 -0.13424993530819138
 -0.17759751190164785
 0
 -0.071569988063518289
 -0.073466913897286726
 -0.07230021925265695
 0
 -0.1342499353081914
 -0.17917837487336677
 -0.08578747748131417
 -0.13984061816129836
 -0.21253412412293007
 -0.18415389867218201
 -0.17412725613525626
 -0.18273295097706335
 -0.20207003844636054
 -0.22415704111315307
 -0.23014825279655027
 -0.2381810059831479
 -0.25576998680260499
 -0.21825582513300071


