# Created by Octave 5.1.0, Tue Apr 21 22:19:39 2020 GMT <unknown@Thomas-PC>
# name: u_sol
# type: matrix
# rows: 578
# columns: 1
 -0.0014217769339447998
 0.0014217769339448013
 0
 0
 -9.8485446052857971e-18
 -0.0178983317685323
 0
 0.017898331768532293
 -2.7082155723597396e-18
 -0.017219409947974947
 -5.5714106934895161e-18
 -0.027280572487077086
 0.01721940994797494
 0.027280572487077083
 0.025444765025873093
 -0.0013168096416116596
 -0.063883893515693776
 -0.028676331890438972
 0
 -1.1105735106119456e-19
 0
 0.028676331890438968
 0.063883893515693763
 0.0013168096416116505
 -0.025444765025873103
 -0.0048334753273016791
 -0.029995567329254486
 -0.029626885605344249
 -7.2135395854501568e-18
 -0.019261789340199176
 -0.016949123932347626
 -0.0096417653676946491
 -0.016419420659180964
 -5.1938461906079954e-18
 0.016949123932347612
 0.019261789340199169
 0.029626885605344235
 0.029995567329254468
 0.0048334753273016843
 0.016419420659180957
 0.0096417653676946404
 0.025123860484119423
 0.029944035203625347
 -0.0072775026867977974
 0.01507740017949431
 0.0079722840842167721
 0.015332082810328284
 0.00060032254840753979
 -0.043611131506840595
 -0.029928579459070244
 -0.043815522800137258
 -0.046329519052869451
 -0.067487732899591354
 -0.01797690389412529
 -0.0083522794725082814
 0
 -0.0256537828028519
 -3.9644299924665396e-18
 -0.011810450941928029
 0
 -0.013482394673803922
 -1.7248442950937336e-18
 0
 0.011810450941928027
 0.043815522800137258
 0.025653782802851893
 0
 0.013482394673803917
 0.0083522794725082745
 0.067487732899591354
 0.046329519052869444
 0.0072775026867977904
 0.02992857945907024
 0.043611131506840588
 0.017976903894125276
 -0.0006003225484075503
 -0.0079722840842167773
 -0.01507740017949432
 -0.029944035203625353
 -0.02512386048411943
 -0.015332082810328289
 -0.0027765431764417816
 -0.021013924550500673
 -0.018154015861192998
 -0.026112170335325209
 -0.024505105782866212
 -0.010880228742613201
 -0.032256320254266183
 -0.030935268349867741
 -0.030108218824438388
 -8.1923415096085967e-18
 -0.010255806353789775
 -0.0097075246200752779
 -0.0097132338270832352
 -0.010269518244616919
 -6.4999028800966588e-18
 -0.019628100327671771
 -0.018746710273146512
 -0.024195288627577076
 -0.0030242166715826677
 -0.0051645390126176458
 -4.8456488587848421e-18
 -0.022794798819649693
 -0.013409667717252795
 -0.018567629649558048
 -7.5586340361416511e-18
 -0.0070620749114321231
 -0.0086157885946587104
 -0.026027550945403766
 -0.018441346491309109
 -0.025419728307242703
 0.0097075246200752675
 0.010255806353789754
 0.024195288627577066
 0.018746710273146502
 0.019628100327671753
 0.010269518244616905
 0.0097132338270832282
 0.018154015861192998
 0.021013924550500669
 0.0027765431764417846
 0.030108218824438378
 0.030935268349867727
 0.032256320254266169
 0.010880228742613202
 0.024505105782866209
 0.026112170335325195
 0.0051645390126176353
 0.0030242166715826564
 0.0086157885946587017
 0.0070620749114321162
 0.018567629649558041
 0.013409667717252787
 0.022794798819649683
 0.026027550945403752
 0.025419728307242696
 0.018441346491309102
 0.015869772006530888
 0.027587858268829462
 0.028532966161391799
 0.03077900485200314
 0.028115752356793738
 0.032222016677870814
 0.029631069680245706
 -0.011997306905439625
 0.0007905400088331785
 -0.0044363744047045796
 0.0065744778042775417
 0.0044270955869253285
 -0.0037334886904525091
 0.018308051427657322
 0.012419769966478287
 0.022018621154661765
 0.005310233744616864
 0.00048383859944590231
 0.022163143118962159
 0.013125019606527276
 7.3701895695780787e-05
 0.0068341226365004433
 0.0073283507944934771
 0.023887601957420793
 0.016027336612186485
 0.023955514034974559
 -0.030903623995393883
 -0.024562793204287264
 -0.047295730677060922
 -0.036626856158741214
 -0.054973774403329206
 -0.018912959391850441
 -0.014058367372868936
 -0.037569417874799504
 -0.055722908761596295
 -0.055203466113012446
 -0.037266146580251847
 -0.04877075339184312
 -0.038637530554232337
 -0.068846842386049711
 -0.059225204570842974
 -0.055405028718291782
 -0.0042305616114338696
 -0.0021541695612471721
 -0.010027686329884811
 -0.0067867304647181758
 -0.017748105083651079
 -0.012890114037037569
 -0.02448299898912543
 -0.039458239398904998
 -0.03176695663418961
 -0.023672172596153177
 0
 -0.028357277133705183
 -0.01616628774545778
 -0.021645168234016441
 0
 -0.033998414391574874
 -0.029465430541763579
 -2.1405895520952569e-18
 -0.0035433940074365094
 0
 -0.0067447790365814404
 -0.0057741983939806575
 -1.0853771413760146e-18
 0
 -0.0073238607641190568
 -0.01147377493271097
 -0.0041537607065096011
 -4.6429025649027649e-18
 -0.020765140798015853
 -0.011542898239751473
 -1.5262424360253147e-18
 -0.0057074923114742975
 -0.0066460090148527254
 -0.018354949101118734
 -0.013727925223193629
 -0.021223566667548131
 0
 0.0035433940074365055
 0.01147377493271097
 0.0073238607641190551
 0
 0.005774198393980654
 0.0067447790365814378
 0.037569417874799498
 0.028357277133705186
 0
 0.029465430541763579
 0.033998414391574874
 0.038637530554232337
 0
 0.021645168234016438
 0.016166287745457777
 0.0041537607065095941
 0.0021541695612471642
 0.0066460090148527246
 0.0057074923114742958
 0.017748105083651069
 0.011542898239751465
 0.020765140798015846
 0.018354949101118734
 0.021223566667548127
 0.013727925223193622
 0.055203466113012446
 0.055722908761596288
 0.055405028718291768
 0.059225204570842967
 0.068846842386049698
 0.048770753391843114
 0.03726614658025184
 0.011997306905439618
 0.024562793204287257
 0.03090362399539388
 0.014058367372868927
 0.018912959391850434
 0.0037334886904525038
 0.054973774403329193
 0.036626856158741207
 0.047295730677060915
 0.0042305616114338617
 -0.00048383859944591391
 0.024482998989125423
 0.01289011403703756
 -7.3701895695790911e-05
 0.0067867304647181688
 0.010027686329884803
 0.039458239398904991
 0.023672172596153167
 0.031766956634189603
 0.0044363744047045761
 -0.00079054000883318283
 -0.022018621154661772
 -0.012419769966478299
 -0.018308051427657328
 -0.004427095586925338
 -0.0065744778042775478
 -0.027587858268829469
 -0.015869772006530888
 -0.029631069680245713
 -0.032222016677870821
 -0.028115752356793748
 -0.030779004852003151
 -0.028532966161391813
 -0.0053102337446168761
 -0.0073283507944934814
 -0.0068341226365004511
 -0.013125019606527281
 -0.022163143118962173
 -0.023887601957420807
 -0.023955514034974573
 -0.016027336612186496
 -0.27042311469820979
 -0.27042311469820979
 0
 0
 -0.09913101223137355
 -0.20229535327281986
 0
 -0.20229535327281986
 -0.20530768349867734
 -0.17084246279797993
 -0.18393892763564329
 -0.21665590991078876
 -0.17084246279797993
 -0.21665590991078876
 -0.24645103571320226
 -0.21320171872945903
 -0.1374870838261503
 -0.14089966878309207
 0
 -0.13672320025354323
 0
 -0.1408996687830921
 -0.1374870838261503
 -0.21320171872945906
 -0.24645103571320229
 -0.23515388985866301
 -0.19945693112165513
 -0.24135653561054829
 -0.14853374688808402
 -0.16280665125524887
 -0.11939020464861301
 -0.20882549481293761
 -0.19333377944039862
 -0.20352755039375803
 -0.11939020464861301
 -0.16280665125524887
 -0.24135653561054829
 -0.19945693112165513
 -0.23515388985866301
 -0.19333377944039862
 -0.20882549481293761
 -0.26387475908497166
 -0.2406528528778917
 -0.21616750324982709
 -0.23296855308419584
 -0.22592026538959467
 -0.2220807759485964
 -0.20647405103257221
 -0.17475076574220313
 -0.18747949392986665
 -0.076784562298125303
 -0.14256535477433394
 -0.086718986687135388
 -0.18718224060017513
 -0.18355069081226313
 0
 -0.074855762227107256
 -0.072934843309955533
 -0.074112994819035286
 0
 -0.13842774020098711
 -0.18180733618251754
 0
 -0.074112994819035299
 -0.076784562298125303
 -0.074855762227107256
 0
 -0.13842774020098711
 -0.18355069081226313
 -0.086718986687135388
 -0.14256535477433394
 -0.21616750324982709
 -0.18747949392986665
 -0.17475076574220313
 -0.18718224060017513
 -0.20647405103257221
 -0.22592026538959467
 -0.23296855308419584
 -0.2406528528778917
 -0.26387475908497166
