# Created by Octave 5.1.0, Tue Apr 21 23:30:32 2020 GMT <unknown@Thomas-PC>
# name: u_sol
# type: matrix
# rows: 2178
# columns: 1
 0.0036364343310373989
 -0.0036364343310374392
 0
 0
 -1.5185830133216308e-17
 -0.01719506061647192
 0
 0.017195060616471913
 -4.9476219101199508e-18
 -0.017603917497623012
 -6.7580979274217912e-18
 -0.027834516454478164
 0.017603917497622992
 0.02783451645447815
 0.026581571377933273
 -0.00095321219551398016
 -0.064916357388022622
 -0.029174878817229889
 0
 -3.3296217383872797e-18
 0
 0.029174878817229882
 0.064916357388022622
 0.0009532121955139678
 -0.026581571377933287
 -0.00081729112416128926
 -0.030325722393500801
 -0.029910414866743694
 -1.1999285861889131e-17
 -0.019445261003616938
 -0.018249253984602639
 -0.0096622155811238591
 -0.016491038610100567
 -5.8853737465171109e-18
 0.018249253984602608
 0.019445261003616914
 0.029910414866743673
 0.03032572239350078
 0.000817291124161246
 0.016491038610100549
 0.0096622155811238487
 0.024195315909636517
 0.031135103425874763
 -0.0066021662998074016
 0.016067630976516516
 0.0090525504986613218
 0.015825903030090363
 0.00068791378342267294
 -0.043950379660882208
 -0.029892760564675762
 -0.045539497485736026
 -0.047029637829701709
 -0.069019579338542483
 -0.017837074220637173
 -0.0081522533979078264
 0
 -0.026557779989477764
 -2.994426216954159e-18
 -0.012166246461496472
 0
 -0.013689666685424236
 -4.678225167300914e-18
 0
 0.012166246461496468
 0.045539497485736026
 0.02655777998947776
 0
 0.013689666685424229
 0.008152253397907816
 0.069019579338542469
 0.047029637829701702
 0.0066021662998073903
 0.029892760564675755
 0.043950379660882201
 0.017837074220637163
 -0.00068791378342268248
 -0.0090525504986613305
 -0.01606763097651653
 -0.031135103425874777
 -0.024195315909636545
 -0.015825903030090377
 0.0017070910200819595
 -0.019913907300350222
 -0.015872641119985948
 -0.026304246741861652
 -0.024425001121894583
 -0.0093507912202064128
 -0.033044487411178811
 -0.031417729382513651
 -0.030583364270006359
 -1.3378729286378616e-17
 -0.010586333094274772
 -0.010624276847871121
 -0.0097271403951832581
 -0.010365504718592974
 -1.0372481670824438e-17
 -0.020785875898536491
 -0.019246074452311634
 -0.024645133570803519
 -0.0028911130942217583
 -0.0050811920915036614
 -4.2686595566243803e-18
 -0.023058297144804101
 -0.013464514382278787
 -0.018830486381875358
 -7.3140632754659909e-18
 -0.0070225725345607736
 -0.0086014434915107942
 -0.026274392184943703
 -0.01853135885330072
 -0.025657245802141591
 0.01062427684787109
 0.010586333094274742
 0.024645133570803494
 0.019246074452311607
 0.02078587589853647
 0.01036550471859295
 0.0097271403951832355
 0.015872641119985913
 0.019913907300350191
 -0.0017070910200820025
 0.030583364270006345
 0.031417729382513637
 0.033044487411178797
 0.0093507912202063972
 0.024425001121894559
 0.026304246741861624
 0.0050811920915036484
 0.0028911130942217474
 0.0086014434915107803
 0.0070225725345607597
 0.018830486381875344
 0.013464514382278773
 0.023058297144804087
 0.026274392184943686
 0.025657245802141574
 0.018531358853300702
 0.012684484196542854
 0.027294774963560246
 0.029810077149618825
 0.031628377529604568
 0.02865086100370829
 0.033180294901413387
 0.030537198763259246
 -0.01125519644918364
 0.0016804806385127299
 -0.0035266660749685031
 0.0072060990671984487
 0.0052293379726081135
 -0.0031998239624797375
 0.019523513927460417
 0.013519023444557696
 0.023297870316748868
 0.0053201691285530515
 0.00050559965058905693
 0.022715743195185011
 0.013357298096986809
 0.00027968365759353873
 0.0070357788682246097
 0.0077458977670782081
 0.025042343774852725
 0.016793645313193842
 0.024834363381170708
 -0.030822848156312792
 -0.02427117541164581
 -0.047750568689779449
 -0.036719213775300651
 -0.055672892329420798
 -0.018550899158126563
 -0.013702848225058647
 -0.040307069657278989
 -0.057325690778548002
 -0.05651918777982462
 -0.037871045922866435
 -0.049908219633715237
 -0.039684240918796583
 -0.070178794512488582
 -0.060443693058121729
 -0.056232082972193204
 -0.0039635397841180286
 -0.001901342267865196
 -0.009709122684371534
 -0.0065033052518863477
 -0.017815133109537289
 -0.012717603798906262
 -0.024627230313725434
 -0.03977156123258771
 -0.031986812333785676
 -0.023570588446816917
 0
 -0.029813031461273759
 -0.016656889922627236
 -0.02247316530987279
 0
 -0.035306384020356581
 -0.030293145185448664
 -2.6905434375397115e-18
 -0.0036424109668118272
 0
 -0.0069043487503539025
 -0.0059424719839035077
 -1.435303152850107e-18
 0
 -0.0075066589091986194
 -0.0117718783210418
 -0.0039870979203825811
 -5.2562855235102417e-18
 -0.021121499206934811
 -0.011538303161576145
 -4.3477342549346449e-18
 -0.0056679633243278127
 -0.0067261361505284488
 -0.018945971888844372
 -0.014082039778746853
 -0.021804197622495105
 0
 0.0036424109668118246
 0.011771878321041795
 0.0075066589091986177
 0
 0.0059424719839035025
 0.0069043487503538973
 0.040307069657278982
 0.029813031461273756
 0
 0.030293145185448657
 0.035306384020356574
 0.039684240918796576
 0
 0.02247316530987279
 0.016656889922627229
 0.0039870979203825698
 0.0019013422678651856
 0.006726136150528441
 0.0056679633243278031
 0.017815133109537282
 0.011538303161576138
 0.021121499206934805
 0.018945971888844372
 0.021804197622495098
 0.014082039778746848
 0.056519187779824613
 0.057325690778547995
 0.05623208297219319
 0.060443693058121722
 0.070178794512488582
 0.04990821963371523
 0.037871045922866421
 0.011255196449183632
 0.024271175411645803
 0.030822848156312786
 0.013702848225058637
 0.018550899158126553
 0.0031998239624797258
 0.055672892329420798
 0.036719213775300637
 0.047750568689779442
 0.0039635397841180182
 -0.00050559965058906832
 0.024627230313725424
 0.012717603798906251
 -0.00027968365759355001
 0.0065033052518863356
 0.0097091226843715236
 0.039771561232587703
 0.023570588446816903
 0.031986812333785669
 0.003526666074968494
 -0.0016804806385127427
 -0.023297870316748882
 -0.013519023444557708
 -0.019523513927460431
 -0.0052293379726081266
 -0.0072060990671984609
 -0.027294774963560271
 -0.012684484196542891
 -0.030537198763259263
 -0.033180294901413401
 -0.028650861003708304
 -0.031628377529604589
 -0.029810077149618842
 -0.0053201691285530628
 -0.007745897767078222
 -0.0070357788682246236
 -0.013357298096986823
 -0.022715743195185028
 -0.025042343774852743
 -0.024834363381170725
 -0.016793645313193856
 0.0025077744621091799
 -0.0076470560147450239
 -0.0062381286736151106
 -0.011760601021496758
 -0.0093924172288559812
 0.00084329414572344218
 -0.024123027219303161
 -0.017723366143871249
 -0.025856827204262491
 -0.022591286654659072
 -0.020833396309253672
 -0.014007623837551671
 -0.029168366621690169
 -0.025783328661747418
 -0.028841162423402462
 -0.0042509252743723087
 -0.018216004323205512
 -0.014869845047360686
 -0.03118327901599556
 -0.032126179877484506
 -0.029543541395305472
 -0.030910999895862212
 -0.032812346187423971
 -0.032807910186314689
 -0.030873289266633026
 -0.032182641194063034
 -0.031241582960008129
 -0.02229963090242458
 -0.028698578553446895
 -0.027495258402899566
 -1.4968176561920426e-17
 -0.0054607560148168576
 -0.0054963950173269362
 -0.0053629164021172021
 -0.0054216256098237872
 -1.2667516066348927e-17
 -0.014978939278008203
 -0.010605545194985057
 -0.015136589780449353
 -0.0046648990255856284
 -0.004923924554579749
 -8.9552166938940067e-18
 -0.015136453983387093
 -0.010106010128514675
 -0.01481464908635843
 -1.1423162491455533e-17
 -0.0051238885344398024
 -0.0052677807383154562
 -0.019900429817784334
 -0.022972168230371185
 -0.023337794878401902
 -0.01881027056928581
 -0.021454458507302328
 -0.020223879671677412
 -0.022992912598278716
 -0.022403257080059896
 -0.019474420657333825
 -0.010518007452590024
 -0.015275348007103649
 -0.015259509629839942
 -0.00092531110177878056
 -0.0014923799305639042
 -4.1850588714244787e-18
 -0.0074594425902592488
 -0.0040105273730270952
 -0.0058568597410545466
 -5.724876442027123e-18
 -0.0020439365121487493
