# Created by Octave 5.1.0, Tue Apr 21 22:16:09 2020 GMT <unknown@Thomas-PC>
# name: contactConvergence
# type: matrix
# rows: 7
# columns: 1
 0
 0.17285297317689519
 0.10006625559625902
 3.2526065174565133e-17
 8.2399365108898337e-18
 1.2793585635328952e-17
 0


