# Created by Octave 5.1.0, Tue Apr 21 22:18:59 2020 GMT <unknown@Thomas-PC>
# name: contactConvergence
# type: matrix
# rows: 5
# columns: 1
 1.5426255107367615
 5.1053105153587724e-18
 3.0089609048667434e-18
 3.1557931078203677e-18
 2.3346997500448566e-18


