# Created by Octave 5.1.0, Wed Feb 19 13:55:27 2020 GMT <unknown@Thomas-PC>
# name: contactConvergence
# type: matrix
# rows: 7
# columns: 1
 0.27867035104732985
 1.3571348958120265e-18
 1.5120581149075896e-18
 1.4283580321690628e-18
 1.3931493993429836e-18
 1.3711850019100449e-18
 1.5178481069409452e-18


