# Created by Octave 5.1.0, Tue Apr 21 23:27:53 2020 GMT <unknown@Thomas-PC>
# name: contactConvergence
# type: matrix
# rows: 5
# columns: 1
 0.64964774469050957
 3.8153795238232185e-18
 3.0459116449826445e-18
 3.2380759221182903e-18
 2.1035067369622969e-18


