# Created by Octave 5.1.0, Wed Feb 19 09:30:53 2020 GMT <unknown@Thomas-PC>
# name: contactConvergence
# type: matrix
# rows: 5
# columns: 1
 0.23138781324175492
 0.27115775560853878
 2.1035814181159325e-18
 2.1824350872502971e-18
 2.172291556376936e-18


