# Created by Octave 5.1.0, Tue Apr 21 22:16:55 2020 GMT <unknown@Thomas-PC>
# name: contactConvergence
# type: matrix
# rows: 5
# columns: 1
 2.7302540395217014
 1.4625229473293737
 5.7452092692628167e-18
 5.3771519521834625e-18
 6.2743649823601685e-18


