# Created by Octave 5.1.0, Tue Apr 21 22:16:20 2020 GMT <unknown@Thomas-PC>
# name: contactConvergence
# type: matrix
# rows: 5
# columns: 1
 5.0584701275384294
 8.5180732842291282e-18
 3.9699479123028682e-18
 1.000066314900507e-17
 3.528761623438787e-18


