# Created by Octave 5.1.0, Wed Feb 19 13:55:27 2020 GMT <unknown@Thomas-PC>
# name: equilibriumConvergence
# type: matrix
# rows: 7
# columns: 1
 0.49868218299668882
 0.27820441897540582
 0.12206098369143756
 0.024378758563391882
 0.0010087486780840876
 1.6901109582082014e-06
 4.444437461300518e-12


