# Created by Octave 5.1.0, Tue Apr 21 22:18:59 2020 GMT <unknown@Thomas-PC>
# name: equilibriumConvergence
# type: matrix
# rows: 5
# columns: 1
 2.471008088864981
 0.12234984259700153
 0.00081006573729168984
 4.6843780555869264e-08
 1.0772377366178437e-14


