# Created by Octave 5.1.0, Tue Apr 21 22:16:20 2020 GMT <unknown@Thomas-PC>
# name: equilibriumConvergence
# type: matrix
# rows: 5
# columns: 1
 6.0199381642645164
 0.37058059772562713
 0.0017973075625820759
 1.0837364143612172e-07
 3.0736305978213509e-15


