# Created by Octave 5.1.0, Tue Apr 21 22:16:55 2020 GMT <unknown@Thomas-PC>
# name: equilibriumConvergence
# type: matrix
# rows: 5
# columns: 1
 3.2907014341722323
 0.34568805073680769
 0.0086803876024373703
 2.0161322722011807e-06
 3.5639682080306274e-13


