# Created by Octave 5.1.0, Wed Feb 19 09:30:53 2020 GMT <unknown@Thomas-PC>
# name: equilibriumConvergence
# type: matrix
# rows: 5
# columns: 1
 0.86163734505207112
 0.071185800815858361
 0.0037758631208886181
 1.2209598832497852e-05
 1.2653806911029882e-10


