# Created by Octave 5.1.0, Tue Apr 21 22:16:09 2020 GMT <unknown@Thomas-PC>
# name: equilibriumConvergence
# type: matrix
# rows: 7
# columns: 1
 7.6376261582597467
 1.7320490519969862
 0.83154852282648695
 0.52341674652893155
 0.0029591216785760455
 4.213891943552735e-08
 4.1585936389296133e-15


