# Created by Octave 5.1.0, Tue Apr 21 23:27:53 2020 GMT <unknown@Thomas-PC>
# name: equilibriumConvergence
# type: matrix
# rows: 5
# columns: 1
 1.5028158374584797
 0.069431845412387061
 0.00068106328839211811
 1.7118601722149442e-07
 2.4665325118705018e-14


