# Created by Octave 5.1.0, Tue Apr 21 22:16:20 2020 GMT <unknown@Thomas-PC>
# name: lambda_sol
# type: matrix
# rows: 5
# columns: 1
 0
 -6.6503813933165432
 -15.006333703094361
 -6.6503813933165441
 0


