# Created by Octave 5.1.0, Tue Apr 21 22:16:55 2020 GMT <unknown@Thomas-PC>
# name: lambda_sol
# type: matrix
# rows: 9
# columns: 1
 0
 0
 -7.2868206956015973
 -13.148273977613906
 -14.924419559663642
 -13.148273977613899
 -7.2868206956016044
 0
 0


