# Created by Octave 5.1.0, Tue Apr 21 22:18:59 2020 GMT <unknown@Thomas-PC>
# name: lambda_sol
# type: matrix
# rows: 17
# columns: 1
 0
 0
 0
 -3.0015939366005808
 -6.9494183334085697
 -10.215580556822776
 -13.016965115699932
 -14.87551011294431
 -15.39088914520077
 -14.875510112944312
 -13.016965115699929
 -10.215580556822768
 -6.9494183334085839
 -3.0015939366005719
 0
 0
 0


