# Created by Octave 5.1.0, Tue Apr 21 23:27:53 2020 GMT <unknown@Thomas-PC>
# name: lambda_sol
# type: matrix
# rows: 33
# columns: 1
 0
 0
 0
 0
 0
 -1.0024996343346497
 -3.2938847707055459
 -5.0206234237221308
 -6.7113987586810078
 -8.3914059341771843
 -10.029467173280805
 -11.574494355053995
 -12.963931202660609
 -14.130182771372242
 -15.007472388057801
 -15.537027765768952
 -15.65671751855618
 -15.537027765768945
 -15.007472388057815
 -14.130182771372239
 -12.963931202660595
 -11.574494355054005
 -10.029467173280814
 -8.3914059341771559
 -6.7113987586810131
 -5.0206234237221521
 -3.2938847707055272
 -1.0024996343346573
 0
 0
 0
 0
 0


