# Created by Octave 5.1.0, Wed Feb 19 09:30:53 2020 GMT <unknown@Thomas-PC>
# name: lambda_sol
# type: matrix
# rows: 65
# columns: 1
 0
 0
 0
 0
 0
 0
 0
 0
 0
 0
 -1.3393204028442625
 -2.3531391947732962
 -3.2385162156503537
 -4.099472078050276
 -4.9531036735034712
 -5.8043291705728715
 -6.6541823623244101
 -7.5014226059924862
 -8.3430758073891305
 -9.1747321786038718
 -9.9907663783140208
 -10.784532856320533
 -11.548561814805904
 -12.274769345961214
 -12.954687356695018
 -13.579712643073629
 -14.141369297317231
 -14.631573872291007
 -15.04288654671436
 -15.368717168758367
 -15.603403880886983
 -15.741856493456485
 -15.759568197517067
 -15.741856493456487
 -15.603403880886974
 -15.368717168758383
 -15.042886546714342
 -14.631573872291014
 -14.141369297317205
 -13.579712643073686
 -12.954687356694947
 -12.274769345961266
 -11.548561814805851
 -10.784532856320578
 -9.9907663783139977
 -9.174732178603886
 -8.3430758073891234
 -7.5014226059925173
 -6.6541823623243905
 -5.8043291705728235
 -4.9531036735035361
 -4.0994720780502467
 -3.2385162156503879
 -2.3531391947732221
 -1.3393204028443084
 0
 0
 0
 0
 0
 0
 0
 0
 0
 0


