# Created by Octave 5.1.0, Wed Feb 19 13:55:27 2020 GMT <unknown@Thomas-PC>
# name: lambda_sol
# type: matrix
# rows: 129
# columns: 1
 0
 0
 0
 0
 0
 0
 0
 0
 0
 0
 0
 0
 0
 0
 0
 0
 0
 0
 0
 -0.73305520895778487
 -1.3478301781674151
 -1.8479589399173799
 -2.3170556937780167
 -2.7701768725925864
 -3.2132494195129468
 -3.6497375323551315
 -4.0819309724802881
 -4.5113804643373214
 -4.9391233640861438
 -5.3658236688020748
 -5.7918640834937394
 -6.2174080404634076
 -6.6424422570963433
 -7.0668065385022629
 -7.4902151619128636
 -7.9122726819515057
 -8.3324860410383295
 -8.7502742556745297
 -9.1649765502415015
 -9.5758595456589859
 -9.9821239312303121
 -10.382910923452876
 -10.77730872619111
 -11.164359140317718
 -11.543064420051358
 -11.912394432884694
 -12.271294147148023
 -12.618691443917406
 -12.953505226943351
 -13.274653784783242
 -13.581063342848765
 -13.871676729244324
 -14.145462066620304
 -14.401421392149908
 -14.638599097872095
 -14.856090071414577
 -15.053047396317899
 -15.228689426275171
 -15.38230593503069
 -15.513262730801575
 -15.621003168685002
 -15.705041773873401
 -15.764932896041939
 -15.80014855039464
 -15.797527341508141
 -15.800148550394626
 -15.764932896042014
 -15.705041773873287
 -15.621003168685073
 -15.513262730801557
 -15.382305935030708
 -15.228689426275155
 -15.053047396317901
 -14.856090071414542
 -14.638599097872143
 -14.401421392149899
 -14.145462066620254
 -13.871676729244372
 -13.581063342848742
 -13.274653784783254
 -12.953505226943333
 -12.618691443917433
 -12.271294147147948
 -11.912394432884776
 -11.543064420051358
 -11.164359140317702
 -10.777308726191141
 -10.382910923452837
 -9.9821239312302925
 -9.575859545658961
 -9.1649765502415192
 -8.7502742556746043
 -8.3324860410382549
 -7.9122726819515785
 -7.4902151619128388
 -7.0668065385022496
 -6.6424422570963406
 -6.2174080404634102
 -5.7918640834937465
 -5.3658236688020891
 -4.9391233640860488
 -4.5113804643373863
 -4.0819309724803441
 -3.6497375323550156
 -3.2132494195130663
 -2.7701768725925531
 -2.3170556937779456
 -1.8479589399174705
 -1.3478301781673874
 -0.73305520895778431
 0
 0
 0
 0
 0
 0
 0
 0
 0
 0
 0
 0
 0
 0
 0
 0
 0
 0
 0


