# Created by Octave 5.1.0, Tue Apr 21 22:16:09 2020 GMT <unknown@Thomas-PC>
# name: u_sol
# type: matrix
# rows: 18
# columns: 1
 0.027859073116673551
 -0.027859073116673364
 0
 0
 1.0511590851573856e-16
 -0.04370490582103425
 0
 0.043704905821034347
 4.606394524674569e-17
 -0.26648504773363102
 -0.26648504773363091
 0
 0
 -0.062976512186112249
 -0.20283259429498604
 0
 -0.20283259429498615
 -0.16484101280784305


