# Created by Octave 5.1.0, Tue Apr 21 22:16:20 2020 GMT <unknown@Thomas-PC>
# name: u_sol
# type: matrix
# rows: 50
# columns: 1
 -0.02720230374136013
 0.027202303741360158
 0
 0
 1.0332883133007762e-17
 -0.023279786281668824
 0
 0.023279786281668807
 8.95353944356061e-18
 -0.025994143234823158
 2.8032369234075313e-18
 -0.021655417972955733
 0.025994143234823183
 0.021655417972955737
 0.019578980217700246
 -0.0071150530841502819
 -0.055088547294298268
 -0.023766310938834679
 0
 -3.8942606358269591e-18
 0
 0.023766310938834675
 0.055088547294298282
 0.0071150530841502784
 -0.019578980217700236
 -0.23153182969940544
 -0.23153182969940539
 0
 0
 -0.087417154730431393
 -0.18938982351784872
 0
 -0.18938982351784875
 -0.19610095632320398
 -0.16394697562818827
 -0.16885599602124307
 -0.20482665702479674
 -0.16394697562818825
 -0.20482665702479672
 -0.22566100451341517
 -0.19743518435611762
 -0.13444705300829562
 -0.1275334481125639
 0
 -0.12071352990049915
 0
 -0.12753344811256395
 -0.13444705300829565
 -0.19743518435611765
 -0.2256610045134152


