# Created by Octave 5.1.0, Tue Apr 21 22:16:55 2020 GMT <unknown@Thomas-PC>
# name: u_sol
# type: matrix
# rows: 162
# columns: 1
 -0.0053512157753987915
 0.0053512157753988245
 0
 0
 1.0812201867766087e-17
 -0.019847823356222545
 0
 0.019847823356222535
 -2.9983057499496534e-18
 -0.013726573331912177
 8.2282569310633781e-18
 -0.024682242846432809
 0.013726573331912212
 0.024682242846432823
 0.021402856529863887
 -0.0024944285059109589
 -0.060811099805321622
 -0.02701101310124656
 0
 -5.5509269563703538e-18
 0
 0.027011013101246557
 0.060811099805321608
 0.0024944285059109472
 -0.021402856529863883
 -0.0061525992477523906
 -0.026756046494571258
 -0.026062750063094439
 1.3765841530157975e-17
 -0.017257277288514342
 -0.011545314139426961
 -0.0094332429953662041
 -0.015544084756313897
 -2.3282304020667375e-18
 0.011545314139427002
 0.017257277288514363
 0.026062750063094456
 0.026756046494571278
 0.0061525992477524218
 0.015544084756313907
 0.0094332429953662023
 0.023311003209460439
 0.025752868667596109
 -0.0093464572514634758
 0.011982266427632502
 0.0045535730694637386
 0.01364517783141672
 0.00026822940270835569
 -0.042415173010458246
 -0.029811013128994951
 -0.038700746388320266
 -0.044186289519429982
 -0.063364965855838715
 -0.018231236292761448
 -0.0088249863253740488
 0
 -0.023150237885866235
 2.5982888993917885e-18
 -0.010874300623720646
 0
 -0.012842265080380465
 -7.385189542947242e-18
 0
 0.010874300623720643
 0.038700746388320266
 0.023150237885866225
 0
 0.012842265080380453
 0.0088249863253740349
 0.063364965855838701
 0.044186289519429975
 0.0093464572514634619
 0.029811013128994941
 0.042415173010458239
 0.018231236292761438
 -0.00026822940270836777
 -0.0045535730694637429
 -0.011982266427632508
 -0.025752868667596102
 -0.023311003209460418
 -0.01364517783141672
 -0.26111969285630643
 -0.26111969285630637
 0
 0
 -0.096914778577523869
 -0.20049010616647139
 0
 -0.20049010616647142
 -0.20298741954029367
 -0.16687146822619933
 -0.17876544543367093
 -0.2131798951112695
 -0.1668714682261993
 -0.21317989511126947
 -0.24346794466628949
 -0.20818299858780973
 -0.13757457303265175
 -0.1366374528502256
 0
 -0.13128857585334813
 0
 -0.1366374528502256
 -0.13757457303265175
 -0.20818299858780973
 -0.24346794466628952
 -0.23183593139302613
 -0.19644673340155697
 -0.23863507931139485
 -0.14383950417668109
 -0.15890317995801201
 -0.11562119159044192
 -0.20399157193616663
 -0.18882322014591393
 -0.19917223311663088
 -0.11562119159044193
 -0.15890317995801201
 -0.23863507931139483
 -0.19644673340155691
 -0.23183593139302611
 -0.18882322014591391
 -0.20399157193616663
 -0.25677887511992797
 -0.23822451265721661
 -0.21246832799779747
 -0.23014771968506531
 -0.2246788426310545
 -0.21780167977552936
 -0.20151030356052207
 -0.17418140488584991
 -0.18405147235159997
 -0.073421457704066023
 -0.13975041326610735
 -0.08573913663116052
 -0.18244264421233999
 -0.17875087864409217
 0
 -0.072218056590620902
 -0.069012003034874578
 -0.071459280363352862
 0
 -0.13398563699937738
 -0.17711157861636501
 0
 -0.071459280363352862
 -0.073421457704066009
 -0.072218056590620902
 0
 -0.13398563699937738
 -0.17875087864409217
 -0.08573913663116052
 -0.13975041326610735
 -0.2124683279977975
 -0.18405147235159997
 -0.17418140488584991
 -0.18244264421233999
 -0.2015103035605221
 -0.22467884263105453
 -0.23014771968506534
 -0.23822451265721664
 -0.25677887511992797
 -0.21780167977552939


