# Created by Octave 5.1.0, Tue Apr 21 22:18:59 2020 GMT <unknown@Thomas-PC>
# name: u_sol
# type: matrix
# rows: 578
# columns: 1
 0.0019004242615121433
 -0.0019004242615121398
 0
 0
 8.2007841649153555e-18
 -0.017829792860909646
 0
 0.017829792860909664
 1.407813009958992e-17
 -0.014108117364731922
 1.3430031416651551e-17
 -0.02648723689694487
 0.014108117364731946
 0.026487236896944891
 0.024541622403543368
 -0.0012734999774191736
 -0.063649456209640715
 -0.028506142943020406
 0
 7.4680369051427297e-18
 0
 0.028506142943020417
 0.063649456209640728
 0.0012734999774191896
 -0.024541622403543351
 -0.0017876909205048037
 -0.028256944410459985
 -0.027782736996640498
 1.110723818014316e-17
 -0.018005630571839286
 -0.014002685286136666
 -0.0094887601925097258
 -0.015908464596755215
 1.3069682728249585e-17
 0.014002685286136676
 0.018005630571839307
 0.027782736996640519
 0.028256944410460002
 0.0017876909205048134
 0.01590846459675524
 0.0094887601925097518
 0.023134053704363541
 0.029063979095858124
 -0.0072075092449913917
 0.014821001075340604
 0.0077294588528989891
 0.01509044689813787
 0.00062017893176601264
 -0.0433982885550614
 -0.029728500775328209
 -0.04365337222481655
 -0.046111466066499913
 -0.067294599038488404
 -0.017823010463802996
 -0.0082668340289444274
 0
 -0.025528291016100848
 2.1611011435377633e-18
 -0.011740615034720729
 0
 -0.013388116366168226
 1.3269933478622842e-17
 0
 0.011740615034720736
 0.043653372224816564
 0.025528291016100862
 0
 0.013388116366168242
 0.0082668340289444465
 0.067294599038488431
 0.046111466066499927
 0.0072075092449914091
 0.029728500775328227
 0.043398288555061421
 0.01782301046380301
 -0.00062017893176598694
 -0.0077294588528989761
 -0.014821001075340585
 -0.029063979095858103
 -0.023134053704363527
 -0.015090446898137849
 0.00041056765425071987
 -0.018588687923783882
 -0.015613195193974238
 -0.023721758729177762
 -0.022175587012779469
 -0.0080377191941066375
 -0.03098372602065793
 -0.02915864986960336
 -0.028899595551101182
 7.0965670359039645e-18
 -0.0091342449328340371
 -0.0079222911381573672
 -0.0092672778243397327
 -0.0095612981122576487
 1.2037020504261872e-17
 -0.016331935861087499
 -0.01682777201590531
 -0.021892928204708662
 -0.0029963622973128608
 -0.0050833879229770142
 1.1747179340450089e-17
 -0.022110060181985289
 -0.01310950261267785
 -0.018160280000932907
 1.1107506823601591e-17
 -0.0069026809236613137
 -0.0083413251566430563
 -0.024440135567870461
 -0.01762738926053737
 -0.02435391692196541
 0.0079222911381573759
 0.009134244932834051
 0.021892928204708683
 0.016827772015905327
 0.016331935861087523
 0.0095612981122576712
 0.0092672778243397553
 0.015613195193974251
 0.0185886879237839
 -0.00041056765425071288
 0.028899595551101203
 0.029158649869603377
 0.030983726020657951
 0.0080377191941066496
 0.022175587012779489
 0.023721758729177787
 0.0050833879229770446
 0.0029963622973128881
 0.0083413251566430788
 0.0069026809236613432
 0.018160280000932935
 0.013109502612677876
 0.02211006018198531
 0.024440135567870478
 0.024353916921965434
 0.017627389260537391
 0.013216599843467524
 0.025666398083525218
 0.027635203200725249
 0.029413657649713945
 0.026720685507880981
 0.030899743392977741
 0.028782252160055383
 -0.011921745350658252
 0.00073688226383306511
 -0.0044864136320759774
 0.0065038959828795685
 0.0043646683614856378
 -0.0036758666475094292
 0.017786069633506998
 0.012169910952189569
 0.021491255618982585
 0.0052595400517231241
 0.0004944090742158866
 0.021686606607592192
 0.012917375490271004
 0.00010413613167907603
 0.006767540360568646
 0.007255214712902058
 0.023361907233346753
 0.0157714893181428
 0.023443848485285509
 -0.030738763421004241
 -0.024399221884484304
 -0.047064523357958216
 -0.036415306986635754
 -0.054740554044493822
 -0.018759951913795977
 -0.01392281025799353
 -0.037456473333659125
 -0.055544661829001245
 -0.055055500253496363
 -0.037068252402808241
 -0.048571293698777787
 -0.038457184069329992
 -0.068625973550203528
 -0.059012256918262299
 -0.055174696005860661
 -0.0041677935024797812
 -0.0021202854242518016
 -0.0099139090783181526
 -0.0066974282549171951
 -0.017612403310341126
 -0.012768068018878323
 -0.024312211705977183
 -0.039238766355032074
 -0.031567965010191518
 -0.023491880224809289
 0
 -0.028257488891132419
 -0.016089004745686978
 -0.021555617122555687
 0
 -0.03385269982424257
 -0.029310263985431882
 -2.5079026672842962e-18
 -0.0035215060645759676
 0
 -0.0067005047611255588
 -0.0057383188411120742
 5.3114961907365615e-18
 0
 -0.0072809489654344058
 -0.011412085747060688
 -0.0041093359037909869
 1.554872127912121e-17
 -0.020629779693219923
 -0.011448310740548716
 9.3639378713783586e-18
 -0.0056587868400933862
 -0.0065975592578572653
 -0.0182548286324643
 -0.013641789988001389
 -0.021099991532534956
 0
 0.0035215060645759706
 0.011412085747060697
 0.0072809489654344119
 0
 0.0057383188411120794
 0.0067005047611255683
 0.037456473333659132
 0.028257488891132415
 0
 0.029310263985431895
 0.033852699824242577
 0.038457184069329998
 0
 0.021555617122555701
 0.016089004745686988
 0.0041093359037910103
 0.0021202854242518281
 0.0065975592578572852
 0.0056587868400934061
 0.01761240331034114
 0.011448310740548735
 0.020629779693219941
 0.018254828632464311
 0.021099991532534969
 0.013641789988001403
 0.055055500253496377
 0.055544661829001259
 0.055174696005860675
 0.059012256918262312
 0.068625973550203542
 0.048571293698777801
 0.037068252402808255
 0.011921745350658267
 0.024399221884484321
 0.030738763421004258
 0.013922810257993544
 0.018759951913795998
 0.0036758666475094435
 0.054740554044493836
 0.036415306986635775
 0.047064523357958236
 0.0041677935024798029
 -0.00049440907421585906
 0.024312211705977201
 0.012768068018878342
 -0.00010413613167905393
 0.0066974282549172115
 0.0099139090783181665
 0.039238766355032088
 0.023491880224809306
 0.031567965010191532
 0.0044864136320759904
 -0.00073688226383304895
 -0.021491255618982567
 -0.012169910952189552
 -0.017786069633506981
 -0.0043646683614856205
 -0.006503895982879552
 -0.025666398083525201
 -0.013216599843467514
 -0.028782252160055363
 -0.03089974339297772
 -0.02672068550788096
 -0.029413657649713924
 -0.027635203200725229
 -0.0052595400517230946
 -0.0072552147129020372
 -0.0067675403605686208
 -0.012917375490270982
 -0.021686606607592172
 -0.023361907233346732
 -0.023443848485285489
 -0.015771489318142783
 -0.27077613095033315
 -0.27077613095033315
 0
 0
 -0.099183910601288394
 -0.20231993266914286
 0
 -0.20231993266914286
 -0.20447849654576628
 -0.16898941510598037
 -0.18297853400029837
 -0.21592247302744888
 -0.16898941510598037
 -0.21592247302744888
 -0.24694468229282479
 -0.21266713220726907
 -0.13734006378818314
 -0.14061961216527735
 0
 -0.13633957166856728
 0
 -0.14061961216527735
 -0.13734006378818314
 -0.21266713220726907
 -0.24694468229282479
 -0.23414068862731896
 -0.19844144434277441
 -0.24087800813787466
 -0.14779452677074933
 -0.16192247239742799
 -0.11838702918900364
 -0.20797618714355312
 -0.19244102079139036
 -0.20257627486651456
 -0.11838702918900366
 -0.16192247239742802
 -0.24087800813787466
 -0.19844144434277441
 -0.23414068862731896
 -0.19244102079139036
 -0.20797618714355312
 -0.26446071030652624
 -0.24037880038200751
 -0.21590975177544766
 -0.23272356308112405
 -0.22616620328091167
 -0.22145659877838325
 -0.20574151906301621
 -0.17464197642552054
 -0.18723360901425101
 -0.076688893098079317
 -0.14237604902210868
 -0.086601869705851361
 -0.18675938360034663
 -0.18298941442419947
 0
 -0.074730359363972071
 -0.07277199567246205
 -0.073956809407988211
 0
 -0.13806985334260097
 -0.18119461494428835
 0
 -0.073956809407988211
 -0.07668889309807933
 -0.074730359363972085
 0
 -0.138069853342601
 -0.1829894144241995
 -0.086601869705851375
 -0.14237604902210868
 -0.21590975177544766
 -0.18723360901425101
 -0.17464197642552057
 -0.18675938360034663
 -0.20574151906301621
 -0.22616620328091169
 -0.23272356308112405
 -0.24037880038200751
 -0.26446071030652624
 -0.22145659877838325
