# Created by Octave 5.1.0, Tue Apr 21 23:27:53 2020 GMT <unknown@Thomas-PC>
# name: u_sol
# type: matrix
# rows: 2178
# columns: 1
 0.0068749352107644853
 -0.0068749352107644757
 0
 0
 -2.3277915066845496e-18
 -0.017110853320621528
 0
 0.017110853320621528
 5.0813603125927412e-19
 -0.01438080369920383
 -1.0550979631141091e-18
 -0.027000038373534607
 0.014380803699203831
 0.027000038373534607
 0.025642687332237665
 -0.00091402829420812173
 -0.064659537215642326
 -0.02899231424721354
 0
 2.6426579016340736e-19
 0
 0.02899231424721354
 0.064659537215642326
 0.00091402829420812021
 -0.025642687332237672
 0.0019869410505137454
 -0.028505303665644671
 -0.028038255356308453
 -2.8708660634092569e-18
 -0.018132641360325774
 -0.014953440799031669
 -0.0095061573186562449
 -0.015970265899775307
 -4.3507939905146647e-19
 0.01495344079903166
 0.018132641360325771
 0.028038255356308453
 0.028505303665644667
 -0.0019869410505137333
 0.015970265899775304
 0.0095061573186562415
 0.022208495272874315
 0.030198531558158371
 -0.0065337838486315492
 0.015783038949563895
 0.0087941621696313761
 0.01556713816583501
 0.00070543042623957245
 -0.043720593845105855
 -0.029680288162497653
 -0.045359033256395238
 -0.046793341785206902
 -0.068804280289871816
 -0.017676055352415784
 -0.0080649757844565382
 0
 -0.026419779178946428
 2.4840647835460207e-20
 -0.01208984084436565
 0
 -0.013589425340447393
 -7.2026838270333725e-19
 0
 0.012089840844365646
 0.045359033256395238
 0.026419779178946428
 0
 0.013589425340447391
 0.0080649757844565382
 0.068804280289871816
 0.046793341785206902
 0.0065337838486315466
 0.02968028816249765
 0.043720593845105848
 0.017676055352415784
 -0.0007054304262395718
 -0.0087941621696313779
 -0.015783038949563899
 -0.030198531558158374
 -0.022208495272874315
 -0.015567138165835015
 0.0047708279542140091
 -0.017554002643804936
 -0.013406217724191734
 -0.023813014180284021
 -0.022018223476208392
 -0.0066253997448813178
 -0.031696763451396999
 -0.029551664088955355
 -0.029315514924455562
 -3.5729165322766238e-18
 -0.0093740110140835848
 -0.0085870992196668602
 -0.009271969436390002
 -0.0096269822869152789
 -1.4182006228905141e-18
 -0.017209759982364323
 -0.017184035681443048
 -0.022203102668306631
 -0.0028631012985722015
 -0.0049995305244394297
 -1.924180433161733e-20
 -0.022350138864072971
 -0.013159167603533993
 -0.018408596384390474
 -4.6386936665431964e-19
 -0.0068621061189506581
 -0.0083242179687256172
 -0.024615123990742688
 -0.017695053885771861
 -0.024551862397302917
 0.0085870992196668532
 0.0093740110140835796
 0.022203102668306631
 0.017184035681443045
 0.017209759982364316
 0.0096269822869152772
 0.0092719694363900002
 0.013406217724191741
 0.017554002643804939
 -0.0047708279542139952
 0.029315514924455558
 0.029551664088955352
 0.031696763451396999
 0.0066253997448813187
 0.022018223476208392
 0.023813014180284017
 0.0049995305244394288
 0.0028631012985722011
 0.0083242179687256137
 0.0068621061189506572
 0.01840859638439047
 0.013159167603533986
 0.022350138864072971
 0.024615123990742685
 0.024551862397302913
 0.017695053885771861
 0.010085806014216608
 0.025376168998860384
 0.028865273310050472
 0.030225550988356911
 0.027227099448291308
 0.031800922242230911
 0.029631260356437098
 -0.011174314828357498
 0.0016175703308306097
 -0.0035780473202942586
 0.0071226136494280425
 0.0051535053972293242
 -0.0031465292503997789
 0.018973145383235367
 0.013244548218976637
 0.022731379654268649
 0.0052674229824956975
 0.00051444249038435014
 0.022211665622894203
 0.013140730428775439
 0.0003070036651900437
 0.0069640550638865656
 0.0076635123075083338
 0.024472697468710624
 0.016512693792947397
 0.024282651306590811
 -0.030644551736841222
 -0.02409744963191477
 -0.047501094929027599
 -0.036492854728044408
 -0.055419504998742354
 -0.018390941795480894
 -0.013562731018673906
 -0.040176542612600154
 -0.057127257778104477
 -0.056355322146607538
 -0.037657685346226419
 -0.049689637457603623
 -0.039487502096718675
 -0.069934679305410585
 -0.060209247574926121
 -0.055981193907070285
 -0.0039016165450613577
 -0.0018694122416159928
 -0.0095926798811563629
 -0.00641311996471991
 -0.017672246562081148
 -0.012591202066055773
 -0.024446158498027257
 -0.039536097834881039
 -0.03177452839176699
 -0.023380463109370329
 0
 -0.029700417012726417
 -0.016571200623369052
 -0.022373351595850941
 0
 -0.035145247431322503
 -0.030124656024453588
 -1.4307998484557322e-18
 -0.0036179815204464968
 0
 -0.0068566757392915078
 -0.0059032230384644417
 8.435933176034187e-19
 0
 -0.0074590105148016218
 -0.011703539285494287
 -0.0039424199525797338
 2.9304582277258116e-19
 -0.020976985155023831
 -0.011439408912182095
 -8.7488130441983895e-19
 -0.0056173595123728947
 -0.0066747801070776045
 -0.018836258033030268
 -0.013989130249989016
 -0.021670530735991404
 0
 0.003617981520446492
 0.011703539285494285
 0.00745901051480162
 0
 0.0059032230384644417
 0.0068566757392915087
 0.040176542612600161
 0.02970041701272642
 0
 0.030124656024453585
 0.035145247431322503
 0.039487502096718675
 0
 0.022373351595850941
 0.016571200623369055
 0.0039424199525797329
 0.0018694122416159937
 0.0066747801070776037
 0.005617359512372893
 0.017672246562081148
 0.011439408912182097
 0.020976985155023831
 0.018836258033030271
 0.021670530735991404
 0.013989130249989016
 0.056355322146607552
 0.057127257778104484
 0.055981193907070285
 0.060209247574926128
 0.069934679305410585
 0.049689637457603623
 0.037657685346226419
 0.011174314828357497
 0.024097449631914767
 0.030644551736841222
 0.013562731018673908
 0.018390941795480894
 0.0031465292503997759
 0.055419504998742354
 0.036492854728044408
 0.047501094929027599
 0.0039016165450613577
 -0.00051444249038434949
 0.024446158498027261
 0.012591202066055773
 -0.00030700366519004641
 0.00641311996471991
 0.0095926798811563629
 0.039536097834881032
 0.023380463109370329
 0.03177452839176699
 0.0035780473202942594
 -0.0016175703308306095
 -0.022731379654268656
 -0.013244548218976639
 -0.018973145383235374
 -0.0051535053972293259
 -0.0071226136494280442
 -0.025376168998860381
 -0.010085806014216601
 -0.029631260356437102
 -0.031800922242230918
 -0.027227099448291311
 -0.030225550988356911
 -0.028865273310050472
 -0.0052674229824956993
 -0.0076635123075083364
 -0.006964055063886569
 -0.013140730428775444
 -0.02221166562289421
 -0.024472697468710627
 -0.024282651306590818
 -0.016512693792947401
 0.0056600622691983524
 -0.0048933200332795645
 -0.0034028180662730926
 -0.0091793377130637184
 -0.0067253283300229387
 0.0037983810458534746
 -0.021974782738064823
 -0.015317433598385027
 -0.023735573650847216
 -0.01973500450340664
 -0.01809083888195813
 -0.011044226802753944
 -0.027015961686804764
 -0.023326157258073681
 -0.026698414206166241
 -0.0016622656037829759
 -0.015584821204386904
 -0.012338594484393575
 -0.030099330519477139
 -0.030809813646820852
 -0.028506387560548435
 -0.02904527433789237
 -0.031213244955959049
 -0.031196307187326498
 -0.029344738882627359
 -0.030609035917962213
 -0.029387627667622308
 -0.019948381840988141
 -0.026558036212407786
 -0.025376905898017287
 -3.4882671373685257e-18
 -0.004637243303107782
 -0.0044201581141859736
 -0.0048731559114754399
 -0.004788445431823979
 -2.8694604282641502e-18
 -0.012185936447147046
 -0.0090390336220654167
 -0.012967171613517214
 -0.0044834544568575167
 -0.0046914043214332591
 -1.1079217913512014e-18
 -0.014083348279201095
 -0.0095263780998153628
 -0.013981563950377125
 -1.3633546268943439e-18
 -0.0048264888667033934
 -0.0048868720654177741
 -0.016452881586220526
 -0.020017723038832255
 -0.020397111353966428
 -0.01621095382930542
 -0.018600992395059461
 -0.016679117292297756
 -0.021124985379386677
 -0.020097179142455391
 -0.017831345285527656
 -0.0095741216771385723
 -0.013941491077938264
 -0.013563183143314129
 -0.00092098331301520946
 -0.0014780794236002696
 5.1130549963956157e-19
 -0.0073392173856991465
 -0.0039582668286349135
 -0.005780034626798344
 -6.2759947824196967e-19
 -0.0020174836421038853
