# Created by Octave 5.1.0, Thu Feb 27 15:33:30 2020 GMT <unknown@Thomas-PC>
# name: contactConvergence
# type: matrix
# rows: 101
# columns: 1
 1.2556564228070202
 0.0076128532434372159
 0.0066612465880075645
 0.0058285907645066158
 0.013011092323976741
 0.0055066135540675631
 0.013292822383110914
 0.013085122033374806
 0.0054348972730881868
 0.013015893049399858
 0.0055019628513139187
 0.012953019069813233
 0.0055628720190384635
 0.012895916725071474
 0.0056181899155070374
 0.012844056197132185
 0.0056684298019482274
 0.012796956303593572
 0.0057140578238137549
 0.012754180033094637
 0.0057554973358596049
 0.0055756380441139919
 0.0054885186996747135
 0.012708348647927734
 0.0056870866472985872
 0.0055093651895705082
 0.0054232813584834689
 0.01277256665566287
 0.0056228527124782008
 0.0054471385652132588
 0.012749082217788232
 0.0056463429748661994
 0.0054698947569016302
 0.012726681591594988
 0.0056687491567703032
 0.0054916007456212324
 0.0054057944839709009
 0.012789780297761177
 0.0056056348011234176
 0.0054304587135883117
 0.012765501446731537
 0.0056299196736934913
 0.0054539846838905703
 0.012742343069715251
 0.0056530837943548733
 0.0054764249257812838
 0.0053908557863159515
 0.01280448557826527
 0.0055909258734763434
 0.0054162094399302077
 0.012779528075488733
 0.0056158895661097214
 0.0054403930171687915
 0.012755722366644504
 0.0056397011791476156
 0.0054634605172992536
 0.0053780939467164522
 0.012817048014121023
 0.0055783603219370925
 0.0054040365618765619
 0.012791510752322792
 0.0056039039173816051
 0.0054287819199634298
 0.01276715204045603
 0.0056282686705955544
 0.005452385274639442
 0.012743917488196831
 0.0056515089853925171
 0.0054748993295990018
 0.0053893540275740193
 0.012805963872026859
 0.0055894472130744409
 0.0054147769876658636
 0.012780938145686448
 0.0056144791461922132
 0.0054390266728737077
 0.012757067361809975
 0.0056383558504019878
 0.005462157230076925
 0.0053768110233569748
 0.012818310891803008
 0.0055770971310413952
 0.0054028128456963531
 0.012792715347937684
 0.0056026990230078778
 0.0054276146785388803
 0.01276830104373332
 0.0056271193823472163
 0.0054512719016488673
 0.0053660957781856032
 0.012828858711268577
 0.0055665466955491785
 0.0053925921113132666
 0.012802776383346034
 0.0055926354923030467
 0.0054178656331685783
 0.012777897760269713
 0.0056175202856727892
 0.0054419727767455132
 0.0053569419521088671
 0.012837869508812865


