# Created by Octave 5.1.0, Sun Feb 16 13:38:07 2020 GMT <unknown@Thomas-PC>
# name: contactConvergence
# type: matrix
# rows: 11
# columns: 1
 2.6707671341912227
 0.00068823703667927959
 0.0016186664334781789
 0.0015937699526898186
 0.001604535041845418
 0.0016060104768246643
 0.0016063152098129997
 0.0016063670576398955
 0.0027667509790059242
 6.5172016213303502e-20
 1.6478529683415154e-19


