# Created by Octave 5.1.0, Fri Feb 14 13:15:26 2020 GMT <unknown@Thomas-PC>
# name: contactConvergence
# type: matrix
# rows: 9
# columns: 1
 1.1741383890738086
 1.1557924767445305
 3.6738889258263976
 2.2653188713941357
 1.6580353568633919
 0.031123083868892006
 0.027376613690938873
 3.9512066950310896e-19
 7.337818963245991e-19


