# Created by Octave 5.1.0, Sat Feb 15 19:07:34 2020 GMT <unknown@Thomas-PC>
# name: contactConvergence
# type: matrix
# rows: 13
# columns: 1
 9.4425624192866682
 9.2950193567010277
 9.0045500018041196
 0.14072818824670308
 0.13852931030534832
 0.0037949118672339832
 0.0031060479628696909
 0.0030575159634498509
 0.0031004810548426391
 0.0031025171637177268
 0.00086282077353323381
 7.032188132466453e-19
 3.9318800518329863e-19


