# Created by Octave 5.1.0, Thu Feb 27 15:33:30 2020 GMT <unknown@Thomas-PC>
# name: equilibriumConvergence
# type: matrix
# rows: 101
# columns: 1
 1.2451363836024893
 0.071399842351460574
 0.062542707039843964
 0.05810183453772217
 0.055263968514991831
 0.055112909447471985
 0.053520563555526271
 0.053181405515800348
 0.053523450018965163
 0.05166774714687436
 0.052176384410946866
 0.050534046884773094
 0.051182750624923459
 0.049722144988201655
 0.050486097665963271
 0.049178066140033366
 0.050034752330376207
 0.048853000604524514
 0.049782562631150079
 0.048703862580169593
 0.049689224837225598
 0.04866378042183056
 0.048027429394868905
 0.047397144552141807
 0.047915624237741622
 0.046936155446778295
 0.046324499712347984
 0.045718557438043247
 0.046249070957825184
 0.045312762174092996
 0.044724305816331578
 0.045254679710044397
 0.044356370061123716
 0.043784485531897753
 0.044314739161624227
 0.043452518944294492
 0.042896335622294945
 0.042344932216677997
 0.042886873893939026
 0.042060051413697001
 0.0415233915637137
 0.042064793117985999
 0.041270557857248237
 0.040747855934624995
 0.041288734618084223
 0.040525419350300816
 0.040015927824705033
 0.039510425131108834
 0.040062619338252344
 0.039328071729978292
 0.038834982092898963
 0.039386226625776621
 0.038679645739340282
 0.038198294394235895
 0.038748608694793886
 0.038068537529309214
 0.037598283190212509
 0.03713134912112543
 0.037692593822590603
 0.037035644244975754
 0.036579148225827994
 0.037139038428864381
 0.036506122489479417
 0.036059485349041125
 0.036618046812345435
 0.036007890022197273
 0.035570562051169735
 0.036127819565446265
 0.03553920788336979
 0.035110667563921512
 0.03468470188919956
 0.035252652557069775
 0.03468076855416799
 0.034263088487184859
 0.034829310028774985
 0.03427705041884975
 0.03386718419214612
 0.034431712611473639
 0.033898013441803355
 0.033495514111231729
 0.033095145746322184
 0.033669969193958649
 0.033149203132948071
 0.032755796382253732
 0.033328524205537537
 0.03282473781269972
 0.032437887574923149
 0.03300856892024296
 0.032520827691405393
 0.032140150723141053
 0.031761232978066822
 0.032341844558277474
 0.031863846343685005
 0.031490779033282339
 0.032068968048214561
 0.031605726413437098
 0.031238161172445406
 0.031813990760846032
 0.031364682216199292
 0.031002289932272227
 0.030641345928036971


