# Created by Octave 5.1.0, Fri Feb 14 13:15:26 2020 GMT <unknown@Thomas-PC>
# name: equilibriumConvergence
# type: matrix
# rows: 9
# columns: 1
 0.70242439234328047
 0.69341365873550131
 0.38094206033765066
 0.20562148377431722
 0.05519578353784832
 0.026425493873362967
 0.0016576466554261717
 4.621476857478255e-07
 5.9302032931137306e-14


