# Created by Octave 5.1.0, Sat Feb 15 19:07:34 2020 GMT <unknown@Thomas-PC>
# name: equilibriumConvergence
# type: matrix
# rows: 13
# columns: 1
 1.6619974521713985
 1.6175606290087381
 1.5641071782666782
 0.62453866051407692
 0.61452259810760967
 0.10940963228075017
 0.066220259872784251
 0.064821772792966748
 0.021337759561637675
 0.0035346429894111738
 0.00031093962662533369
 1.2655446139341201e-08
 2.7321359757786547e-14


