# Created by Octave 5.1.0, Sun Feb 16 13:38:07 2020 GMT <unknown@Thomas-PC>
# name: equilibriumConvergence
# type: matrix
# rows: 11
# columns: 1
 0.34902306803055244
 0.057328626720158399
 0.055015447777339396
 0.057031049961151707
 0.0072032876139992517
 0.00952951672161809
 0.0099985522961984086
 0.010060767185560385
 1.3167396216165755e-05
 1.3739029604029845e-09
 5.503837976185234e-14


