# Created by Octave 5.1.0, Thu Feb 27 15:33:30 2020 GMT <unknown@Thomas-PC>
# name: lambda_sol
# type: matrix
# rows: 17
# columns: 1
 0
 0
 0
 0
 -6.0473546397180113
 -5.0592891398192155
 -3.8148033298457014
 -3.5487121458230684
 -3.4884250426098045
 -3.5487121458230684
 -3.8148033298456943
 -5.0592891398192084
 -6.0473546397180158
 0
 0
 0
 0


