# Created by Octave 5.1.0, Fri Feb 14 13:15:26 2020 GMT <unknown@Thomas-PC>
# name: lambda_sol
# type: matrix
# rows: 33
# columns: 1
 0
 0
 0
 0
 0
 0
 0
 0
 -36.541145251443488
 0
 0
 0
 -1.4022083657245237
 -2.4831612933556917
 -2.7413020753506863
 -2.8390859057745241
 -2.7471114953164544
 -2.8390859057745241
 -2.7413020753506872
 -2.4831612933556926
 -1.4022083657245266
 0
 0
 0
 -36.541145251443488
 0
 0
 0
 0
 0
 0
 0
 0


