# Created by Octave 5.1.0, Sat Feb 15 19:07:34 2020 GMT <unknown@Thomas-PC>
# name: lambda_sol
# type: matrix
# rows: 65
# columns: 1
 0
 0
 0
 0
 0
 0
 0
 0
 0
 0
 0
 0
 0
 0
 0
 0
 -14.079648583332498
 -7.2406985231513756
 -5.741608361167529
 -5.0417362901833211
 -4.6243357529621907
 -4.3446937731293076
 -4.1454469362982636
 -3.9982029988058208
 -3.886865785398522
 -3.8015264551902188
 -3.7357628859321252
 -3.6852805265703679
 -3.6471738139461709
 -3.6195234068576307
 -3.6012411334818868
 -3.5923338607958031
 -3.5714138686737567
 -3.5923338607958026
 -3.6012411334818859
 -3.6195234068576312
 -3.64717381394617
 -3.685280526570367
 -3.7357628859321244
 -3.8015264551902188
 -3.8868657853985225
 -3.9982029988058199
 -4.1454469362982671
 -4.3446937731293191
 -4.6243357529621676
 -5.0417362901833309
 -5.7416083611675379
 -7.2406985231513561
 -14.079648583332506
 0
 0
 0
 0
 0
 0
 0
 0
 0
 0
 0
 0
 0
 0
 0
 0


