# Created by Octave 5.1.0, Sun Feb 16 13:38:07 2020 GMT <unknown@Thomas-PC>
# name: lambda_sol
# type: matrix
# rows: 129
# columns: 1
 0
 0
 0
 0
 0
 0
 0
 0
 0
 0
 0
 0
 0
 0
 0
 0
 0
 0
 0
 0
 0
 0
 0
 0
 0
 0
 0
 0
 0
 0
 0
 -18.326214106474385
 -9.859305943763534
 -7.6868026219585381
 -6.6235647560051607
 -5.9627052346834359
 -5.5027976480042966
 -5.162090835199689
 -4.8993314196639837
 -4.6907756381819139
 -4.5215832126255284
 -4.3819410805413597
 -4.2650819773981565
 -4.1661809140954444
 -4.0817020262614205
 -4.008993705291898
 -3.946028100276509
 -3.8912281712786383
 -3.8433497209499259
 -3.8013990022635529
 -3.7645739647729628
 -3.732221584649011
 -3.7038063773731982
 -3.6788868437239204
 -3.6570976551844434
 -3.6381360782872636
 -3.6217516098797451
 -3.6077381397533128
 -3.5959282510948305
 -3.5861896212297051
 -3.5784241638494674
 -3.572572514179476
 -3.5686341071979704
 -3.5667539463409716
 -3.5550362315115098
 -3.5667539463409716
 -3.5686341071979708
 -3.572572514179476
 -3.5784241638494674
 -3.5861896212297051
 -3.5959282510948301
 -3.6077381397533128
 -3.6217516098797455
 -3.638136078287264
 -3.6570976551844439
 -3.6788868437239204
 -3.7038063773731986
 -3.7322215846490123
 -3.7645739647729628
 -3.8013990022635533
 -3.8433497209499263
 -3.8912281712786383
 -3.9460281002765099
 -4.0089937052918998
 -4.0817020262614214
 -4.1661809140954453
 -4.2650819773981583
 -4.3819410805413748
 -4.5215832126254902
 -4.6907756381819308
 -4.8993314196639899
 -5.1620908351996926
 -5.5027976480043002
 -5.9627052346834546
 -6.6235647560051207
 -7.6868026219585603
 -9.8593059437635535
 -18.326214106474374
 0
 0
 0
 0
 0
 0
 0
 0
 0
 0
 0
 0
 0
 0
 0
 0
 0
 0
 0
 0
 0
 0
 0
 0
 0
 0
 0
 0
 0
 0
 0


