# Created by Octave 5.1.0, Fri Feb 14 12:27:12 2020 GMT <unknown@Thomas-PC>
# name: u_sol
# type: matrix
# rows: 50
# columns: 1
 0.0072970321273235919
 -0.0072970321273236449
 0
 0
 -3.8190709912687648e-17
 -0.027235617469870972
 0
 0.027235617469870958
 -8.9053057828027622e-18
 0.0036878394748668091
 -1.2959037943810173e-17
 0.0010233664100625034
 -0.0036878394748668655
 -0.0010233664100625277
 -0.009582872383013601
 -0.012644413006024927
 -0.038672589727339411
 -0.015937606924954967
 0
 -4.1421683411786973e-18
 0
 0.015937606924954967
 0.03867258972733939
 0.01264441300602492
 0.0095828723830135767
 -0.18352284066176061
 -0.18352284066176067
 0
 0
 -0.099999999999999992
 -0.13311652901786963
 0
 -0.13311652901786963
 -0.12941635379024352
 -0.16571908247955494
 -0.13347961645460832
 -0.16287250603896844
 -0.16571908247955494
 -0.16287250603896847
 -0.16862581310290864
 -0.13616014480162222
 -0.086558760556643799
 -0.079086184628742701
 0
 -0.074051114042986477
 0
 -0.079086184628742701
 -0.086558760556643799
 -0.13616014480162222
 -0.16862581310290861


