# Created by Octave 5.1.0, Thu Feb 27 15:33:30 2020 GMT <unknown@Thomas-PC>
# name: u_sol
# type: matrix
# rows: 578
# columns: 1
 0.015209426579325055
 -0.015209426579325013
 0
 0
 1.3283145704403969e-17
 -0.018289999573801605
 0
 0.018289999573801632
 8.0549364948397158e-18
 0.012847539828565967
 1.0347919833947999e-17
 -0.003634104840717274
 -0.012847539828565936
 0.0036341048407172948
 -0.00084994859355350984
 -0.0066928169563515039
 -0.035849985656797506
 -0.015659168301478656
 0
 3.9539238378451936e-18
 0
 0.015659168301478666
 0.03584998565679752
 0.0066928169563515178
 0.00084994859355352805
 0.014995598093110504
 -0.0021126715397000269
 -0.00039892103408295353
 1.2547684840334822e-17
 0.0002365030513297418
 0.004929541402024634
 -0.00026275815953332544
 -0.0017880091188096181
 9.060405822462208e-18
 -0.0049295414020246123
 -0.00023650305132971836
 0.00039892103408297423
 0.0021126715397000537
 -0.014995598093110452
 0.0017880091188096448
 0.00026275815953334539
 -0.0025671270610485158
 0.002759689819185342
 -0.01182461725278704
 -0.0027623397199548617
 -0.0076406620470450669
 -0.00028325927524944304
 -0.0029406445488158847
 -0.028727328172554165
 -0.020635813386049473
 -0.020963542606383844
 -0.025656075219371754
 -0.033944589839716682
 -0.012847236254174483
 -0.0060960099822469213
 0
 -0.011929202150197339
 1.3343366820561599e-18
 -0.0054155211381218581
 0
 -0.0073070192287522763
 6.3109183899806236e-18
 0
 0.0054155211381218659
 0.020963542606383841
 0.011929202150197341
 0
 0.0073070192287522876
 0.0060960099822469343
 0.03394458983971671
 0.02565607521937175
 0.011824617252787058
 0.020635813386049476
 0.028727328172554151
 0.012847236254174492
 0.0029406445488158986
 0.0076406620470450947
 0.0027623397199548769
 -0.0027596898191853247
 0.0025671270610485367
 0.00028325927524946309
 0.014872225294937768
 0.0053883066458755412
 0.0066542278798469284
 0.0022919463806710598
 0.0037143511349808159
 0.014638323585821723
 -0.0037940936775822699
 -0.0016954304458091721
 -0.0037844135929418375
 1.3607645111375098e-17
 0.0014680227822063733
 0.0022168523808776437
 -0.00049489934624876114
 0.00034938252817893356
 1.1319312017266694e-17
 0.008804264147763665
 0.0027702553197713657
 0.0032273114321852963
 0.00050208890241810415
 -0.00019531541064511052
 8.4723657981172433e-18
 -0.0028475894092200439
 -0.0013402001966831831
 -0.0019055338433116961
 9.8240807327420404e-18
 -0.00067864664873593615
 -0.00082245916710036024
 -0.00079844895898435004
 -0.0013533857686400049
 -0.0026270675193775248
 -0.0022168523808776177
 -0.0014680227822063488
 -0.0032273114321852711
 -0.0027702553197713436
 -0.0088042641477636321
 -0.00034938252817890905
 0.0004948993462487851
 -0.0066542278798468885
 -0.0053883066458755204
 -0.014872225294937723
 0.0037844135929418574
 0.0016954304458091946
 0.0037940936775822886
 -0.01463832358582173
 -0.0037143511349807959
 -0.0022919463806710307
 0.00019531541064512906
 -0.00050208890241808593
 0.0008224591671003817
 0.00067864664873595513
 0.0019055338433117191
 0.0013402001966832031
 0.002847589409220066
 0.0007984489589843752
 0.0026270675193775456
 0.001353385768640027
 -0.0077533890838955843
 -0.0010175770408348515
 0.0012702456315891219
 0.0014979036223381134
 -0.00034783398259414199
 0.0028870680474356626
 0.0036089975439779986
 -0.014919447891020517
 -0.0096673895513452388
 -0.012747521065785309
 -0.0049618464017218509
 -0.0070701395929774324
 -0.0090719685598375181
 -0.003488501375750382
 -0.0049020486245540318
 -0.0010731316033024156
 -0.0012222698400085308
 -0.0014128564407040658
 0.0021531009507732542
 0.00014951831163862697
 -0.0046726340840544858
 -0.002130501492622788
 -0.003336738053177355
 0.00068131393595826425
 -0.001224238657353293
 0.0017723829738620902
 -0.023656892046521896
 -0.020020895340214812
 -0.028561737909735103
 -0.024724150384344973
 -0.03298344542371219
 -0.01645877000160284
 -0.013096777944403549
 -0.016995719432250145
 -0.027257993666293875
 -0.025782873986977917
 -0.02047375920355227
 -0.025073293526113719
 -0.019598978436911076
 -0.036565711461136768
 -0.030967286992597758
 -0.030930961427748229
 -0.004692986237307681
 -0.0023618844481995459
 -0.010008476246781441
 -0.0072173794646721023
 -0.010787348384517979
 -0.009338501024483482
 -0.014866132219121088
 -0.023900570646701185
 -0.019268565945309384
 -0.016634248332028718
 0
 -0.012519175616955376
 -0.0069330591587994355
 -0.0093952827620305025
 0
 -0.016000021325918379
 -0.014797935217106361
 7.3178570720958281e-19
 -0.0015005449545956956
 0
 -0.0033337142310697343
 -0.0026373916820322005
 2.8140698999417151e-18
 0
 -0.0031043386653222629
 -0.0048842958462200891
 -0.0030289492861803151
 7.447817706424211e-18
 -0.011290074642056131
 -0.0070168568834721471
 5.051401723971252e-18
 -0.0034643716385174051
 -0.0035914152764744828
 -0.0084636078165608499
 -0.0068109885572263341
 -0.010583332058185353
 0
 0.0015005449545956976
 0.0048842958462200917
 0.0031043386653222642
 0
 0.0026373916820322039
 0.0033337142310697404
 0.016995719432250145
 0.012519175616955388
 0
 0.014797935217106355
 0.016000021325918386
 0.019598978436911087
 0
 0.0093952827620305077
 0.0069330591587994355
 0.0030289492861803268
 0.0023618844481995594
 0.0035914152764744884
 0.0034643716385174164
 0.010787348384517977
 0.0070168568834721532
 0.011290074642056145
 0.0084636078165608569
 0.010583332058185365
 0.0068109885572263393
 0.025782873986977942
 0.027257993666293868
 0.030930961427748233
 0.030967286992597771
 0.036565711461136741
 0.025073293526113729
 0.020473759203552291
 0.014919447891020551
 0.02002089534021485
 0.023656892046521907
 0.013096777944403563
 0.016458770001602854
 0.0090719685598375337
 0.032983445423712211
 0.024724150384344987
 0.028561737909735149
 0.0046929862373076949
 0.0014128564407040823
 0.014866132219121083
 0.0093385010244834993
 0.0046726340840545066
 0.007217379464672118
 0.010008476246781455
 0.023900570646701192
 0.016634248332028728
 0.019268565945309395
 0.012747521065785326
 0.0096673895513452578
 0.0010731316033024373
 0.0049020486245540526
 0.0034885013757503993
 0.0070701395929774532
 0.0049618464017218648
 0.0010175770408348663
 0.0077533890838956069
 -0.0036089975439779639
 -0.0028870680474356401
 0.00034783398259416454
 -0.0014979036223381047
 -0.0012702456315891062
 0.0012222698400085491
 0.0033367380531773723
 0.0021305014926228062
 -0.00014951831163860681
 -0.0021531009507732321
 -0.00068131393595824213
 -0.0017723829738620599
 0.0012242386573533132
 -0.16203738693889844
 -0.16203738693889835
 0
 0
 -0.099999999999999992
 -0.11628557155170979
 0
 -0.11628557155170985
 -0.11638853293311018
 -0.10570306912447627
 -0.12080079257345304
 -0.13153504811733835
 -0.10570306912447633
 -0.13153504811733832
 -0.14607785468256645
 -0.11985673615032455
 -0.075462662485765164
 -0.073920340934643766
 0
 -0.071812992414893126
 0
 -0.073920340934643752
 -0.075462662485765136
 -0.11985673615032456
 -0.14607785468256645
 -0.14589953606807296
 -0.1250395783699316
 -0.14614858436542791
 -0.11234851835389949
 -0.11404366583083698
 -0.10000000000000001
 -0.12472016330078191
 -0.12340356419483339
 -0.12281990116361445
 -0.10000000000000001
 -0.11404366583083698
 -0.14614858436542796
 -0.12503957836993168
 -0.14589953606807285
 -0.1234035641948335
 -0.12472016330078189
 -0.15722229103883523
 -0.14260915425132628
 -0.12162535563521164
 -0.13476792095969672
 -0.1323356339076267
 -0.12978638767637851
 -0.11691559789773123
 -0.098109699359533203
 -0.1023675553841395
 -0.039944703399014063
 -0.075596661024916245
 -0.046603006207468912
 -0.10135868035447042
 -0.099423556032144603
 0
 -0.038680368198645773
 -0.037896372794786123
 -0.038282029377910927
 0
 -0.072559074686279423
 -0.098577834441201329
 0
 -0.038282029377910892
 -0.03994470339901407
 -0.038680368198645752
 0
 -0.072559074686279451
 -0.099423556032144561
 -0.04660300620746894
 -0.075596661024916328
 -0.12162535563521169
 -0.10236755538413943
 -0.098109699359533176
 -0.10135868035447046
