# Created by Octave 5.1.0, Fri Feb 14 13:15:26 2020 GMT <unknown@Thomas-PC>
# name: u_sol
# type: matrix
# rows: 2178
# columns: 1
 0.020895621658576339
 -0.020895621658576374
 0
 0
 -1.2648616111878337e-17
 -0.015019220297573717
 0
 0.015019220297573717
 -2.8834189098911147e-18
 0.0072880513601168689
 -7.2478015525172739e-18
 -0.0027231153438931409
 -0.0072880513601168966
 0.0027231153438931266
 0.0036789685832969532
 -0.0062277824057614915
 -0.032931407017594165
 -0.014668534056505108
 0
 2.0578197869736074e-18
 0
 0.014668534056505108
 0.032931407017594165
 0.0062277824057614881
 -0.0036789685832969666
 0.020850104347772465
 -0.0015690316718568573
 -0.0036643903908233719
 -8.7022011637982318e-18
 0.0020475240687638126
 -0.0056185291252007982
 0.00087301528196982606
 0.00061963574146546726
 -5.1580562105344342e-18
 0.0056185291252007748
 -0.0020475240687638295
 0.0036643903908233494
 0.0015690316718568376
 -0.020850104347772503
 -0.0006196357414654794
 -0.00087301528196983365
 -0.00016932149974428079
 0.0058522986706671326
 -0.0099627643914616433
 -0.00069183177258725379
 -0.0039191237577706926
 -0.00050823645639961202
 -0.0031518290084446422
 -0.025677087397373195
 -0.01868522934574746
 -0.019867884043534751
 -0.023762317352948353
 -0.031656434342932659
 -0.011893083020909303
 -0.0057468868479404458
 0
 -0.01130403890814213
 1.0680834869700471e-18
 -0.0051433952873428451
 0
 -0.0068974673916056307
 -2.0162357728479517e-19
 0
 0.0051433952873428494
 0.019867884043534748
 0.011304038908142133
 0
 0.0068974673916056325
 0.0057468868479404458
 0.031656434342932652
 0.023762317352948353
 0.0099627643914616364
 0.01868522934574746
 0.025677087397373191
 0.011893083020909301
 0.0031518290084446374
 0.0039191237577706891
 0.00069183177258724457
 -0.0058522986706671448
 0.00016932149974425783
 0.00050823645639960357
 0.020233106161852466
 0.0046897680596114126
 0.0072503451265380379
 0.00059223005048145573
 0.00092927145644042708
 0.019471239593098964
 -0.0057398093577206658
 -0.0045353634889030367
 -0.0027296683840164235
 -1.0375183023308807e-17
 -0.00060892117019602872
 -0.0020361286867390371
 0.00087654912837741429
 0.00071740362566790955
 -7.7511951922379918e-18
 -0.0093133235785091764
 6.1139267578259096e-05
 0.0035772163815387258
 0.0009746820094099401
 0.00055491055999512258
 -4.2126360279631619e-18
 -0.00045387038605040539
 0.00040972276255426176
 -0.00028198217918289569
 -5.3142501991963396e-18
 0.00041041622824604016
 0.00057595313781836602
 0.0025209410546457793
 0.0014303010909382571
 0.00051774018904902105
 0.0020361286867390149
 0.00060892117019600833
 -0.0035772163815387444
 -6.113926757827937e-05
 0.0093133235785091573
 -0.00071740362566792711
 -0.00087654912837743012
 -0.0072503451265380674
 -0.0046897680596114421
 -0.020233106161852501
 0.002729668384016407
 0.0045353634889030168
 0.0057398093577206476
 -0.019471239593099002
 -0.00092927145644045104
 -0.00059223005048147839
 -0.00055491055999513114
 -0.00097468200940994672
 -0.00057595313781838087
 -0.00041041622824605062
 0.0002819821791828868
 -0.00040972276255427467
 0.00045387038605039471
 -0.0025209410546457966
 -0.00051774018904903699
 -0.0014303010909382725
 -0.0091254183067074821
 0.0018346033161018224
 0.0053613588091914102
 0.005646152980057207
 0.0038753153201563804
 0.0064542079492291493
 0.0049441793875741567
 -0.012335980546144786
 -0.0069884584634658806
 -0.0093265016995141767
 -0.0040073341568891514
 -0.0052124756538635937
 -0.0079478776808308473
 0.00068198607027154833
 -0.0018958814208001966
 0.002468842686500515
 -0.0018560843089297195
 -0.0015967481596823876
 0.0015710499788845116
 -0.00082215698335956185
 -0.0046716040130760032
 -0.0025724547131212856
 -0.003214336681211519
 0.0031876292271439824
 -0.0003133230059781429
 0.0027926328047124353
 -0.020563294038468238
 -0.017511870094149701
 -0.026054992637452586
 -0.02221319746341607
 -0.029965869772060047
 -0.014568194291379954
 -0.011809463347722891
 -0.016502721475838322
 -0.025609293297577895
 -0.024131470723235144
 -0.019069257228091274
 -0.023436971583930315
 -0.018420016671285615
 -0.033869364808013107
 -0.028801907186271299
 -0.028513212348046851
 -0.0045312993932843399
 -0.0022716095867181632
 -0.009245943080525584
 -0.0068388930878070225
 -0.010104561688522491
 -0.0087431950362001094
 -0.013832723156890592
 -0.021925491418627534
 -0.01779646664317526
 -0.015216547528776733
 0
 -0.011941766860931877
 -0.0065524056535819003
 -0.0088936954505630193
 0
 -0.015166017612987522
 -0.013958014595624469
 7.5541515771521178e-19
 -0.0014321362927520733
 0
 -0.0031621761224272966
 -0.0025101170144336787
 1.8391897141314385e-18
 0
 -0.0029469400089630737
 -0.0046205889724940117
 -0.0028536694412377521
 -1.1278611489253307e-18
 -0.010625228977110509
 -0.0066009781309795974
 1.8645724205997097e-18
 -0.0032607850164288765
 -0.0033930662755616305
 -0.0080259105088491666
 -0.0064540918142757132
 -0.010008668504254907
 0
 0.0014321362927520742
 0.0046205889724940143
 0.0029469400089630737
 0
 0.0025101170144336805
 0.0031621761224272997
 0.016502721475838318
 0.011941766860931877
 0
 0.013958014595624469
 0.015166017612987524
 0.018420016671285615
 0
 0.0088936954505630193
 0.006552405653581902
 0.0028536694412377521
 0.0022716095867181593
 0.0033930662755616327
 0.0032607850164288782
 0.010104561688522491
 0.0066009781309796
 0.010625228977110509
 0.0080259105088491666
 0.010008668504254907
 0.0064540918142757158
 0.024131470723235144
 0.025609293297577895
 0.028513212348046848
 0.028801907186271299
 0.033869364808013107
 0.023436971583930315
 0.019069257228091274
 0.012335980546144784
 0.017511870094149697
 0.020563294038468238
 0.011809463347722886
 0.014568194291379951
 0.0079478776808308439
 0.029965869772060047
 0.022213197463416066
 0.026054992637452583
 0.0045312993932843382
 0.0015967481596823835
 0.013832723156890591
 0.0087431950362001094
 0.004671604013075998
 0.0068388930878070207
 0.0092459430805255805
 0.021925491418627534
 0.015216547528776731
 0.01779646664317526
 0.0093265016995141749
 0.0069884584634658745
 -0.0024688426865005263
 0.001895881420800188
 -0.0006819860702715595
 0.0052124756538635868
 0.0040073341568891436
 -0.0018346033161018458
 0.0091254183067074526
 -0.0049441793875741706
 -0.0064542079492291658
 -0.0038753153201563986
 -0.0056461529800572252
 -0.0053613588091914249
 0.0018560843089297124
 0.003214336681211512
 0.0025724547131212791
 0.00082215698335955491
 -0.0015710499788845218
 -0.0031876292271439915
 -0.0027926328047124462
 0.00031332300597813092
 0.02036322776097698
 0.013556105550879743
 0.014193035348637804
 0.011798740705721882
 0.012836003821432716
 0.020481677490236452
 0.00091514481817626242
 0.0061321210910176916
 -0.00035827455640690851
 0.0026358361897435485
 0.0043547405708449418
 0.015302971258714186
 -0.0025847267041712234
 -0.00040987565722007781
 -0.00061798372641121212
 0.020821728397741865
 0.0075770395819356219
 0.010135726070966439
 -0.0043802156842421402
 -0.0045001700887162231
 -0.0028771304578640191
 -0.004367479881049784
 -0.0054574961292469058
 -0.0058093638703854873
 -0.0022854331735370544
 -0.004289693334896023
 -0.0037035773805558724
 0.0028865359471131921
 -0.0026422685375098085
 -0.0016659305093408054
 -1.2643505595599616e-17
 -0.00074472867884946238
 -0.0009439174491538896
 3.1259301848593253e-05
 -0.00035653296965105211
 -9.165130001089426e-18
 -0.0034649747724549611
 -0.0015064384066256361
 -0.0022510349113351747
 0.00039238501801331532
 0.00044558855802159878
 -7.3082313414477589e-18
 0.0013089982851751196
 0.00090906919175493851
 0.0014225515045854767
 -7.9410680888392613e-18
 0.0004330132769536029
 0.00030445448175961208
 -0.0062402243098845242
 6.230518960913065e-05
 0.0043830760000416876
 -0.0026582415685163156
 -0.002106339171734761
 -0.0082201506855776301
 0.0027967075828695537
 0.0015458598164000345
 0.0015896323154404612
 0.00020710072562379165
 0.00068281836011150081
 -0.00057745356857140688
 0.00062353349157897274
 0.00048868729082510588
