# Created by Octave 5.1.0, Sat Feb 22 02:33:17 2020 GMT <unknown@Thomas-PC>
# name: contactConvergence
# type: scalar
3.3026545680969388


