# Created by Octave 5.1.0, Sat Feb 15 03:55:31 2020 GMT <unknown@Thomas-PC>
# name: contactConvergence
# type: matrix
# rows: 21
# columns: 1
 1.0937571846162741
 1.0599569189602418
 1.0433950921014881
 1.026757985064245
 1.0445500114979096
 1.7948585193289506
 1.7186227285082238
 1.2891724428832056
 1.1280258875228051
 1.0673154672417653
 0.015395244462385936
 0.12507690111175948
 0.10944228847278956
 0.095762002413690858
 0.071459227567555794
 0.035729613783777897
 0.25156163065191695
 0.23559302789876319
 0.23196851999328127
 0.20333014900830684
 0.190318166487211


