# Created by Octave 5.1.0, Sat Feb 15 03:26:57 2020 GMT <unknown@Thomas-PC>
# name: contactConvergence
# type: matrix
# rows: 23
# columns: 1
 1.1997016167037979
 1.3010426069826053e-18
 0.00022230115994867063
 0.00011115057997432917
 0.28606343662156647
 0.036353707289770068
 0.035785680613367406
 0.03168677965012251
 0.028530950798650655
 0.026111631452313214
 0.024262149496158628
 0.022836472540163865
 0.021710537163733744
 0.020395644977679272
 0.017846189355469361
 0.015615415686035691
 0.012698983059763658
 0.0095242372948227422
 0.0047621186474113711
 9.6973990361221606e-19
 4.3368086899420177e-19
 2.1684043449710089e-18
 1.788112030672749e-18


