# Created by Octave 5.1.0, Sat Feb 15 06:43:13 2020 GMT <unknown@Thomas-PC>
# name: contactConvergence
# type: matrix
# rows: 4
# columns: 1
 0.95539504386315244
 0.94042832720745873
 1.0454618741590505
 0.98005111247825327


