# Created by Octave 5.1.0, Sat Feb 15 03:16:49 2020 GMT <unknown@Thomas-PC>
# name: equilibriumConvergence
# type: matrix
# rows: 7
# columns: 1
 4.5324653773373997
 2.5826350936398996
 1.1544651133296233
 0.034495278465261556
 0.0051065874156125341
 2.4971725777531287e-06
 6.4450266424784915e-13


