# Created by Octave 5.1.0, Sat Feb 15 03:26:57 2020 GMT <unknown@Thomas-PC>
# name: equilibriumConvergence
# type: matrix
# rows: 23
# columns: 1
 2.5952231601356321
 1.3612914954522839
 1.0187690977296475
 0.66168219222502189
 0.35570298694653529
 0.12867491390759644
 0.12803030201802673
 0.19798754911870944
 0.24560514676467349
 0.27899431477259895
 0.30026021006094272
 0.31163708189814671
 0.3153367422822631
 0.31454793914742313
 0.31453597204617989
 0.30861944262194224
 0.31202339964763204
 0.2504793892296342
 0.21711704962267614
 0.098434599604879131
 0.001862020419224013
 9.753129498776414e-07
 2.995284361562259e-13


