# Created by Octave 5.1.0, Sat Feb 15 03:55:31 2020 GMT <unknown@Thomas-PC>
# name: equilibriumConvergence
# type: matrix
# rows: 21
# columns: 1
 2.4108405116961782
 2.4049766191620474
 2.3973926665816201
 2.4040137327702418
 2.3373277287863896
 1.7323917124364401
 1.5333739210113417
 1.3959849911818027
 1.3681555129151577
 1.3234759401955669
 0.94942302402088685
 0.94127620357660846
 0.90089293780742075
 0.87876773040633649
 0.79856515239291448
 0.58508646041952572
 0.47642700063772364
 0.47389393946943792
 0.49902752940665152
 0.51286743651883759
 0.51770052145180634


