# Created by Octave 5.1.0, Sat Feb 15 06:43:13 2020 GMT <unknown@Thomas-PC>
# name: equilibriumConvergence
# type: matrix
# rows: 4
# columns: 1
 1.5937794583687765
 1.5671285506436985
 1.4020148116421769
 1.3418184593968614


