# Created by Octave 5.1.0, Sat Feb 22 02:33:17 2020 GMT <unknown@Thomas-PC>
# name: equilibriumConvergence
# type: scalar
1.3554455873511451


