# Created by Octave 5.1.0, Sat Feb 15 03:16:49 2020 GMT <unknown@Thomas-PC>
# name: lambda_sol
# type: matrix
# rows: 5
# columns: 1
 0
 0
 -6.4643601714640724
 0
 0


