# Created by Octave 5.1.0, Sat Feb 15 03:26:57 2020 GMT <unknown@Thomas-PC>
# name: lambda_sol
# type: matrix
# rows: 9
# columns: 1
 0
 0
 -4.1770402146844825
 0
 0
 0
 -4.1770402146844692
 0
 0


