# Created by Octave 5.1.0, Sat Feb 15 03:55:31 2020 GMT <unknown@Thomas-PC>
# name: lambda_sol
# type: matrix
# rows: 17
# columns: 1
 0
 0
 0
 -2.9662013053894043
 -3.5183773437820482
 0.0095564686206332308
 0
 0
 0.18974642589837082
 0
 0
 0.0095564686206362492
 -3.51837734378205
 -2.9662013053894043
 0
 0
 0


