# Created by Octave 5.1.0, Sat Feb 15 06:43:13 2020 GMT <unknown@Thomas-PC>
# name: lambda_sol
# type: matrix
# rows: 33
# columns: 1
 0.0033396591141265485
 0.0066793182282530979
 0.023377613798885862
 0.08683113696729039
 0.32394693407027592
 -1.478664442567549
 -6.4400581911569361
 0.42584779353992197
 -5.0404007669894781
 -0.98868259461596608
 0.38523284056563661
 0.10439905360086844
 0.024629347085217024
 0.0018523614926199785
 -3.0491413949548587
 0.082829353858933114
 0.19497599673996813
 0.0828293538589331
 -3.0491413949641242
 0.0018523614926198996
 0.024629347085216739
 0.10439905360086982
 0.38523284056564
 -0.98868259461596608
 -5.0404007669912971
 0.42584779354086377
 -6.4400581911488644
 -1.4786644425699933
 0.32394693407027575
 0.086831136967290362
 0.023377613798885852
 0.0066793182282530953
 0.0033396591141265472


