# Created by Octave 5.1.0, Sat Feb 22 02:33:17 2020 GMT <unknown@Thomas-PC>
# name: lambda_sol
# type: matrix
# rows: 65
# columns: 1
 0.0020275351936237659
 0.0040550703872475335
 0.004173769012986721
 0.012640005664699368
 0.016329321618671771
 0.052677280809987764
 0.084171050855103013
 0.28400692261042471
 0.64107856854902967
 -0.40731370449066162
 -1.1156158447265625
 -4.2566030770540237
 -7.9920738708751742
 -3.0042762756347656
 1.9891791227245599
 -2.2228573549659814
 -6.2660555839538574
 -3.2425966547077678
 -0.67524814605712891
 -0.15883165597915649
 0.64337085974439967
 0.30710018129804995
 0.09539797128129554
 0.06675767707451212
 0.042604336330667528
 0.11139369500077839
 0.37648873509460934
 -1.6373602484623007
 -3.8786406954823169
 -1.5959552526473999
 0.46113178339635252
 0.25499955823023612
 0.28106109892569126
 0.25499955823052273
 0.46113178339749888
 -1.5959552526473999
 -3.8786406954932318
 -1.6373602484673031
 0.37648873509576153
 0.11139369500108692
 0.042604336330749795
 0.066757677074535046
 0.09539797128130395
 0.30710018129805816
 0.64337085974441943
 -0.15883165597915649
 -0.67524814605712891
 -3.2425966547086773
 -6.2660555839538574
 -2.2228573549668909
 1.9891791227249982
 -3.0042762756347656
 -7.9920738708647168
 -4.2566030770540237
 -1.1156158447265625
 -0.40731370449066162
 0.64107856854926115
 0.2840069226104866
 0.084171050855119667
 0.052677280809992191
 0.016329321618672954
 0.012640005664699673
 0.0041737690129867999
 0.0040550703872475535
 0.0020275351936237754


