# Created by Octave 5.1.0, Sat Feb 15 03:16:38 2020 GMT <unknown@Thomas-PC>
# name: u_sol
# type: matrix
# rows: 18
# columns: 1
 0.023837888099404014
 -0.023837888099403994
 0
 0
 7.9057022121178149e-18
 -0.039595806002951747
 0
 0.039595806002951754
 2.2537611463928059e-18
 -0.23271089933668196
 -0.23271089933668193
 0
 0
 0.0098076211353315922
 -0.15212939419909391
 0
 -0.15212939419909391
 -0.13718949823179491


