# Created by Octave 5.1.0, Sat Feb 15 03:26:57 2020 GMT <unknown@Thomas-PC>
# name: u_sol
# type: matrix
# rows: 162
# columns: 1
 0.1097009322607293
 -0.10970093226073166
 0
 0
 -1.4679648989313307e-15
 -0.051339354044202243
 0
 0.051339354044202166
 -5.2409297992203131e-17
 0.035438183859622906
 -1.2751732679954996e-17
 0.018768642408075371
 -0.035438183859624967
 -0.018768642408075575
 -0.038985655909804774
 -0.024844829249797334
 -0.053834734454314068
 -0.020165445345940534
 0
 -1.227785430777681e-17
 0
 0.020165445345940527
 0.053834734454314082
 0.024844829249797303
 0.03898565590980433
 0.10387620081822112
 0.0024236989500793843
 0.032805680961266341
 1.4583134082153947e-16
 0.0035857705479043207
 0.019864652934022141
 0.012250411994051413
 0.0093752457239394595
 -5.2625043877509581e-17
 -0.019864652934024243
 -0.0035857705479042097
 -0.032805680961267104
 -0.0024236989500796015
 -0.10387620081822305
 -0.0093752457239395549
 -0.012250411994051526
 -0.049883721055862085
 -0.027337964238454641
 -0.037169469437840018
 -0.031609598295979133
 -0.044128055274993826
 -0.022435719805213011
 -0.013155689513665548
 -0.055879892995675327
 -0.039645902426087058
 -0.019588065173982497
 -0.034564978496217473
 -0.039791335156677356
 -0.025044767915209817
 -0.012335820971415145
 0
 -0.011188946944025635
 -3.7390497972511765e-18
 -0.0052448573741400977
 0
 -0.0095747604898123312
 -2.9180514038929915e-17
 0
 0.0052448573741400925
 0.019588065173982507
 0.011188946944025639
 0
 0.0095747604898123104
 0.012335820971415098
 0.039791335156677363
 0.034564978496217494
 0.037169469437840004
 0.039645902426087072
 0.055879892995675327
 0.025044767915209803
 0.013155689513665473
 0.044128055274993659
 0.031609598295979029
 0.027337964238454339
 0.049883721055860933
 0.02243571980521291
 -0.26189641121773011
 -0.26189641121773044
 0
 0
 -0.094504757987281307
 -0.17539262172802167
 0
 -0.17539262172802147
 -0.1794287885065691
 -0.045096189432334205
 -0.23731782003092294
 -0.22258327295248684
 -0.045096189432334212
 -0.22258327295248662
 -0.23485478580375449
 -0.17532216955109825
 -0.10330421947269007
 -0.095769453608379601
 0
 -0.096220621203578313
 0
 -0.095769453608379615
 -0.10330421947269003
 -0.17532216955109831
 -0.23485478580375399
 -0.20156440388993652
 -0.23415863909418647
 -0.23034758512260742
 -0.25404138972739287
 -0.24836856340793598
 -0.0037106306457946889
 -0.20893468870142107
 -0.23353588271838138
 -0.21177798146279225
 -0.0037106306457948303
 -0.24836856340793584
 -0.23034758512260742
 -0.23415863909418619
 -0.20156440388993596
 -0.23353588271838122
 -0.20893468870142096
 -0.25877604527446624
 -0.22303700163535981
 -0.17571845327652483
 -0.20403001706528792
 -0.20679869152515767
 -0.20366927293628706
 -0.17746667832618246
 -0.14214640888921795
 -0.14016016394300443
 -0.049123255161371282
 -0.09759194275879271
 -0.057061826647415159
 -0.13870451020763794
 -0.1392586552696799
 0
 -0.048958406057231119
 -0.049386603988175092
 -0.049334518094865977
 0
 -0.096076402885562573
 -0.13984448156818838
 0
 -0.049334518094865977
 -0.049123255161371268
 -0.048958406057231126
 0
 -0.096076402885562573
 -0.13925865526967993
 -0.057061826647415145
 -0.097591942758792682
 -0.1757184532765248
 -0.1401601639430044
 -0.14214640888921784
 -0.13870451020763797
 -0.17746667832618254
 -0.20679869152515737
 -0.20403001706528789
 -0.22303700163535981
 -0.25877604527446563
 -0.2036692729362872


