# Created by Octave 5.1.0, Sat Feb 15 03:55:31 2020 GMT <unknown@Thomas-PC>
# name: u_sol
# type: matrix
# rows: 578
# columns: 1
 0.070569686591625214
 -0.070569686591625214
 0
 0
 -1.5502573183501234e-14
 -0.056086703669279814
 0
 0.056086703669279814
 -2.337967635517111e-16
 0.023988485336303711
 6.0689910670770619e-18
 0.025134195107966661
 -0.023988485336303711
 -0.025134195107966661
 -0.04224786814302206
 -0.027087635826319456
 -0.057284033391624689
 -0.020818701945245266
 0
 -5.5798083642140221e-17
 0
 0.020818701945245266
 0.057284033391624689
 0.027087635826319456
 0.04224786814302206
 0.072950124740600586
 0.028888240456581116
 0.035683929920196533
 2.265938494781447e-15
 0.013296069577336311
 -0.016091262921690941
 0.013790782075375319
 0.014170834678225219
 -2.6850351504898243e-16
 0.016091262921690941
 -0.013296069577336311
 -0.035683929920196533
 -0.028888240456581116
 -0.072950124740600586
 -0.014170834678225219
 -0.013790782075375319
 -0.04407941922545433
 -0.032841169275343418
 -0.041398761328309774
 -0.036832259269431233
 -0.049010559043381363
 -0.025826809927821159
 -0.013560385908931494
 -0.060198427177965641
 -0.042381269857287407
 -0.021152294706553221
 -0.036521211266517639
 -0.042730072513222694
 -0.026040880940854549
 -0.012389419600367546
 0
 -0.011414382373914123
 -1.4846475862118156e-17
 -0.0051534243393689394
 0
 -0.0095477590803056955
 -1.2821918887414609e-16
 0
 0.0051534243393689394
 0.021152294706553221
 0.011414382373914123
 0
 0.0095477590803056955
 0.012389419600367546
 0.042730072513222694
 0.036521211266517639
 0.041398761328309774
 0.042381269857287407
 0.060198427177965641
 0.026040880940854549
 0.013560385908931494
 0.049010559043381363
 0.036832259269431233
 0.032841169275343418
 0.04407941922545433
 0.025826809927821159
 0.069855421781539917
 0.043675534427165985
 0.049397822469472885
 -0.02044808492064476
 0.033637814223766327
 0.069770976901054382
 0.029599929228425026
 0.032129509374499321
 0.026044104248285294
 1.3616583175671965e-14
 -0.0046392083168029785
 -0.0021422598510980606
 0.0067614078288897872
 0.0056672822684049606
 6.5709809081025868e-16
 0.014614418148994446
 -0.015716824680566788
 -0.013724286109209061
 0.0068941423669457436
 0.0069843975361436605
 -2.621511914610488e-16
 0.020043537486344576
 0.013938502641394734
 0.01990556757664308
 -2.0843193842970745e-16
 0.0070614651776850224
 0.0070568153169006109
 0.018773864954710007
 0.01416753139346838
 0.02039060927927494
 0.0021422598510980606
 0.0046392083168029785
 0.013724286109209061
 0.015716824680566788
 -0.014614418148994446
 -0.0056672822684049606
 -0.0067614078288897872
 -0.049397822469472885
 -0.043675534427165985
 -0.069855421781539917
 -0.026044104248285294
 -0.032129509374499321
 -0.029599929228425026
 -0.069770976901054382
 -0.033637814223766327
 0.02044808492064476
 -0.0069843975361436605
 -0.0068941423669457436
 -0.0070568153169006109
 -0.0070614651776850224
 -0.01990556757664308
 -0.013938502641394734
 -0.020043537486344576
 -0.018773864954710007
 -0.02039060927927494
 -0.01416753139346838
 -0.053238492459058762
 -0.039809495210647583
 -0.037117445841431618
 -0.036633949726819992
 -0.041260866448283195
 -0.032812409102916718
 -0.029102620668709278
 -0.048850786406546831
 -0.045960649382323027
 -0.052857291419059038
 -0.032858213875442743
 -0.039286285638809204
 -0.034104816615581512
 -0.045219176448881626
 -0.042695610638475046
 -0.03950861282646656
 -0.013708324637264013
 -0.0067996459547430277
 -0.02521809667814523
 -0.020025194156914949
 -0.020272056572139263
 -0.020227461587637663
 -0.026568728964775801
 -0.034476165194064379
 -0.031312777195125818
 -0.029889020603150129
 -0.058843467850238085
 -0.050817519892007113
 -0.050184554420411587
 -0.051401562057435513
 -0.059832346625626087
 -0.042556179687380791
 -0.03455197811126709
 -0.01509867503773421
 -0.02990406658500433
 -0.027633332647383213
 -0.02791390148922801
 -0.030103213619440794
 -0.022447566967457533
 -0.051918103359639645
 -0.040179413743317127
 -0.046661064028739929
 -0.013155624736100435
 -0.0065714309457689524
 -0.027011167723685503
 -0.019924220629036427
 -0.017263934481889009
 -0.018953889608383179
 -0.02400299534201622
 -0.040497695561498404
 -0.031692821532487869
 -0.033836963586509228
 0
 -0.010627459152601659
 -0.0057601579464972019
 -0.0078359291655942798
 0
 -0.015562993939965963
 -0.016549349762499332
 -5.0766390298094457e-18
 -0.0012701621162705123
 0
 -0.0036695403978228569
 -0.0025146971456706524
 -3.154234228544767e-17
 0
 -0.0026049920124933124
 -0.0040697181830182672
 -0.0061395217198878527
 -1.7583726358641472e-16
 -0.014828254468739033
 -0.011188992764800787
 -8.7929960858876884e-17
 -0.005509926937520504
 -0.0046806700993329287
 -0.0080538312904536724
 -0.007507409667596221
 -0.01170967984944582
 0
 0.0012701621162705123
 0.0040697181830182672
 0.0026049920124933124
 0
 0.0025146971456706524
 0.0036695403978228569
 0.01509867503773421
 0.010627459152601659
 0
 0.016549349762499332
 0.015562993939965963
 0.022447566967457533
 0
 0.0078359291655942798
 0.0057601579464972019
 0.0061395217198878527
 0.0065714309457689524
 0.0046806700993329287
 0.005509926937520504
 0.017263934481889009
 0.011188992764800787
 0.014828254468739033
 0.0080538312904536724
 0.01170967984944582
 0.007507409667596221
 0.027633332647383213
 0.02990406658500433
 0.046661064028739929
 0.040179413743317127
 0.051918103359639645
 0.030103213619440794
 0.02791390148922801
 0.048850786406546831
 0.050817519892007113
 0.058843467850238085
 0.03455197811126709
 0.042556179687380791
 0.034104816615581512
 0.059832346625626087
 0.051401562057435513
 0.050184554420411587
 0.013155624736100435
 0.0067996459547430277
 0.02400299534201622
 0.018953889608383179
 0.020272056572139263
 0.019924220629036427
 0.027011167723685503
 0.040497695561498404
 0.033836963586509228
 0.031692821532487869
 0.052857291419059038
 0.045960649382323027
 0.03950861282646656
 0.042695610638475046
 0.045219176448881626
 0.039286285638809204
 0.032858213875442743
 0.039809495210647583
 0.053238492459058762
 0.029102620668709278
 0.032812409102916718
 0.041260866448283195
 0.036633949726819992
 0.037117445841431618
 0.013708324637264013
 0.026568728964775801
 0.020227461587637663
 0.020025194156914949
 0.02521809667814523
 0.034476165194064379
 0.029889020603150129
 0.031312777195125818
 -0.2723703927557608
 -0.2723703927557608
 0
 0
 -0.1095128022134304
 -0.17992828704882413
 0
 -0.17992828704882413
 -0.17784419097006321
 -0.10625734925270081
 -0.23542648553848267
 -0.231597650796175
 -0.10625734925270081
 -0.231597650796175
 -0.23717315588146448
 -0.17912997398525476
 -0.10646136221475899
 -0.097238864284008741
 0
 -0.096253917552530766
 0
 -0.097238864284008741
 -0.10646136221475899
 -0.17912997398525476
 -0.23717315588146448
 -0.23901622735164096
 -0.24475920386612415
 -0.24592695687897503
 -0.25257541984319687
 -0.2531084306538105
 -0.077098831534385681
 -0.2095588818192482
 -0.23429496586322784
 -0.20987798646092415
 -0.077098831534385681
 -0.2531084306538105
 -0.24592695687897503
 -0.24475920386612415
 -0.23901622735164452
 -0.23429496586322784
 -0.2095588818192482
 -0.26032451540231705
 -0.23393240291625261
 -0.18132316134870052
 -0.21172677539288998
 -0.21049900306388736
 -0.20971857011318207
 -0.17786570452153683
 -0.14592980081215501
 -0.14382731076329947
 -0.050468112924136221
 -0.099811167921870947
 -0.060045191086828709
 -0.14107299037277699
 -0.13971800450235605
 0
 -0.049611312337219715
 -0.049529855605214834
 -0.04956398974172771
 0
 -0.096484563313424587
 -0.13936374895274639
 0
 -0.04956398974172771
 -0.050468112924136221
 -0.049611312337219715
 0
 -0.096484563313424587
 -0.13971800450235605
 -0.060045191086828709
 -0.099811167921870947
 -0.18132316134870052
 -0.14382731076329947
 -0.14592980081215501
 -0.14107299037277699
 -0.17786570452153683
 -0.21049900306388736
 -0.21172677539288998
 -0.23393240291625261
 -0.26032451540231705
 -0.20971857011318207
 -0.25876647399566366
