# Created by Octave 5.1.0, Sat Feb 15 06:43:13 2020 GMT <unknown@Thomas-PC>
# name: u_sol
# type: matrix
# rows: 2178
# columns: 1
 0.066819048825891514
 -0.066819048825891514
 0
 0
 5.6750983902279607e-14
 -0.055433198927062222
 0
 0.055433198927062222
 -6.3552740419169285e-16
 0.025569732842086523
 -2.5852472213690323e-15
 0.02504312746668802
 -0.025569732842086523
 -0.02504312746668802
 -0.041929638759938825
 -0.026404483107739907
 -0.056760325532110301
 -0.020426739891632906
 0
 4.3963127544866323e-18
 0
 0.020426739891632906
 0.056760325532110301
 0.026404483107739907
 0.041929638759938825
 0.069447335967197432
 0.029979993537835981
 0.035413914608398045
 2.167739774831994e-15
 0.015624323082647606
 -0.023532711286861741
 0.013060116512804143
 0.01357382874527957
 -1.3854670194188743e-15
 0.023532711287771235
 -0.015624323082647606
 -0.035413914608398045
 -0.029979993537835981
 -0.069447335967197432
 -0.01357382874527957
 -0.013060116512804143
 -0.043317209674569312
 -0.03276849714529817
 -0.040760830491990419
 -0.036423843751890672
 -0.048508994580288345
 -0.025228083396427792
 -0.012989726231396048
 -0.059503834624081264
 -0.041741631844587346
 -0.020997774180038675
 -0.036077080047878241
 -0.042525607658859599
 -0.025453007781205628
 -0.011989474848331128
 0
 -0.011222846395909869
 7.8907000601086058e-17
 -0.0050273609167135191
 0
 -0.0092962819617099512
 -2.1974818941718404e-16
 0
 0.0050273609167135191
 0.020997774180038675
 0.011222846395909869
 0
 0.0092962819617099512
 0.011989474848331128
 0.042525607658859599
 0.036077080047878213
 0.040760830491990419
 0.041741631844587346
 0.059503834624081264
 0.025453007781205628
 0.012989726231396048
 0.048508994580288345
 0.036423843751890672
 0.03276849714529817
 0.043317209674569312
 0.025228083396427792
 0.066332232321656193
 0.043031250870626536
 0.048146720064323745
 -0.0198543717733628
 0.033898565458002849
 0.067450767983245896
 0.029869358263113099
 0.032479219442848262
 0.0264932762747776
 2.4761137848426647e-14
 -0.0067764309782205601
 -0.013000122459743579
 0.0066902492037570482
 0.0073322256876053871
 -1.9877475797200029e-15
 0.014034683168574702
 -0.016191119232644269
 -0.01567662334173292
 0.0064995552061546391
 0.0065170367031441856
 -9.4764913563116414e-16
 0.01976331559535538
 0.013182869479123838
 0.019287575414523417
 -1.9801775172302157e-15
 0.0065349021580800581
 0.0065657078820322567
 0.020991918194795289
 0.014297816190946833
 0.020942245176684082
 0.013000122459970953
 0.0067764309782205601
 0.01567662334173292
 0.016191119232644269
 -0.014034683168574702
 -0.0073322256876053871
 -0.0066902492037570482
 -0.048146720064323745
 -0.043031250870626536
 -0.066332232321656193
 -0.0264932762747776
 -0.032479219442848262
 -0.029869358263113099
 -0.067450767983245896
 -0.033898565458002849
 0.0198543717733628
 -0.0065170367031441856
 -0.0064995552061546391
 -0.0065657078820322567
 -0.0065349021580800581
 -0.019287575414523417
 -0.013182869479123838
 -0.01976331559535538
 -0.020991918194795289
 -0.020942245176684082
 -0.014297816190946833
 -0.051553875420722761
 -0.039298927689742413
 -0.036948055906577792
 -0.03643238970926177
 -0.040864573290491535
 -0.032793982325074467
 -0.02908406840515454
 -0.048204879663217071
 -0.045409762088866046
 -0.05224991601153306
 -0.032265863968177655
 -0.038742614731404501
 -0.033449185198321629
 -0.04483377008818934
 -0.04227392104030514
 -0.039232440578416572
 -0.013053895265784377
 -0.0064651444692351845
 -0.02479318416658316
 -0.019303702303091086
 -0.019599721430950012
 -0.019507092284868577
 -0.025897070009023082
 -0.03423843035147911
 -0.030839980451446536
 -0.029606705599235283
 -0.058139746494816791
 -0.050131297364373495
 -0.049590448074042115
 -0.05073402479752076
 -0.05919995407452916
 -0.04188756660545323
 -0.033887129984009334
 -0.015130767814931723
 -0.029759010201079406
 -0.027629669317065009
 -0.02749199755247389
 -0.02980081802484591
 -0.022148286711697551
 -0.051540929298710125
 -0.039862294422633227
 -0.046187747039894589
 -0.012672939323847388
 -0.0062985549650802497
 -0.026355612777905435
 -0.019317214133508287
 -0.016834158887661488
 -0.018432110954076819
 -0.023507242506866532
 -0.039936683887418667
 -0.031159283565083129
 -0.033217958614827126
 0
 -0.010559064576284527
 -0.0056614859484866997
 -0.0077409594766635337
 0
 -0.015374517414485922
 -0.016261081732181992
 5.8937860035707511e-17
 -0.0012354921008892461
 0
 -0.0035700137659091524
 -0.0024477231738408989
 6.040651052789898e-17
 0
 -0.0025394589799034861
 -0.0039818266267204194
 -0.0059195230825643819
 -3.9479742284943787e-16
 -0.014490097268449631
 -0.010866509819706494
 -8.8431580139531598e-17
 -0.0053355130640184711
 -0.0045459542009567144
 -0.0078845086972307854
 -0.0073206951049797908
 -0.011458402049271399
 0
 0.0012354921008892461
 0.0039818266267204194
 0.0025394589799034861
 0
 0.0024477231738408989
 0.0035700137659091524
 0.015130767814931723
 0.010559064576284527
 0
 0.016261081732181992
 0.015374517414485922
 0.022148286711697551
 0
 0.0077409594766635337
 0.0056614859484866997
 0.0059195230825643819
 0.0062985549650798056
 0.0045459542009567144
 0.0053355130640184711
 0.016834158887661488
 0.010866509819706494
 0.014490097268449631
 0.0078845086972307854
 0.011458402049271399
 0.0073206951049797908
 0.027629669317065009
 0.029759010201079406
 0.046187747039880378
 0.039862294422626121
 0.051540929298710125
 0.029800818024842357
 0.02749199755247389
 0.048204879663217071
 0.050131297364373495
 0.058139746494816791
 0.033887129984009334
 0.04188756660545323
 0.033449185198321629
 0.05919995407452916
 0.05073402479752076
 0.049590448074042115
 0.012672939323847388
 0.0064651444692351845
 0.023507242506866532
 0.018432110954076819
 0.019599721430950012
 0.019317214133508287
 0.026355612777905435
 0.039936683887418667
 0.033217958614827126
 0.031159283565082241
 0.05224991601153306
 0.045409762088752359
 0.039232440578416572
 0.042273921040077767
 0.04483377008818934
 0.038742614731404501
 0.032265863968177655
 0.039298927689742413
 0.051553875420722761
 0.02908406840515454
 0.032793982325074467
 0.040864573290491535
 0.03643238970926177
 0.036948055906577792
 0.013053895265755955
 0.025897070009023082
 0.019507092284868577
 0.019303702303091086
 0.02479318416658316
 0.034238430351251736
 0.029606705599235283
 0.030839980451446536
 0.066548944194437354
 0.057282769907942566
 0.057565636097024253
 0.056484611165615206
 0.055038214539308683
 0.067887275700741156
 0.041630050754974945
 0.045656667664843553
 0.038969824179730495
 0.0062844611329637701
 0.037804085119205411
 0.04364841481037729
 0.031795170218174462
 0.0052331142396724317
 0.0065083202025562059
 0.07156626297182811
 0.052569438342288777
 0.053130266004700388
 0.027546524749141099
 0.028248626327695092
 0.025713325537708442
 0.033828109930254868
 0.031181762588857964
 0.032628075397497014
 0.028170824602966604
 0.029700765245252114
 0.031276499889827392
 0.038550298291738727
 0.033299289286333078
 0.037222900215965637
 3.3937530821434961e-14
 -0.008635879268467761
 -0.0081629684948438808
 -0.0026274920678588387
 -0.007372281366997413
 3.9754964335463034e-14
 -0.018424725844852219
 -0.010386041204355934
 -0.017701768664664996
 0.0032247597033574493
 0.0034051015945806284
 -2.5492370913067285e-15
 0.012007664796783502
 0.0068020247545064194
 0.010703850060963305
 -3.2553118943679292e-16
 0.0032819947064695043
 0.0040610860719425546
 0.024809115002881299
 -0.0025510083123663208
 0.0088812800122468616
 -0.022833430537502863
 -0.0046991130560627425
 0.00047005420674395282
 -0.0012267490556041594
 -0.017032483063303516
 -0.0020024236032440967
 -0.00021913688078711857
 -0.005000322953947034
 -0.011364612556917564
 0.0032511860357828937
 0.0032398764251482248
 -7.7726897776038631e-16
 0.0097615896044942474
 0.0065063873143031969
 0.0097542942528434651
 -1.1453377283656492e-15
 0.003260435463616318
 0.0032457863436761158
 0.022441857358444395
 0.019469965953476276
 0.022156887482651655
