# Created by Octave 5.1.0, Thu Feb 20 08:11:41 2020 GMT <unknown@Thomas-PC>
# name: contactConvergence
# type: matrix
# rows: 3
# columns: 1
 0.24754455018529137
 0.90981369269541479
 2.6019928478840854e-18


