# Created by Octave 5.1.0, Wed Apr 22 11:05:07 2020 GMT <unknown@Thomas-PC>
# name: contactConvergence
# type: matrix
# rows: 2
# columns: 1
 3.2155529143305075
 3.5935801504703023e-18


