# Created by Octave 5.1.0, Wed Apr 22 11:04:42 2020 GMT <unknown@Thomas-PC>
# name: contactConvergence
# type: matrix
# rows: 3
# columns: 1
 3.7353324618984312
 3.7491629800562354
 8.6736173798840355e-19


