# Created by Octave 5.1.0, Wed Apr 22 11:04:33 2020 GMT <unknown@Thomas-PC>
# name: contactConvergence
# type: matrix
# rows: 3
# columns: 1
 0
 0.14661229743536602
 3.4694469519536142e-18


