# Created by Octave 5.1.0, Wed Apr 22 11:20:22 2020 GMT <unknown@Thomas-PC>
# name: contactConvergence
# type: matrix
# rows: 2
# columns: 1
 0.68933941881440641
 4.1552136311690384e-18


