# Created by Octave 5.1.0, Wed Apr 22 11:13:47 2020 GMT <unknown@Thomas-PC>
# name: contactConvergence
# type: matrix
# rows: 9
# columns: 1
 1.4250418987649351
 0.0016568549398473494
 0.0015533015061068916
 0.0015047608340410534
 0.0014812489460091626
 0.037962115909659942
 0.001048168344500746
 0.00059315806108833902
 7.9815168294867181e-18


