# Created by Octave 5.1.0, Thu Feb 20 08:57:56 2020 GMT <unknown@Thomas-PC>
# name: contactConvergence
# type: matrix
# rows: 2
# columns: 1
 0.36667355181954947
 2.2224699212646211e-18


