# Created by Octave 5.1.0, Thu Feb 20 08:57:56 2020 GMT <unknown@Thomas-PC>
# name: equilibriumConvergence
# type: matrix
# rows: 2
# columns: 1
 0.9518182417699691
 2.2372311360575056e-11


