# Created by Octave 5.1.0, Wed Apr 22 11:05:07 2020 GMT <unknown@Thomas-PC>
# name: equilibriumConvergence
# type: matrix
# rows: 2
# columns: 1
 4.0993735560938021
 7.0667852086456709e-15


