# Created by Octave 5.1.0, Wed Apr 22 11:13:47 2020 GMT <unknown@Thomas-PC>
# name: equilibriumConvergence
# type: matrix
# rows: 9
# columns: 1
 3.2031121154182256
 1.3968082968309503e-14
 2.1133155626271549e-14
 2.3060419011655172e-14
 2.7583080802214132e-14
 3.0613886610283675e-14
 1.9297689284594001e-14
 2.2201904696689306e-14
 1.6075996936931329e-14


