# Created by Octave 5.1.0, Wed Apr 22 11:20:22 2020 GMT <unknown@Thomas-PC>
# name: equilibriumConvergence
# type: matrix
# rows: 2
# columns: 1
 2.2126920304142317
 3.1258234480293526e-14


