# Created by Octave 5.1.0, Wed Apr 22 11:04:42 2020 GMT <unknown@Thomas-PC>
# name: equilibriumConvergence
# type: matrix
# rows: 3
# columns: 1
 4.8666183351972183
 4.2207064933346308e-15
 2.7449855532025608e-15


