# Created by Octave 5.1.0, Wed Apr 22 11:04:33 2020 GMT <unknown@Thomas-PC>
# name: equilibriumConvergence
# type: matrix
# rows: 3
# columns: 1
 7.6376261582597467
 3.2825075498949638e-15
 2.3792478382561703e-15


