# Created by Octave 5.1.0, Thu Feb 20 08:11:41 2020 GMT <unknown@Thomas-PC>
# name: equilibriumConvergence
# type: matrix
# rows: 3
# columns: 1
 1.4616877609160026
 6.4605593718208876e-14
 1.0362554728719364e-13


