# Created by Octave 5.1.0, Wed Apr 22 11:13:47 2020 GMT <unknown@Thomas-PC>
# name: lambda_sol
# type: matrix
# rows: 17
# columns: 1
 0
 0
 0
 0
 0
 0
 -3.0010536950825704
 -8.1918473528015809
 -35.705276515619971
 -8.1918473528015685
 -3.0010536950825859
 0
 0
 0
 0
 0
 0


