# Created by Octave 5.1.0, Wed Apr 22 11:20:22 2020 GMT <unknown@Thomas-PC>
# name: lambda_sol
# type: matrix
# rows: 33
# columns: 1
 0
 0
 0
 0
 0
 0
 0
 0
 0
 0
 0
 -1.0339023107872236
 -4.0238056831493614
 -5.7895469369721528
 -8.1704350293372627
 -13.0318619554709
 -49.200313203706521
 -13.031861955470886
 -8.1704350293372823
 -5.789546936972128
 -4.0238056831493818
 -1.0339023107871996
 0
 0
 0
 0
 0
 0
 0
 0
 0
 0
 0


