# Created by Octave 5.1.0, Thu Feb 20 08:11:41 2020 GMT <unknown@Thomas-PC>
# name: lambda_sol
# type: matrix
# rows: 65
# columns: 1
 0
 0
 0
 0
 0
 0
 0
 0
 0
 0
 0
 0
 0
 0
 0
 0
 0
 0
 0
 0
 0
 0
 -1.7627534372971376
 -3.1111925594918759
 -3.9991376579786428
 -4.8992353972227898
 -5.8730058799014504
 -6.9872055947075964
 -8.3474698931786175
 -10.165468870098124
 -13.018490196244249
 -19.487823889742227
 -68.676754296154456
 -19.487823889742273
 -13.018490196244208
 -10.16546887009817
 -8.3474698931785376
 -6.9872055947076248
 -5.8730058799014158
 -4.8992353972227409
 -3.9991376579786384
 -3.1111925594918972
 -1.7627534372970697
 0
 0
 0
 0
 0
 0
 0
 0
 0
 0
 0
 0
 0
 0
 0
 0
 0
 0
 0
 0
 0
 0


