# Created by Octave 5.1.0, Thu Feb 20 08:57:56 2020 GMT <unknown@Thomas-PC>
# name: lambda_sol
# type: matrix
# rows: 129
# columns: 1
 0
 0
 0
 0
 0
 0
 0
 0
 0
 0
 0
 0
 0
 0
 0
 0
 0
 0
 0
 0
 0
 0
 0
 0
 0
 0
 0
 0
 0
 0
 0
 0
 0
 0
 0
 0
 0
 0
 0
 0
 0
 0
 0
 -0.96497773765772299
 -2.0364969266621968
 -2.5740556105164369
 -3.0631173728555927
 -3.5308895871105328
 -3.9902188587798171
 -4.4506622504626696
 -4.9205547217213539
 -5.407984848409372
 -5.9215587018164157
 -6.4711782280214116
 -7.0689995514834036
 -7.7307875154478909
 -8.4780308502716721
 -9.3415269832042735
 -10.367989005985759
 -11.633548011421722
 -13.275567711012283
 -15.584987932306328
 -19.373792720602353
 -28.298462487299908
 -96.443341530179055
 -28.298462487231216
 -19.373792720584294
 -15.584987932291721
 -13.275567710999967
 -11.633548011411396
 -10.367989005976764
 -9.3415269831964913
 -8.4780308502650232
 -7.730787515442322
 -7.0689995514786821
 -6.4711782280176964
 -5.9215587018135185
 -5.4079848484072697
 -4.9205547217201691
 -4.4506622504625231
 -3.9902188587805916
 -3.5308895871122576
 -3.0631173728587302
 -2.5740556105209444
 -2.0364969266691135
 -0.96497773768740647
 0
 0
 0
 0
 0
 0
 0
 0
 0
 0
 0
 0
 0
 0
 0
 0
 0
 0
 0
 0
 0
 0
 0
 0
 0
 0
 0
 0
 0
 0
 0
 0
 0
 0
 0
 0
 0
 0
 0
 0
 0
 0
 0


