# Created by Octave 5.1.0, Wed Apr 22 11:04:33 2020 GMT <unknown@Thomas-PC>
# name: u_sol
# type: matrix
# rows: 18
# columns: 1
 -0.011833240006462728
 0.011833240006462867
 0
 0
 7.7731848070170366e-17
 -0.03947228155996528
 0
 0.039472281559965336
 1.8631144716562475e-17
 -0.28285144520025951
 -0.28285144520025934
 0
 0
 -0.10000000000000003
 -0.19843196420439327
 0
 -0.19843196420439335
 -0.18462884173029409


