# Created by Octave 5.1.0, Wed Apr 22 11:04:42 2020 GMT <unknown@Thomas-PC>
# name: u_sol
# type: matrix
# rows: 50
# columns: 1
 0.0076992262084177795
 -0.0076992262084177934
 0
 0
 -6.1264680021665194e-18
 -0.041362735735355413
 0
 0.04136273573535542
 -2.0775268534476696e-18
 0.00053418270497120751
 -2.5035046851302508e-18
 -0.0033542671421313694
 -0.00053418270497122139
 0.0033542671421313624
 -0.011425038780236044
 -0.017295836397462266
 -0.055729754125309762
 -0.020630335515793755
 0
 2.1032851336015829e-18
 0
 0.020630335515793751
 0.055729754125309762
 0.017295836397462266
 0.011425038780236037
 -0.3066988948711592
 -0.30669889487115926
 0
 0
 -0.099999999999999992
 -0.21966490935083821
 0
 -0.21966490935083821
 -0.20368194707986612
 -0.2686211795734445
 -0.19572429037832675
 -0.26510288283469585
 -0.2686211795734445
 -0.26510288283469585
 -0.28015440942184144
 -0.22136777586508166
 -0.14031322449433029
 -0.12930214904707765
 0
 -0.12098679972388865
 0
 -0.12930214904707765
 -0.14031322449433029
 -0.22136777586508166
 -0.28015440942184144


