# Created by Octave 5.1.0, Wed Apr 22 11:05:07 2020 GMT <unknown@Thomas-PC>
# name: u_sol
# type: matrix
# rows: 162
# columns: 1
 0.013689256450408627
 -0.013689256450408666
 0
 0
 -8.8042858013346094e-18
 -0.042340920646917177
 0
 0.042340920646917142
 -1.9967328379269235e-17
 0.0085065701535998947
 -2.0681361565110041e-17
 -0.0040997208730273616
 -0.0085065701535999242
 0.0040997208730273217
 -0.011617003196004646
 -0.016010559561065941
 -0.063174286434299246
 -0.024874995913024861
 0
 -8.3330180251597563e-18
 0
 0.02487499591302484
 0.063174286434299218
 0.016010559561065906
 0.011617003196004609
 0.011967343321924171
 -0.0055688950508386396
 0.00038418781707344322
 -1.0752622851455666e-17
 -0.0094254129629754123
 -0.0019629473987021182
 -0.0010738945339447685
 -0.0069072268440627336
 -2.2541307201446772e-17
 0.0019629473987021
 0.0094254129629753845
 -0.00038418781707347423
 0.0055688950508386084
 -0.01196734332192421
 0.0069072268440626911
 0.0010738945339447224
 -0.005989973551741341
 -0.0028591053023096242
 -0.028959878172525801
 -0.01410266742032784
 -0.025669978861950042
 -0.004594035171135471
 -0.0058590427324839893
 -0.056475197520911735
 -0.039992587189904658
 -0.029861718858178902
 -0.042983486120150551
 -0.053471999702886693
 -0.023799462214779521
 -0.010852333568030519
 0
 -0.016653479232601034
 -4.1478729018314582e-18
 -0.0074391202519409876
 0
 -0.011293044781233719
 -1.0582935018220353e-17
 0
 0.0074391202519409763
 0.029861718858178878
 0.016653479232601021
 0
 0.011293044781233703
 0.010852333568030495
 0.053471999702886665
 0.042983486120150523
 0.028959878172525769
 0.03999258718990463
 0.056475197520911707
 0.023799462214779497
 0.005859042732483952
 0.025669978861950011
 0.014102667420327807
 0.0028591053023095869
 0.0059899735517413098
 0.004594035171135432
 -0.32434500662572591
 -0.32434500662572591
 0
 0
 -0.09999999999999995
 -0.23057919862637885
 0
 -0.23057919862637882
 -0.22172217277039238
 -0.28630240149411973
 -0.2238950794403689
 -0.27806764114908272
 -0.28630240149411973
 -0.27806764114908272
 -0.29367942985850409
 -0.23301842114297766
 -0.14561840183774646
 -0.13689308848519141
 0
 -0.13183154512803605
 0
 -0.13689308848519141
 -0.14561840183774644
 -0.23301842114297766
 -0.29367942985850409
 -0.31297145506179525
 -0.28509882139132103
 -0.30758767129153242
 -0.18339228359202486
 -0.24166053662269241
 -0.22696294739870213
 -0.24565575301996292
 -0.25053875246759616
 -0.23427335918982134
 -0.2269629473987021
 -0.24166053662269238
 -0.30758767129153242
 -0.28509882139132098
 -0.31297145506179525
 -0.25053875246759616
 -0.24565575301996292
 -0.31426508454256086
 -0.29359245857087046
 -0.23797442547625552
 -0.27058977927372491
 -0.26548661782931959
 -0.26159522091639575
 -0.22414443567657596
 -0.19275464833753564
 -0.19566402909577343
 -0.073318477393068571
 -0.14131184231781521
 -0.085831105956362147
 -0.19151732445613637
 -0.18628293517550057
 0
 -0.071480093359363339
 -0.069578146832404375
 -0.070569936463875424
 0
 -0.13383270506319145
 -0.1836615496167199
 0
 -0.070569936463875424
 -0.073318477393068557
 -0.071480093359363325
 0
 -0.13383270506319145
 -0.18628293517550054
 -0.085831105956362133
 -0.14131184231781518
 -0.2379744254762555
 -0.19566402909577341
 -0.19275464833753558
 -0.19151732445613634
 -0.22414443567657596
 -0.26548661782931954
 -0.27058977927372491
 -0.29359245857087046
 -0.31426508454256086
 -0.26159522091639575


