# Created by Octave 5.1.0, Wed Apr 22 11:13:47 2020 GMT <unknown@Thomas-PC>
# name: u_sol
# type: matrix
# rows: 578
# columns: 1
 0.011169430740418242
 -0.01116943074041824
 0
 0
 -1.5476624345795946e-17
 -0.042686783563223363
 0
 0.04268678356322337
 3.345228648916258e-18
 0.010416717382371951
 2.4630110065617195e-18
 -0.0061157245991309813
 -0.010416717382371944
 0.0061157245991309882
 -0.010140329335407781
 -0.015922650998863225
 -0.066732131058882496
 -0.02684281708351419
 0
 3.9867439276358299e-18
 0
 0.026842817083514197
 0.066732131058882496
 0.015922650998863228
 0.01014032933540779
 0.010980145060314422
 -0.008120875608062671
 -0.00089094294062401242
 2.3268414366333499e-18
 -0.013109953106296531
 -0.0047561635550964383
 -0.00091388394308566869
 -0.0082961439974949275
 1.6657581762756159e-18
 0.0047561635550964591
 0.013109953106296533
 0.00089094294062401925
 0.008120875608062678
 -0.010980145060314419
 0.0082961439974949328
 0.00091388394308567335
 -0.0049652264766884028
 -0.0012203826735987505
 -0.028768867198589787
 -0.013160041493477449
 -0.024612651839065289
 -0.0039206796172096964
 -0.0062489738038077874
 -0.058762362402335906
 -0.041585092909977237
 -0.033269778095348611
 -0.045856339957061419
 -0.057279594412414751
 -0.024931734520941228
 -0.01134037547475958
 0
 -0.018212967520051953
 3.5403661420179259e-18
 -0.0080690291399043469
 0
 -0.012149241066762321
 4.3361524268338445e-18
 0
 0.0080690291399043539
 0.033269778095348618
 0.018212967520051956
 0
 0.012149241066762328
 0.011340375474759587
 0.057279594412414751
 0.045856339957061419
 0.028768867198589794
 0.041585092909977237
 0.058762362402335913
 0.024931734520941235
 0.0062489738038077926
 0.024612651839065296
 0.013160041493477456
 0.0012203826735987596
 0.0049652264766884089
 0.0039206796172097033
 0.010771922788275358
 0.0033864666541080961
 0.0051963262769923668
 -0.0027337456895909162
 0.00086676659391706358
 0.011284019784890178
 -0.0051615541619253608
 -0.0043103698906594356
 -0.0086608442996918365
 -1.0559413887596389e-18
 -0.011755658713303868
 -0.015485500922493017
 -0.0077821781717550449
 -0.009935555284351423
 2.9760751697314577e-18
 0.0061893445772706569
 -0.011933751862925921
 -0.0074515134644775891
 0.00090606268877147487
 -0.0010684145128554831
 2.3589431541051923e-18
 -0.0082643162951444166
 -0.0046822431520806363
 -0.0040536674256479834
 1.7632802682323533e-18
 -0.0032125964682607447
 -0.0054798135157349531
 -0.011614894278125718
 -0.01136311916723529
 -0.011166389056491031
 0.015485500922492998
 0.011755658713303863
 0.0074515134644775952
 0.011933751862925923
 -0.0061893445772706447
 0.0099355552843514248
 0.0077821781717550484
 -0.0051963262769923625
 -0.0033864666541080909
 -0.010771922788275356
 0.0086608442996918434
 0.0043103698906594426
 0.0051615541619253686
 -0.011284019784890175
 -0.00086676659391705794
 0.0027337456895909227
 0.001068414512855487
 -0.00090606268877146999
 0.0054798135157349574
 0.0032125964682607486
 0.0040536674256479895
 0.0046822431520806415
 0.0082643162951444235
 0.011614894278125723
 0.011166389056491036
 0.011363119167235293
 -0.0068489701433710783
 -0.0020471425540814366
 -0.0054742496599333099
 -0.0022058225823976601
 -0.0061012804619901126
 0.0014555174867793921
 0.0027373822478309272
 -0.035748333043418852
 -0.027077854564815321
 -0.033607175146094292
 -0.0150580334086345
 -0.020847686794104009
 -0.02205993428584763
 -0.016544549221755477
 -0.018674723593826225
 -0.011219952888115755
 -0.0027896372329854167
 -0.0028039357163851366
 0.0016466982219814534
 -0.00078820230234230711
 -0.010606859734743925
 -0.0058015047017090249
 -0.009953440512301898
 -0.00636455137876201
 -0.0081601319638720318
 -0.0019865663935604207
 -0.051337283322643382
 -0.043706085853319261
 -0.054972313346891906
 -0.050369792767476801
 -0.064213731305145821
 -0.035835626227778583
 -0.0281598199135463
 -0.025758212771296023
 -0.044419916428236152
 -0.039993465365559346
 -0.035799193642590127
 -0.042293900905149541
 -0.032320118277478362
 -0.065042782629376017
 -0.053658266662376927
 -0.056517377059639752
 -0.0092809644681441806
 -0.0045678049573132165
 -0.02104137136854857
 -0.014723467231568661
 -0.019251205336530519
 -0.017721537082646278
 -0.027037148861867977
 -0.045236870079744661
 -0.03576086304771018
 -0.032963011479002567
 0
 -0.018563175182016459
 -0.0099582171863242478
 -0.013683084125124921
 0
 -0.024858794882759709
 -0.023944674409253686
 1.6413516390716618e-18
 -0.0021077334439568115
 0
 -0.0052045421547237888
 -0.0039037146301477443
 4.1564636960545587e-18
 0
 -0.0043764636672434104
 -0.0069372775346250885
 -0.0055613995192514898
 3.9884967033429832e-18
 -0.019026462898755026
 -0.012329389839416288
 4.19437643681353e-18
 -0.0060240971333896005
 -0.0059172043254362159
 -0.012742753894231112
 -0.010720397527282533
 -0.016858911311167995
 0
 0.0021077334439568141
 0.0069372775346250928
 0.0043764636672434156
 0
 0.0039037146301477517
 0.0052045421547237975
 0.025758212771296023
 0.018563175182016459
 0
 0.023944674409253693
 0.024858794882759713
 0.032320118277478369
 0
 0.013683084125124922
 0.0099582171863242495
 0.0055613995192514976
 0.0045678049573132243
 0.0059172043254362237
 0.0060240971333896083
 0.019251205336530526
 0.012329389839416295
 0.019026462898755033
 0.012742753894231117
 0.016858911311168002
 0.01072039752728254
 0.039993465365559346
 0.044419916428236152
 0.056517377059639752
 0.053658266662376934
 0.065042782629376017
 0.042293900905149541
 0.035799193642590134
 0.035748333043418859
 0.043706085853319268
 0.051337283322643389
 0.028159819913546304
 0.03583562622777859
 0.022059934285847637
 0.064213731305145835
 0.050369792767476801
 0.054972313346891906
 0.0092809644681441875
 0.0028039357163851422
 0.027037148861867984
 0.017721537082646285
 0.010606859734743932
 0.014723467231568666
 0.021041371368548573
 0.045236870079744668
 0.032963011479002567
 0.03576086304771018
 0.033607175146094299
 0.027077854564815328
 0.011219952888115763
 0.018674723593826232
 0.016544549221755484
 0.020847686794104016
 0.015058033408634508
 0.0020471425540814435
 0.0068489701433710835
 -0.0027373822478309186
 -0.0014555174867793841
 0.0061012804619901204
 0.0022058225823976684
 0.0054742496599333185
 0.0027896372329854228
 0.0099534405123019049
 0.005801504701709031
 0.00078820230234231297
 -0.0016466982219814461
 0.0063645513787620187
 0.0019865663935604294
 0.0081601319638720405
 -0.32921629952236481
 -0.32921629952236486
 0
 0
 -0.10000000000000001
 -0.23360930679973474
 0
 -0.23360930679973474
 -0.22805481663635993
 -0.29406218619257463
 -0.24045203948681004
 -0.28263111678769731
 -0.29406218619257463
 -0.28263111678769731
 -0.29758440652151702
 -0.23773437388322974
 -0.14701608196468613
 -0.13990855940925437
 0
 -0.13597359707083656
 0
 -0.13990855940925437
 -0.14701608196468613
 -0.23773437388322971
 -0.29758440652151702
 -0.31942640972549197
 -0.29051798852618987
 -0.31329021892574943
 -0.20347197328986269
 -0.24578394874637086
 -0.22975616355509648
 -0.25241367663971986
 -0.25691181066832458
 -0.24545785111604193
 -0.22975616355509645
 -0.24578394874637086
 -0.31329021892574943
 -0.29051798852618987
 -0.31942640972549197
 -0.25691181066832458
 -0.25241367663971986
 -0.31937228434028736
 -0.298172433427488
 -0.24204297222907281
 -0.27475197114398081
 -0.26856626536045308
 -0.26627397932626001
 -0.23019519386874668
 -0.19424908589897705
 -0.19894266246816056
 -0.075318533887139882
 -0.14378308258701
 -0.088667541615783871
 -0.19560364614879522
 -0.19110708532619794
 0
 -0.072989511767735896
 -0.071774206163224691
 -0.072250733041424792
 0
 -0.13724502170775829
 -0.18917662686408626
 0
 -0.072250733041424806
 -0.075318533887139882
 -0.072989511767735896
 0
 -0.13724502170775829
 -0.19110708532619794
 -0.088667541615783857
 -0.14378308258701
 -0.24204297222907278
 -0.19894266246816056
 -0.19424908589897705
 -0.19560364614879522
 -0.23019519386874668
 -0.26856626536045308
 -0.27475197114398076
 -0.298172433427488
