# Created by Octave 5.1.0, Wed Apr 22 11:20:22 2020 GMT <unknown@Thomas-PC>
# name: u_sol
# type: matrix
# rows: 2178
# columns: 1
 0.0079981516109704741
 -0.0079981516109704637
 0
 0
 -8.889169767816671e-18
 -0.043321506823147726
 0
 0.04332150682314774
 -1.374013855589266e-18
 0.010228597758932128
 6.9262923042271393e-18
 -0.0067252777541576599
 -0.010228597758932116
 0.0067252777541576703
 -0.0097128412847574327
 -0.016448648675359705
 -0.068488411746861572
 -0.027823619597930817
 0
 4.1286717664290928e-18
 0
 0.027823619597930824
 0.068488411746861599
 0.016448648675359709
 0.0097128412847574466
 0.0086515464215650411
 -0.0096629899172831699
 -0.0017391870531496567
 5.68693479219649e-18
 -0.014701597735344161
 -0.0065914476899302365
 -0.00041256388353830883
 -0.0083488265421958301
 1.0136535704061669e-18
 0.0065914476899302347
 0.014701597735344171
 0.0017391870531496686
 0.0096629899172831768
 -0.0086515464215650255
 0.0083488265421958405
 0.00041256388353831555
 -0.0041584002926098942
 -0.00074721752780899724
 -0.029245475013467158
 -0.013251832545659509
 -0.024622320283205028
 -0.0041530289778155651
 -0.0067779038616652652
 -0.060027526458416886
 -0.042607254572275176
 -0.034815483585574569
 -0.047288083663053232
 -0.059180902391525514
 -0.025723869625499978
 -0.011721456601534244
 0
 -0.01897857313405079
 3.1137671356660277e-18
 -0.0084005201293921184
 0
 -0.012609794029303114
 6.6538208054118528e-19
 0
 0.0084005201293921271
 0.034815483585574583
 0.018978573134050797
 0
 0.012609794029303121
 0.011721456601534246
 0.059180902391525535
 0.047288083663053246
 0.029245475013467168
 0.04260725457227519
 0.060027526458416899
 0.025723869625499985
 0.0067779038616652644
 0.024622320283205039
 0.013251832545659517
 0.00074721752780900885
 0.0041584002926099073
 0.004153028977815572
 0.0078805876591673922
 0.0022042303824848686
 0.003855503647586531
 -0.0040824512808452108
 -0.00023296826552789737
 0.0098499701653098626
 -0.0060761434420251552
 -0.0054198488601720626
 -0.0098086977370120104
 5.585978757952114e-19
 -0.013655339213770747
 -0.020119672162510559
 -0.0077910763458517284
 -0.010558067095283008
 6.6422362871129146e-18
 0.0068647524759487058
 -0.014495569470807011
 -0.0095505116767972791
 0.0013560855402527986
 -0.00064337451552524548
 -7.1739315217146591e-19
 -0.0087053783938946579
 -0.0043749602892357107
 -0.0039907022871398497
 4.4489353718118053e-18
 -0.0028406951839861079
 -0.0052208596339787146
 -0.013515236365014236
 -0.01202952336060535
 -0.012305479166186687
 0.020119672162510559
 0.01365533921377075
 0.0095505116767972843
 0.014495569470807022
 -0.0068647524759487093
 0.01055806709528302
 0.0077910763458517432
 -0.0038555036475865188
 -0.0022042303824848565
 -0.0078805876591673801
 0.009808697737012019
 0.0054198488601720721
 0.0060761434420251656
 -0.009849970165309847
 0.00023296826552790756
 0.0040824512808452177
 0.00064337451552524982
 -0.0013560855402527986
 0.0052208596339787267
 0.0028406951839861157
 0.0039907022871398601
 0.0043749602892357194
 0.0087053783938946666
 0.013515236365014243
 0.012305479166186696
 0.012029523360605362
 -0.0053469391935488109
 -0.0012926367714095176
 -0.0050581494887428696
 -0.0016413200887974136
 -0.0055280296228068012
 0.0021372372474853739
 0.0033116557309347113
 -0.036271300896535817
 -0.027400074422171621
 -0.033883250582206828
 -0.015438742794223118
 -0.021189679690226598
 -0.022544141102583379
 -0.016309518462235058
 -0.018736484975450076
 -0.011017990285497698
 -0.0033595921848108756
 -0.0031557777971670162
 0.0017741395511435179
 -0.0011680452270988527
 -0.011169532796619416
 -0.0063398219372292446
 -0.010406441941782802
 -0.0061643755255961245
 -0.0082970402402917521
 -0.001788149726736694
 -0.052304411310397488
 -0.044536813719821461
 -0.056352336527851966
 -0.051491482188419466
 -0.065743946098108436
 -0.036600848121558435
 -0.02888388783772413
 -0.027518266096529555
 -0.046261899242460963
 -0.041613510996601891
 -0.037022291142422427
 -0.043849330838121349
 -0.033592369157936841
 -0.066957622773104894
 -0.055441772915633056
 -0.05812417490511719
 -0.0096662284629118328
 -0.0046864586106402156
 -0.021713406654290737
 -0.01529433296203086
 -0.019929963988599707
 -0.01833461386216453
 -0.027940733783434982
 -0.046482501649136664
 -0.036851755309328708
 -0.033884226335735727
 0
 -0.019494906919069327
 -0.010360067216008406
 -0.014272402129515631
 0
 -0.02595584904249737
 -0.024904711428375453
 1.1751905151724589e-18
 -0.0022013962456641956
 0
 -0.0054136745504729982
 -0.0040684244966495602
 4.2024679359557196e-18
 0
 -0.0045557471101310794
 -0.0072133295138396489
 -0.005710063854935353
 -4.2295104324797642e-19
 -0.019745494041065154
 -0.012761233311875734
 2.8762377105691596e-18
 -0.0062188955258656786
 -0.0061360774110121802
 -0.013265739366115532
 -0.011151154443261983
 -0.017536770336008627
 0
 0.0022013962456642003
 0.0072133295138396549
 0.0045557471101310846
 0
 0.0040684244966495671
 0.0054136745504730069
 0.027518266096529558
 0.019494906919069334
 0
 0.02490471142837546
 0.02595584904249738
 0.033592369157936855
 0
 0.01427240212951564
 0.010360067216008413
 0.0057100638549353556
 0.0046864586106402147
 0.0061360774110121872
 0.0062188955258656847
 0.019929963988599714
 0.012761233311875741
 0.019745494041065161
 0.013265739366115539
 0.017536770336008638
 0.01115115444326199
 0.041613510996601898
 0.046261899242460977
 0.058124174905117211
 0.05544177291563307
 0.066957622773104908
 0.043849330838121363
 0.037022291142422434
 0.036271300896535831
 0.044536813719821475
 0.052304411310397501
 0.028883887837724141
 0.036600848121558442
 0.022544141102583386
 0.065743946098108463
 0.05149148218841948
 0.05635233652785198
 0.0096662284629118328
 0.0031557777971670136
 0.027940733783434989
 0.018334613862164537
 0.011169532796619419
 0.015294332962030862
 0.021713406654290741
 0.046482501649136677
 0.033884226335735741
 0.036851755309328722
 0.033883250582206842
 0.027400074422171631
 0.011017990285497709
 0.018736484975450083
 0.016309518462235068
 0.021189679690226604
 0.015438742794223127
 0.0012926367714095298
 0.0053469391935488221
 -0.0033116557309347001
 -0.0021372372474853614
 0.0055280296228068159
 0.0016413200887974277
 0.0050581494887428826
 0.0033595921848108782
 0.010406441941782809
 0.0063398219372292489
 0.0011680452270988607
 -0.0017741395511435079
 0.006164375525596134
 0.0017881497267367035
 0.0082970402402917608
 0.0078483450107769814
 0.0058500168701973148
 0.006165579198876627
 0.005266399116758985
 0.0055661833385922095
 0.0081626510416437405
 0.0011094410897341577
 0.0030908339943387072
 -0.00019004951911647059
 0.0017589491042738648
 0.0032844642352760785
 0.010259389560806385
 -0.0054723720612121877
 -0.0019455835106918181
 -0.0077354526705747211
 0.0092562405551880819
 0.0042586482523640874
 0.0048690098381275158
 -0.0069153258819576961
 -0.0080166806114029508
 -0.0085709175478074634
 -0.0034892121878682745
 -0.0062480837727227276
 -0.0042653415228900496
 -0.010252153144904566
 -0.008277853286244136
 -0.0075038783625850716
 0.0011228645465054632
 -0.0034511896826392371
 -0.0016963938963506298
 -3.1764632607193269e-18
 -0.012206438388368976
 -0.020554008322361775
 -0.0072396293519732023
 -0.0090091403267461966
 4.0281602065669776e-18
 -0.014347509177367549
 -0.015863071335830731
 -0.015051145396740899
 -0.0034635188899251775
 -0.0042123977002506514
 7.0470156258003732e-18
 -0.013413103732625406
 -0.0091501226943381166
 -0.012002531229981097
 6.6998032204423717e-18
 -0.0050460367876449192
 -0.0060164573713754185
 0.0093410683391499799
 -0.0037513754017864816
 -0.00052937112358119719
 -0.01199165363688233
 -0.0078185932162183457
 0.0015566071500972814
 -0.014310704127305498
 -0.012392308013303438
 -0.015158676813570405
 -0.012028100110128717
 -0.014520284643678298
 -0.015124743988803016
 0.0010778091151298639
 0.00062294099583727212
 -7.2976900959629866e-19
 -0.00067728837194014932
 0.00038261330218492342
 0.0008196852075464077
 -2.0832283821309263e-20
