# Created by Octave 5.1.0, Mon Feb 24 23:36:58 2020 GMT <unknown@Thomas-PC>
# name: equilibriumConvergence
# type: matrix
# rows: 5
# columns: 1
 2.9572833482445842
 0.1156994645103398
 0.0007743474323632048
 3.3504837715467335e-08
 2.9682348455176912e-15


