# Created by Octave 5.1.0, Mon Feb 24 23:38:04 2020 GMT <unknown@Thomas-PC>
# name: equilibriumConvergence
# type: matrix
# rows: 5
# columns: 1
 1.2329710554836979
 0.029451121539270268
 0.0001231033206621855
 3.5334610002767426e-09
 1.2290387989331311e-14


