# Created by Octave 5.1.0, Mon Feb 24 23:41:32 2020 GMT <unknown@Thomas-PC>
# name: equilibriumConvergence
# type: matrix
# rows: 5
# columns: 1
 0.77986209032041798
 0.017959555071551996
 8.7319730328577015e-05
 3.0543620468981112e-09
 2.4494448550064113e-14


