# Created by Octave 5.1.0, Mon Feb 24 23:37:13 2020 GMT <unknown@Thomas-PC>
# name: equilibriumConvergence
# type: matrix
# rows: 5
# columns: 1
 1.9319296482502748
 0.058317226913576409
 0.00024245613420114954
 7.0166600759536562e-09
 6.1742051625692733e-15


