# Created by Octave 5.1.0, Mon Feb 24 23:57:57 2020 GMT <unknown@Thomas-PC>
# name: equilibriumConvergence
# type: matrix
# rows: 5
# columns: 1
 0.50418115388647256
 0.012514717903879646
 7.5164157614304435e-05
 4.1470312129115539e-09
 5.1226928481609324e-14


