# Created by Octave 5.1.0, Tue Feb 25 02:01:53 2020 GMT <unknown@Thomas-PC>
# name: equilibriumConvergence
# type: matrix
# rows: 5
# columns: 1
 0.33786475351682466
 0.0089402051220729226
 6.4408293304231648e-05
 4.5136320479516941e-09
 1.02509607519924e-13


