# Created by Octave 5.1.0, Mon Feb 24 23:36:54 2020 GMT <unknown@Thomas-PC>
# name: equilibriumConvergence
# type: matrix
# rows: 6
# columns: 1
 5.7282196186947996
 5.2910962547533114
 0.60298190297205001
 0.010622357960813763
 3.2706831623915753e-06
 3.0163541568857153e-13


