# Created by Octave 5.1.0, Mon Feb 24 23:36:54 2020 GMT <unknown@Thomas-PC>
# name: u_sol
# type: matrix
# rows: 18
# columns: 1
 0.026064656611056027
 -0.026064656611056006
 0
 0
 8.4433121666165112e-18
 -0.038267050872758786
 0
 0.038267050872758793
 3.6646855966990524e-19
 -0.22778217339455908
 -0.22778217339455906
 0
 0
 -0.20648356318722622
 -0.14579963099040494
 0
 -0.14579963099040494
 -0.15101997292545655


