# Created by Octave 5.1.0, Mon Feb 24 23:36:58 2020 GMT <unknown@Thomas-PC>
# name: u_sol
# type: matrix
# rows: 50
# columns: 1
 0.022205481273899839
 -0.022205481273899874
 0
 0
 -1.8385417291824446e-17
 -0.042456957096511649
 0
 0.042456957096511636
 -5.0714107351455785e-18
 0.011944181589833293
 -1.1078344741658196e-17
 0.014532302912105817
 -0.011944181589833331
 -0.014532302912105841
 -0.030613343018608567
 -0.020683751836353726
 -0.043751030397420697
 -0.016289104030009431
 0
 -1.7939035513024569e-18
 0
 0.016289104030009428
 0.04375103039742069
 0.020683751836353712
 0.03061334301860854
 -0.22085276323608277
 -0.2208527632360828
 0
 0
 -0.21364352757013524
 -0.14788163259169973
 0
 -0.1478816325916997
 -0.15257514204817663
 -0.21877453355548754
 -0.19715989847693025
 -0.19864084020369713
 -0.21877453355548757
 -0.19864084020369713
 -0.1961923797271429
 -0.1511370920206333
 -0.086919654427675436
 -0.081104630442869405
 0
 -0.081064770901558461
 0
 -0.081104630442869391
 -0.086919654427675422
 -0.1511370920206333
 -0.19619237972714287


