# Created by Octave 5.1.0, Mon Feb 24 23:37:13 2020 GMT <unknown@Thomas-PC>
# name: u_sol
# type: matrix
# rows: 162
# columns: 1
 0.015544606702622485
 -0.015544606702622497
 0
 0
 -5.1806184905947868e-18
 -0.045549237291294314
 0
 0.045549237291294314
 -1.4155673255865887e-18
 0.0092375272162925712
 -3.4018383401719831e-18
 0.015558191862465357
 -0.0092375272162925834
 -0.015558191862465364
 -0.030503040861420288
 -0.022522341418060199
 -0.047365824535958653
 -0.017989048072466325
 0
 1.2352092649785651e-18
 0
 0.017989048072466329
 0.047365824535958653
 0.022522341418060199
 0.030503040861420284
 0.012847224909904011
 0.011719925544728919
 0.016824044569366196
 -3.9219492465422425e-18
 0.0059343399505316172
 0.0048271407111483058
 0.0096086281602166292
 0.0077542176312376402
 -2.7527361422132865e-18
 -0.004827140711148317
 -0.0059343399505316259
 -0.016824044569366203
 -0.011719925544728928
 -0.012847224909904023
 -0.0077542176312376454
 -0.0096086281602166326
 -0.021519671728460997
 -0.023049968298940786
 -0.034501165004479847
 -0.029447059838811192
 -0.039285175925542336
 -0.019537616901336371
 -0.010979026976732122
 -0.049796165966316329
 -0.035810437732302074
 -0.017588631105773807
 -0.030935551710588972
 -0.034870706115577493
 -0.022307165152273691
 -0.010706528109799458
 0
 -0.010007461786761259
 1.7030480745184845e-18
 -0.0046348015070843233
 0
 -0.0084236316012562765
 -4.7439955213361378e-19
 0
 0.0046348015070843259
 0.017588631105773807
 0.010007461786761261
 0
 0.0084236316012562765
 0.010706528109799459
 0.034870706115577493
 0.030935551710588972
 0.034501165004479847
 0.035810437732302074
 0.049796165966316329
 0.022307165152273691
 0.01097902697673212
 0.039285175925542329
 0.029447059838811188
 0.023049968298940779
 0.021519671728460987
 0.019537616901336367
 -0.21388979459235091
 -0.21388979459235094
 0
 0
 -0.21851157602244811
 -0.14890626452683198
 0
 -0.14890626452683198
 -0.15271975255125259
 -0.21948013807764574
 -0.20024950230845814
 -0.20008585806544898
 -0.21948013807764577
 -0.20008585806544898
 -0.19319324056705975
 -0.15232212987669788
 -0.08857596176887908
 -0.082071672879113877
 0
 -0.081714675117548971
 0
 -0.082071672879113877
 -0.08857596176887908
 -0.15232212987669788
 -0.19319324056705975
 -0.21726941061141608
 -0.21370021007061571
 -0.21170886097898273
 -0.2135311892416249
 -0.21413226871197702
 -0.22000991565886802
 -0.17941975528199147
 -0.20036660636466794
 -0.17966159155647421
 -0.22000991565886802
 -0.21413226871197705
 -0.21170886097898273
 -0.21370021007061571
 -0.21726941061141608
 -0.20036660636466794
 -0.17941975528199147
 -0.20706932267567099
 -0.19837781826458328
 -0.15218717751583746
 -0.1782433398823878
 -0.17358675781007035
 -0.17936205343626946
 -0.15202939035734489
 -0.12154751051724189
 -0.12068829010687723
 -0.041984018293589213
 -0.083735365927135555
 -0.049119653343283942
 -0.11950683657665133
 -0.1190269732040392
 0
 -0.04175053773047388
 -0.041838986408488564
 -0.041903241788760502
 0
 -0.081876237709069086
 -0.11897288659364626
 0
 -0.041903241788760502
 -0.041984018293589213
 -0.04175053773047388
 0
 -0.081876237709069072
 -0.1190269732040392
 -0.049119653343283942
 -0.083735365927135541
 -0.15218717751583746
 -0.12068829010687722
 -0.12154751051724189
 -0.11950683657665133
 -0.15202939035734489
 -0.17358675781007035
 -0.1782433398823878
 -0.19837781826458326
 -0.20706932267567099
 -0.17936205343626946


