# Created by Octave 5.1.0, Mon Feb 24 23:38:04 2020 GMT <unknown@Thomas-PC>
# name: u_sol
# type: matrix
# rows: 578
# columns: 1
 0.011333395284776041
 -0.011333395284776017
 0
 0
 1.4733643462923173e-17
 -0.047338324069839684
 0
 0.047338324069839698
 2.2460425327475474e-18
 0.0076140253981671156
 7.9571181864820937e-18
 0.016035084028269826
 -0.0076140253981670895
 -0.016035084028269808
 -0.03060051659179017
 -0.023305484755367367
 -0.049004310083782344
 -0.018780794813189325
 0
 -1.1089303569679654e-18
 0
 0.018780794813189325
 0.049004310083782344
 0.023305484755367374
 0.030600516591790184
 0.0098200997207723868
 0.011309446763521247
 0.016022835060496298
 1.0950002971189491e-17
 0.0058336289068192373
 0.0042431286697775638
 0.010150008740116196
 0.0080868038885103834
 4.8176965479696066e-18
 -0.0042431286697775352
 -0.0058336289068192148
 -0.016022835060496277
 -0.011309446763521226
 -0.0098200997207723625
 -0.0080868038885103678
 -0.010150008740116187
 -0.020200846666500523
 -0.023524354176507192
 -0.035729153432230799
 -0.030566870503072673
 -0.040212548422127771
 -0.020434034100093378
 -0.011376396724543807
 -0.051391024440081118
 -0.037031002212274108
 -0.018925493844961023
 -0.032223234762359845
 -0.036663031056844667
 -0.023071164417982168
 -0.010989245977917226
 0
 -0.010448281550430568
 -1.5885880442960203e-18
 -0.004776166105128694
 0
 -0.0086954706286367523
 6.7268511485946224e-19
 0
 0.0047761661051286914
 0.018925493844961023
 0.010448281550430568
 0
 0.0086954706286367506
 0.010989245977917228
 0.036663031056844667
 0.032223234762359852
 0.035729153432230806
 0.037031002212274115
 0.051391024440081125
 0.023071164417982171
 0.011376396724543813
 0.040212548422127778
 0.030566870503072684
 0.023524354176507205
 0.02020084666650054
 0.020434034100093389
 0.010629406811210948
 0.01265073218216577
 0.014012659248307449
 0.0092333881607990116
 0.01106481012549208
 0.0088492246852117113
 0.016766771078573509
 0.013772899439711701
 0.013634890615450073
 1.277464918124238e-17
 0.0024591384543981814
 0.002181220791435865
 0.0034713391844535292
 0.0029238492213154795
 9.2364152271780879e-18
 0.0060728130761682261
 0.0048827394743388899
 0.0071617680876535422
 0.0054041099814196702
 0.0050452237698644046
 3.3636609377162497e-18
 0.012100918941767153
 0.0091843930467746873
 0.013788466842989023
 6.2048308286419599e-18
 0.0045779634198407897
 0.004038974274041018
 0.0086491032573058103
 0.0069391961321804531
 0.010345092570542251
 -0.002181220791435835
 -0.0024591384543981563
 -0.007161768087653517
 -0.0048827394743388647
 -0.0060728130761681992
 -0.0029238492213154573
 -0.0034713391844535106
 -0.014012659248307427
 -0.012650732182165747
 -0.010629406811210924
 -0.013634890615450054
 -0.01377289943971168
 -0.016766771078573491
 -0.0088492246852116853
 -0.011064810125492056
 -0.0092333881607989891
 -0.005045223769864395
 -0.0054041099814196624
 -0.0040389742740410024
 -0.0045779634198407767
 -0.013788466842989009
 -0.0091843930467746752
 -0.012100918941767137
 -0.0086491032573057895
 -0.010345092570542233
 -0.0069391961321804349
 -0.015310428797056491
 -0.018103067754090787
 -0.027082596819646431
 -0.022559989464942427
 -0.025395351476935609
 -0.019726870850211704
 -0.019849193720922899
 -0.041762709466378972
 -0.038940385610080078
 -0.04423718328060277
 -0.027821129991688006
 -0.033456730465054846
 -0.029505737983225509
 -0.035601993555612318
 -0.03545578256806714
 -0.031444975575539671
 -0.01090837875895722
 -0.0056515755938355509
 -0.01835145729336355
 -0.015289132763935065
 -0.017250646763647411
 -0.016485044914544531
 -0.022135838563847324
 -0.027200200622414426
 -0.02554450654155906
 -0.02283294804502891
 -0.050081376942840164
 -0.043731949228318086
 -0.043451909329710228
 -0.044390047546275249
 -0.051145038870255941
 -0.036991943199781767
 -0.030212457375098686
 -0.013420523736718974
 -0.026275744441050256
 -0.02387083419829359
 -0.024950648461592347
 -0.026729549065898667
 -0.02020381985891162
 -0.044454365296929373
 -0.035048023401357702
 -0.040521679011346422
 -0.011417388882506752
 -0.0056907571575437214
 -0.023637053286012837
 -0.017373364370344705
 -0.015511689663899281
 -0.016815503067781533
 -0.021474019079850849
 -0.035549034525807592
 -0.028137164001845447
 -0.029830724787580309
 0
 -0.0095788015169444938
 -0.0053095566991902456
 -0.0071490217214339406
 0
 -0.014103929190707767
 -0.015041962798753064
 -9.8795438383878391e-19
 -0.0011897801977621407
 0
 -0.0033810300899089533
 -0.0023368514145771283
 -1.3617211147178783e-18
 0
 -0.0024334020158596837
 -0.0037812911540554459
 -0.005444799202191093
 1.5868966292562209e-18
 -0.013456622653280915
 -0.010075188886967804
 -2.7109723227014165e-19
 -0.0049665109642815682
 -0.004270590195304901
 -0.0074272139134373
 -0.0069009419579387906
 -0.010716381961153282
 0
 0.0011897801977621379
 0.0037812911540554446
 0.0024334020158596811
 0
 0.0023368514145771257
 0.0033810300899089502
 0.013420523736718976
 0.0095788015169444938
 0
 0.015041962798753066
 0.014103929190707767
 0.02020381985891162
 0
 0.0071490217214339414
 0.0053095566991902439
 0.0054447992021910948
 0.0056907571575437249
 0.0042705901953048984
 0.004966510964281569
 0.015511689663899281
 0.010075188886967804
 0.013456622653280915
 0.0074272139134372982
 0.010716381961153281
 0.006900941957938788
 0.02387083419829359
 0.026275744441050259
 0.040521679011346429
 0.035048023401357702
 0.04445436529692938
 0.02672954906589867
 0.024950648461592347
 0.041762709466378986
 0.043731949228318093
 0.050081376942840171
 0.03021245737509869
 0.036991943199781774
 0.029505737983225516
 0.051145038870255947
 0.044390047546275256
 0.043451909329710235
 0.011417388882506754
 0.0056515755938355561
 0.021474019079850852
 0.016815503067781533
 0.017250646763647414
 0.017373364370344709
 0.02363705328601284
 0.035549034525807599
 0.029830724787580313
 0.02813716400184545
 0.044237183280602776
 0.038940385610080092
 0.031444975575539685
 0.035455782568067154
 0.035601993555612332
 0.033456730465054853
 0.027821129991688016
 0.018103067754090808
 0.015310428797056514
 0.019849193720922913
 0.019726870850211721
 0.025395351476935626
 0.022559989464942445
 0.027082596819646448
 0.010908378758957227
 0.022135838563847335
 0.016485044914544538
 0.015289132763935074
 0.018351457293363564
 0.02720020062241444
 0.022832948045028924
 0.02554450654155907
 -0.2096457590902068
 -0.20964575909020677
 0
 0
 -0.22105163140212244
 -0.14943829844524334
 0
 -0.14943829844524337
 -0.15261540354059946
 -0.21988896152142334
 -0.20156483623546881
 -0.20081239674688503
 -0.21988896152142332
 -0.200812396746885
 -0.19152522158130383
 -0.15278078822757249
 -0.08945293586040251
 -0.082387813820470696
 0
 -0.081992761315991494
 0
 -0.082387813820470709
 -0.089452935860402524
 -0.15278078822757252
 -0.19152522158130383
 -0.21609254733867142
 -0.21442356779037181
 -0.21114769332634967
 -0.215535328128966
 -0.21551386306374282
 -0.22134572833638036
 -0.18015719634294614
 -0.20148793048990654
 -0.18022648508342734
 -0.22134572833638036
 -0.21551386306374282
 -0.21114769332634964
 -0.21442356779037178
 -0.21609254733867139
 -0.20148793048990651
 -0.18015719634294614
 -0.2041090258178565
 -0.19826026407067354
 -0.15266981376496302
 -0.17850249756146286
 -0.17311666059664071
 -0.17999430422434584
 -0.15243090588700992
 -0.12197331470899216
 -0.12111780888925759
 -0.042491005323860333
 -0.084104195745486054
 -0.050824403128560645
 -0.1198819090027741
 -0.11932601379328954
 0
 -0.041887963212451113
 -0.0420142085990938
 -0.041999600721990542
 0
 -0.082092128287532942
 -0.11918111560515152
 0
 -0.041999600721990542
 -0.042491005323860333
 -0.041887963212451119
 0
 -0.082092128287532942
 -0.11932601379328954
 -0.050824403128560652
 -0.084104195745486054
 -0.15266981376496305
 -0.12111780888925761
 -0.12197331470899216
 -0.1198819090027741
 -0.15243090588700994
 -0.17311666059664074
 -0.17850249756146286
 -0.19826026407067357
 -0.20410902581785653
 -0.17999430422434587
