# Created by Octave 5.1.0, Mon Feb 24 23:41:32 2020 GMT <unknown@Thomas-PC>
# name: u_sol
# type: matrix
# rows: 2178
# columns: 1
 0.0095848498226371523
 -0.0095848498226371506
 0
 0
 1.6695812998419263e-18
 -0.048009703551172941
 0
 0.048009703551172941
 -4.8897504664042239e-19
 0.0070920963984894194
 5.4778873416667261e-19
 0.016192316514914804
 -0.0070920963984894177
 -0.016192316514914804
 -0.030682496330029153
 -0.023560307996698126
 -0.049750940710765128
 -0.019106434356152849
 0
 5.3561820951656999e-19
 0
 0.019106434356152849
 0.049750940710765128
 0.023560307996698129
 0.030682496330029157
 0.0087027671337183577
 0.011156348548910703
 0.015774584064724997
 1.0122005649560785e-18
 0.0057898529433173486
 0.004050350685238663
 0.010321133212986678
 0.0081912642405756776
 9.626518914767926e-20
 -0.0040503506852386613
 -0.005789852943317346
 -0.015774584064724994
 -0.011156348548910702
 -0.008702767133718356
 -0.0081912642405756759
 -0.010321133212986677
 -0.019820812054837995
 -0.023707824827739761
 -0.036120075744961157
 -0.030953691468220013
 -0.040542517203019615
 -0.020729517803035363
 -0.011504102401260097
 -0.051939947608761222
 -0.037467438541731811
 -0.01953970786938844
 -0.032786453150946138
 -0.037611904613376296
 -0.023367414019757594
 -0.011110392899719638
 0
 -0.010668215454637359
 1.0711425019734681e-18
 -0.0048558724628021098
 0
 -0.0088239500629549144
 2.9508304035874858e-19
 0
 0.0048558724628021098
 0.01953970786938844
 0.010668215454637359
 0
 0.0088239500629549144
 0.011110392899719638
 0.037611904613376296
 0.032786453150946138
 0.036120075744961157
 0.037467438541731811
 0.051939947608761222
 0.023367414019757594
 0.011504102401260097
 0.040542517203019622
 0.030953691468220017
 0.023707824827739764
 0.019820812054837995
 0.020729517803035363
 0.0091443793630269776
 0.012030461757441092
 0.013278522296740102
 0.008881317016321489
 0.010578812779657977
 0.0080661407481629512
 0.016782724553050653
 0.013566722792648049
 0.013657252570721206
 1.3501040770580516e-18
 0.0024133682018821854
 0.0021021180632793332
 0.0035030269002843321
 0.0029172649901255242
 9.283340163088536e-19
 0.0057412682835111372
 0.0047550573536099287
 0.0069307813854423044
 0.0055043584713285092
 0.0051459932237902274
 -4.3192899796920749e-19
 0.012233882383414767
 0.0093346654766768272
 0.013989995624624085
 3.7266884728346909e-19
 0.0046655552573953889
 0.0041029716712465501
 0.0085530744267251491
 0.0069769018035968963
 0.010376397212210075
 -0.0021021180632793302
 -0.0024133682018821832
 -0.0069307813854423018
 -0.0047550573536099261
 -0.0057412682835111346
 -0.0029172649901255216
 -0.00350302690028433
 -0.0132785222967401
 -0.01203046175744109
 -0.0091443793630269759
 -0.013657252570721203
 -0.013566722792648048
 -0.016782724553050649
 -0.0080661407481629494
 -0.010578812779657975
 -0.0088813170163214872
 -0.0051459932237902274
 -0.0055043584713285092
 -0.0041029716712465492
 -0.004665555257395388
 -0.013989995624624083
 -0.0093346654766768254
 -0.012233882383414765
 -0.0085530744267251473
 -0.010376397212210073
 -0.0069769018035968945
 -0.014462038665224263
 -0.017814746218802979
 -0.027239981516219321
 -0.022539802969198421
 -0.025293154291291916
 -0.019735185016890908
 -0.02002656336221879
 -0.042257636333394376
 -0.039401882295555801
 -0.044681581829660345
 -0.028187864400314098
 -0.033882513099851665
 -0.029823952760947941
 -0.035819754350703739
 -0.035841564523336915
 -0.031731251282336247
 -0.011070582031683341
 -0.0057134504853724741
 -0.018599665970723385
 -0.01552262866132382
 -0.017442962773499843
 -0.016713483173254173
 -0.022434034329447277
 -0.027505455754322856
 -0.02589550732024767
 -0.023119927719483742
 -0.050619574954338685
 -0.044186216960421951
 -0.044021805652318773
 -0.044876822114351463
 -0.051773785576554654
 -0.03739245014586888
 -0.03055496711477947
 -0.014233295834975903
 -0.027097134170046673
 -0.024872200557324038
 -0.02539421844795893
 -0.027343015518718192
 -0.020653453126548142
 -0.045325011685964561
 -0.035838222767437977
 -0.04120525745897291
 -0.011533877060828026
 -0.0057190185520332769
 -0.023913029768097831
 -0.017574037669076309
 -0.015732572460377459
 -0.017026795313974739
 -0.021790792588878224
 -0.036045107454291514
 -0.028546318445180078
 -0.030202562002687686
 0
 -0.0099063767271773458
 -0.0054186208189212761
 -0.0073283733188928947
 0
 -0.014465707734085438
 -0.01534044398905939
 8.9078911369518953e-19
 -0.0012109766005455884
 0
 -0.0034327322599958534
 -0.0023753833692501027
 1.0887655078575571e-18
 0
 -0.0024746670318361052
 -0.0038492782594196306
 -0.0054864826487350154
 -2.2761802051972152e-19
 -0.013674186548444114
 -0.010205199994919076
 7.0729331947555934e-19
 -0.0050206109829773323
 -0.0043282455524083826
 -0.0075624728768302028
 -0.0070119558271852945
 -0.010905667793581767
 0
 0.0012109766005455891
 0.0038492782594196301
 0.0024746670318361056
 0
 0.002375383369250104
 0.0034327322599958547
 0.014233295834975903
 0.0099063767271773458
 0
 0.01534044398905939
 0.014465707734085436
 0.020653453126548142
 0
 0.0073283733188928939
 0.0054186208189212761
 0.0054864826487350154
 0.0057190185520332769
 0.0043282455524083835
 0.0050206109829773323
 0.015732572460377459
 0.010205199994919076
 0.013674186548444114
 0.007562472876830202
 0.010905667793581767
 0.0070119558271852945
 0.024872200557324035
 0.027097134170046673
 0.04120525745897291
 0.035838222767437977
 0.045325011685964561
 0.027343015518718188
 0.02539421844795893
 0.042257636333394376
 0.044186216960421951
 0.050619574954338685
 0.030554967114779473
 0.03739245014586888
 0.029823952760947941
 0.051773785576554654
 0.044876822114351463
 0.044021805652318773
 0.011533877060828028
 0.0057134504853724732
 0.021790792588878224
 0.017026795313974739
 0.017442962773499847
 0.017574037669076309
 0.023913029768097834
 0.036045107454291514
 0.030202562002687686
 0.028546318445180078
 0.044681581829660352
 0.039401882295555808
 0.031731251282336254
 0.035841564523336922
 0.035819754350703739
 0.033882513099851672
 0.028187864400314098
 0.017814746218802979
 0.014462038665224263
 0.020026563362218794
 0.019735185016890908
 0.025293154291291919
 0.022539802969198424
 0.027239981516219324
 0.011070582031683342
 0.02243403432944728
 0.016713483173254176
 0.015522628661323822
 0.018599665970723385
 0.027505455754322859
 0.023119927719483745
 0.025895507320247674
 0.0093613920215016178
 0.011155494036950771
 0.011531683913320011
 0.010303297959628694
 0.010749502484648911
 0.0089347042696629447
 0.0147035206548249
 0.012675775368915222
 0.013862353905808341
 0.007905193481917103
 0.008612399306940563
 0.0076258882082893926
 0.011031744639488307
 0.0097620900447162248
 0.0099766412183349348
 0.0084203852450911547
 0.0092441794701629172
 0.0098051268520541954
 0.016691325332069878
 0.015241171205057266
 0.0149310668636759
 0.014695295149523599
 0.015159400320732401
 0.016472975670826024
 0.012391547522274912
 0.013798588268994596
 0.012386916517225566
 0.011333536699490949
 0.012030442796873769
 0.012973150390960022
 1.4613353612182822e-18
 0.0011138933794785529
 0.0010613701645692478
 0.0013261202816049116
 0.0012079049509232346
 1.175963724905579e-18
 0.0031023346606954545
 0.0022233608187209549
 0.0033059463949933268
 0.0019030471278466989
 0.0017525338856654801
 7.5498724889471024e-19
 0.0043634389260340366
 0.0032046977124534663
 0.0047968366853018097
 9.7010288990182891e-19
 0.0016035741236653882
 0.0014599390175630755
 0.0064629230981350224
 0.0062635367560202604
 0.0071215026388096259
 0.0043473615104946666
 0.0053363497219834693
 0.0049338600455120325
 0.0064948293547935588
 0.0058680648194091387
 0.0052439388720611569
 0.0026497274878820461
 0.0039592210226879624
 0.0036000623317066754
 0.0028030600546151193
 0.0027441727871726227
 -3.5980284784060771e-19
 0.0077297381157394986
 0.0053425865547832687
 0.0080304097351650491
 -2.0951656897556082e-20
 0.0026661973931246374
 0.0025698293632867943
 0.014226191342982458
 0.013132417996681385
