# Created by Octave 5.1.0, Wed Apr 22 11:39:35 2020 GMT <unknown@Thomas-PC>
# name: contactConvergence
# type: matrix
# rows: 15
# columns: 1
 2.1917411627534151
 2.1232492514173709
 0.3085182379508063
 0.15425911897540315
 0.11569433923155235
 0.73911093018770524
 0.79958196254135006
 8.1189282465170072e-07
 1.1462629806716263e-18
 2.1011131993591736e-18
 2.4350051248048819e-18
 1.8674598012780538e-18
 1.5903850649143411e-18
 1.6647563505360102e-18
 1.9871113570602161e-18


