# Created by Octave 5.1.0, Wed Apr 22 11:17:09 2020 GMT <unknown@Thomas-PC>
# name: contactConvergence
# type: matrix
# rows: 8
# columns: 1
 0.63131765088206226
 1.087191711938758
 0.88582210153039831
 2.0037126093916411e-18
 3.6599226267925994e-18
 3.5238199477644126e-18
 3.3231407329131463e-18
 1.8947988823483581e-18


