# Created by Octave 5.1.0, Tue Feb 25 23:35:23 2020 GMT <unknown@Thomas-PC>
# name: contactConvergence
# type: matrix
# rows: 26
# columns: 1
 1.2983052592866875
 1.2577332199339786
 1.2184290568110416
 0.79394969283767514
 0.69470598123296579
 0.52102948592472431
 0.00015474783346713418
 0.045979326001816243
 0.034484494501362178
 0.025863370876021637
 0.025202357427641323
 0.022052062749186158
 0.01653904706188962
 0.0082695235309448098
 0.0041347617654724049
 0.0036179165447883539
 0.0031656769766898098
 0.002967822165646697
 0.0028750777229702373
 0.0028301546335488276
 0.0027866136269375668
 0.0024382869235703708
 0.0024007748192897997
 0.0021006779668785746
 0.0019693855939486634
 0.0019078422941377678


