# Created by Octave 5.1.0, Wed Apr 22 11:04:37 2020 GMT <unknown@Thomas-PC>
# name: contactConvergence
# type: matrix
# rows: 6
# columns: 1
 0
 0.048306148717683003
 3.4694469519536142e-18
 1.3877787807814457e-17
 3.4694469519536142e-18
 1.0408340855860843e-17


