# Created by Octave 5.1.0, Wed Apr 22 11:06:02 2020 GMT <unknown@Thomas-PC>
# name: contactConvergence
# type: matrix
# rows: 8
# columns: 1
 1.1996584355245157
 1.0497011310839512
 0.9184884896984572
 0.4592442448492286
 7.1854113071005994e-18
 4.3832928417132343e-18
 2.6154437876192198e-18
 3.8637015563139371e-18


