# Created by Octave 5.1.0, Wed Apr 22 11:04:54 2020 GMT <unknown@Thomas-PC>
# name: contactConvergence
# type: matrix
# rows: 7
# columns: 1
 2.3727103359168429
 2.9000233018063053
 3.4694469519536142e-18
 8.6736173798840355e-19
 3.0357660829594124e-18
 7.8062556418956319e-18
 3.0357660829594124e-18


