# Created by Octave 5.1.0, Tue Feb 25 23:35:23 2020 GMT <unknown@Thomas-PC>
# name: equilibriumConvergence
# type: matrix
# rows: 26
# columns: 1
 0.88932292807693658
 0.85245280935906287
 0.88317677050007759
 0.64311140221324681
 0.61974254040697996
 0.60688494788353575
 0.30033758827531898
 0.29566298223143117
 0.25204196251691741
 0.24487407925549565
 0.23955373066618113
 0.22754808826330747
 0.19527730631183726
 0.14869199739457012
 0.11311350678802713
 0.10805856187305236
 0.10350097545351361
 0.10130162333797009
 0.10054992038935551
 0.099847581715477904
 0.10755762903821886
 0.10231422790573237
 0.11321185086011043
 0.1101405799672576
 0.10987890289724278
 0.10853795243148474


