# Created by Octave 5.1.0, Wed Apr 22 11:06:02 2020 GMT <unknown@Thomas-PC>
# name: equilibriumConvergence
# type: matrix
# rows: 8
# columns: 1
 2.5978061270765451
 2.4767583445053001
 2.5146413428052576
 1.5380783294585618
 0.20313956353449786
 0.0060883509788798957
 7.5151822211374271e-06
 1.3132673414058506e-11


