# Created by Octave 5.1.0, Wed Apr 22 11:04:54 2020 GMT <unknown@Thomas-PC>
# name: equilibriumConvergence
# type: matrix
# rows: 7
# columns: 1
 4.2046115039706029
 3.4874045644429787
 0.67116842499592211
 0.035485271216145642
 0.0001243536330864526
 1.5513463321120167e-09
 4.4035908051535132e-15


