# Created by Octave 5.1.0, Wed Apr 22 11:39:35 2020 GMT <unknown@Thomas-PC>
# name: equilibriumConvergence
# type: matrix
# rows: 15
# columns: 1
 1.3465296295392937
 1.2647104790198578
 1.4604869069245421
 0.90088434369987702
 0.81797858000359758
 0.5009363817533794
 0.33936575223702276
 0.84407172228654492
 0.20650481388013286
 0.053773841622059525
 0.0099318765427227357
 0.0030438567920415688
 0.00015770948671309676
 2.1240186326776718e-07
 9.2437528393823102e-13


