# Created by Octave 5.1.0, Wed Apr 22 11:04:37 2020 GMT <unknown@Thomas-PC>
# name: equilibriumConvergence
# type: matrix
# rows: 6
# columns: 1
 7.6376261582597467
 1.7491887187132373
 1.3558614964314437
 0.019910375171656659
 2.1516042219480216e-05
 6.2439217982883495e-11


