# Created by Octave 5.1.0, Wed Apr 22 11:17:09 2020 GMT <unknown@Thomas-PC>
# name: equilibriumConvergence
# type: matrix
# rows: 8
# columns: 1
 1.6598215271412748
 1.0375236148610034
 0.48196559866808364
 0.057250531994830864
 0.0030012716540617121
 3.1081636436790621e-05
 7.8861045177877304e-09
 1.4740674846319934e-14


