# Created by Octave 5.1.0, Wed Apr 22 11:17:09 2020 GMT <unknown@Thomas-PC>
# name: lambda_sol
# type: matrix
# rows: 17
# columns: 1
 0
 0
 0
 0
 0
 0
 -4.0626178379003868
 0
 -7.6291703841214327
 0
 -4.0626178379003877
 0
 0
 0
 0
 0
 0


