# Created by Octave 5.1.0, Wed Apr 22 11:39:35 2020 GMT <unknown@Thomas-PC>
# name: lambda_sol
# type: matrix
# rows: 33
# columns: 1
 0
 0
 0
 0
 0
 0
 0
 0
 0
 0
 0
 -3.3700578474153056
 0
 -2.1960660553481928
 -0.21434368332275439
 -2.7312736763151055
 -7.2256817446581358
 -2.7312736763151073
 -0.21434368332275097
 -2.1960660553481941
 0
 -3.3700578474153065
 0
 0
 0
 0
 0
 0
 0
 0
 0
 0
 0


