# Created by Octave 5.1.0, Tue Feb 25 23:35:23 2020 GMT <unknown@Thomas-PC>
# name: lambda_sol
# type: matrix
# rows: 65
# columns: 1
 0
 0
 0
 0
 0
 0
 0
 0
 0
 0
 0
 0
 0
 0
 0
 0
 0
 0
 0
 0
 0
 -1.2916007041931152
 -1.8609375953674316
 -1.7631516248444541
 0.0013155152890640344
 0.00026103710502350908
 -1.262916473101541
 -2.1091947555541992
 0.00014563743919077815
 -3.7448954894171038
 -1.930518627166748
 -2.949089527130127
 -11.968145608901978
 -2.949089527130127
 -1.9305176734924316
 -3.7448952623090008
 0.00014563743918739999
 -2.1091957092285156
 -1.2629164838999714
 0.00026103710502488266
 0.0013155152890611701
 -1.7631516995783159
 -1.8609375953674316
 -1.2916007041931152
 0
 0
 0
 0
 0
 0
 0
 0
 0
 0
 0
 0
 0
 0
 0
 0
 0
 0
 0
 0
 0


