# Created by Octave 5.1.0, Wed Apr 22 11:04:37 2020 GMT <unknown@Thomas-PC>
# name: u_sol
# type: matrix
# rows: 18
# columns: 1
 0.015142475655496019
 -0.015142475655495998
 0
 0
 1.0234195075636648e-17
 -0.039305775428388832
 0
 0.039305775428388832
 4.6041053911986935e-19
 -0.24066723052913727
 -0.24066723052913724
 0
 0
 -0.10000000000000005
 -0.15631572358470788
 0
 -0.15631572358470788
 -0.14825223189331976


