# Created by Octave 5.1.0, Wed Apr 22 11:04:54 2020 GMT <unknown@Thomas-PC>
# name: u_sol
# type: matrix
# rows: 50
# columns: 1
 0.034842451101607649
 -0.034842451101607705
 0
 0
 -3.4986784462993042e-17
 -0.047835291400464199
 0
 0.047835291400464185
 -7.2680473592569494e-18
 0.02427989594075421
 -1.5741605761932699e-17
 0.014884549055061608
 -0.024279895940754265
 -0.01488454905506164
 -0.034695293196918067
 -0.021484866394090897
 -0.047868476864815053
 -0.016092990753339941
 0
 -2.5259061337567197e-18
 0
 0.016092990753339937
 0.047868476864815046
 0.021484866394090883
 0.034695293196918033
 -0.26104782316271802
 -0.26104782316271807
 0
 0
 -0.099999999999999964
 -0.17278386492464051
 0
 -0.17278386492464048
 -0.16476421358441873
 -0.24223652524419836
 -0.19701279379421899
 -0.22364324343086014
 -0.24223652524419836
 -0.22364324343086014
 -0.23048689805525685
 -0.17178179425713891
 -0.10105514823269128
 -0.092959247073361603
 0
 -0.090224108922140764
 0
 -0.092959247073361603
 -0.10105514823269127
 -0.17178179425713891
 -0.23048689805525685


