# Created by Octave 5.1.0, Wed Apr 22 11:06:02 2020 GMT <unknown@Thomas-PC>
# name: u_sol
# type: matrix
# rows: 162
# columns: 1
 0.020371683917040584
 -0.020371683917040577
 0
 0
 4.3481470206677329e-18
 -0.050256741765101955
 0
 0.050256741765101962
 3.8287681413360193e-18
 0.013623683868232069
 4.1725402509868303e-18
 0.013692349465831307
 -0.013623683868232062
 -0.0136923494658313
 -0.031942764171939031
 -0.022818342077188219
 -0.053469814501890908
 -0.019001347742189277
 0
 2.8597263210054785e-18
 0
 0.019001347742189281
 0.053469814501890908
 0.022818342077188226
 0.031942764171939038
 0.017457877334763016
 0.01036232338092039
 0.017087245942561412
 3.3795138146893362e-18
 0.0036468688220275031
 0.0086838624182221467
 0.0083867412446302827
 0.0057462724940851011
 4.5510662702364896e-18
 -0.0086838624182221397
 -0.0036468688220274966
 -0.017087245942561401
 -0.010362323380920383
 -0.017457877334763009
 -0.0057462724940850925
 -0.008386741244630274
 -0.023080734808712259
 -0.022648306848929749
 -0.036799365137576624
 -0.030143387867255313
 -0.042202749283190774
 -0.018620784124883862
 -0.010457641397821795
 -0.055668416689928793
 -0.038820834221511995
 -0.019134519303507038
 -0.033778105174135882
 -0.039491396136188218
 -0.023266939195944875
 -0.01091720453654023
 0
 -0.010594362462986321
 8.2383604223066934e-19
 -0.0048251848494032558
 0
 -0.0087403430420326701
 3.8790828953474453e-18
 0
 0.0048251848494032558
 0.019134519303507038
 0.010594362462986321
 0
 0.0087403430420326736
 0.010917204536540236
 0.039491396136188218
 0.033778105174135889
 0.036799365137576631
 0.038820834221512002
 0.055668416689928793
 0.023266939195944882
 0.010457641397821802
 0.042202749283190781
 0.03014338786725532
 0.02264830684892976
 0.023080734808712266
 0.018620784124883872
 -0.25475356154291717
 -0.25475356154291717
 0
 0
 -0.09999999999999995
 -0.1745363071024815
 0
 -0.1745363071024815
 -0.17460891024920586
 -0.24741979886584789
 -0.22256394606687277
 -0.22882891274943512
 -0.24741979886584789
 -0.22882891274943512
 -0.22796380159770807
 -0.17610668512023731
 -0.1033296944361124
 -0.095661800794076698
 0
 -0.094756177761380164
 0
 -0.095661800794076698
 -0.10332969443611241
 -0.17610668512023731
 -0.22796380159770807
 -0.25417906620354774
 -0.24268053985873517
 -0.24749424674210507
 -0.23253787437644138
 -0.22969701479101493
 -0.21631613758177787
 -0.20278833023446008
 -0.22231638690193972
 -0.20289212366382089
 -0.21631613758177787
 -0.22969701479101495
 -0.24749424674210507
 -0.24268053985873517
 -0.25417906620354774
 -0.22231638690193972
 -0.20278833023446008
 -0.24561336352764193
 -0.23175418456184829
 -0.1778185312607958
 -0.20822681910327695
 -0.20401089023937258
 -0.20639982986333433
 -0.17382234119972245
 -0.14217291454753631
 -0.14104058534358857
 -0.049215550631851478
 -0.097907862801464657
 -0.057024257231277867
 -0.13872075062228689
 -0.13724625770616172
 0
 -0.048885628722927475
 -0.048804602547168195
 -0.048907634472089373
 0
 -0.095020744233624332
 -0.13706423625898392
 0
 -0.048907634472089373
 -0.049215550631851485
 -0.048885628722927475
 0
 -0.095020744233624346
 -0.13724625770616172
 -0.057024257231277874
 -0.097907862801464657
 -0.1778185312607958
 -0.14104058534358857
 -0.14217291454753631
 -0.13872075062228692
 -0.17382234119972245
 -0.20401089023937258
 -0.20822681910327698
 -0.23175418456184829
 -0.24561336352764193
 -0.20639982986333433


