# Created by Octave 5.1.0, Wed Apr 22 11:17:09 2020 GMT <unknown@Thomas-PC>
# name: u_sol
# type: matrix
# rows: 578
# columns: 1
 0.018036653021201086
 -0.018036653021201096
 0
 0
 -5.9004205384850244e-18
 -0.052976401601164951
 0
 0.052976401601164951
 -2.4711888772261272e-18
 0.015972900221053923
 -3.3036491965233204e-18
 0.015015735085012907
 -0.015972900221053934
 -0.015015735085012912
 -0.033527003084864983
 -0.024031354486044428
 -0.056033731961994078
 -0.020018649136832784
 0
 -6.3569559014336627e-19
 0
 0.020018649136832784
 0.056033731961994078
 0.024031354486044425
 0.033527003084864983
 0.016786138099484819
 0.011175929593286218
 0.018193526876733462
 -3.4219321918141099e-18
 0.0039647947208320084
 0.012926499587703647
 0.0093835028711056877
 0.0066753588509820203
 -3.2294366401965017e-18
 -0.012926499587703658
 -0.0039647947208320145
 -0.018193526876733469
 -0.011175929593286225
 -0.016786138099484833
 -0.0066753588509820263
 -0.0093835028711056929
 -0.023782885513831602
 -0.024397311750231913
 -0.038619023840938099
 -0.032161852991023733
 -0.044244303701619594
 -0.020168146802736278
 -0.011222937238199934
 -0.058233830444202724
 -0.040654708759321152
 -0.020809776998509933
 -0.035585449503453076
 -0.04209038394456513
 -0.024363693120639244
 -0.011267008838349317
 0
 -0.011137863447239328
 8.9366321027462818e-19
 -0.0049772116538153843
 0
 -0.0090426842517120146
 -7.1103949348489484e-19
 0
 0.0049772116538153843
 0.02080977699850993
 0.011137863447239328
 0
 0.0090426842517120146
 0.011267008838349316
 0.042090383944565123
 0.035585449503453076
 0.038619023840938099
 0.040654708759321145
 0.058233830444202724
 0.024363693120639244
 0.011222937238199931
 0.044244303701619588
 0.032161852991023733
 0.024397311750231909
 0.023782885513831595
 0.020168146802736275
 0.017327241003817152
 0.016787505629405501
 0.018557682986361849
 0.011488515615482957
 0.014529144602335694
 0.016391309675052597
 0.016896310694934975
 0.014937944737244862
 0.012693653585656686
 -9.4631488626132875e-19
 -0.0011332704729719802
 0.0070149349383860915
 0.0027819420730791017
 0.0021779862200550231
 -3.4014960538722006e-18
 0.015449762035074902
 0.0020543039486090593
 0.0072993837494283826
 0.0051000027757876704
 0.0045833307087382669
 -2.5461412011163306e-18
 0.010551450246710737
 0.0080794864786640826
 0.012610127526341707
 -3.1439265050259785e-18
 0.0039675179993347532
 0.0033344713583400971
 0.0071837494785155923
 0.0052903535617051054
 0.0086182774937267372
 -0.0070149349383861071
 0.0011332704729719767
 -0.0072993837494283896
 -0.0020543039486090649
 -0.015449762035074912
 -0.0021779862200550291
 -0.0027819420730791082
 -0.018557682986361859
 -0.016787505629405512
 -0.017327241003817162
 -0.012693653585656692
 -0.014937944737244869
 -0.016896310694934982
 -0.016391309675052607
 -0.014529144602335703
 -0.011488515615482966
 -0.0045833307087382721
 -0.0051000027757876756
 -0.0033344713583401031
 -0.0039675179993347584
 -0.012610127526341712
 -0.0080794864786640896
 -0.010551450246710744
 -0.0071837494785155992
 -0.0086182774937267424
 -0.0052903535617051115
 -0.02019860311685772
 -0.021019795534985106
 -0.028953100889883374
 -0.02461734631047123
 -0.028347785433121366
 -0.020881653401837969
 -0.019724286950804075
 -0.046021868430662846
 -0.042439349875184169
 -0.049081892290673015
 -0.028939377165922483
 -0.035693095112842979
 -0.031178761848045088
 -0.038944469503766607
 -0.03821913844832394
 -0.033613207164731436
 -0.010471195919857108
 -0.0054989744536169116
 -0.017621599061589284
 -0.014559468745169078
 -0.017366561699870425
 -0.016205799835212246
 -0.022384625624477218
 -0.02828741767710416
 -0.026096319779584987
 -0.022919723226700661
 -0.056414320920655063
 -0.048564597634336439
 -0.048779496571008274
 -0.049606131096128291
 -0.058246656623868666
 -0.040341036950673578
 -0.032272882655688361
 -0.014929779012226594
 -0.029468902008177186
 -0.02730096015313993
 -0.027045144335429008
 -0.029488398643491183
 -0.021894280489733187
 -0.050978547820648354
 -0.039445519383315426
 -0.045605502234580077
 -0.011533570828459048
 -0.0057046750803254635
 -0.024716878111591348
 -0.017816143622718855
 -0.016232133877281032
 -0.017459664235077686
 -0.022817231773946671
 -0.039193654970335848
 -0.030437518558029765
 -0.032115070987534439
 0
 -0.010494038475320188
 -0.0056475586465145914
 -0.0077150688372685907
 0
 -0.015258379770236554
 -0.016047518815115465
 -1.1020795735476997e-20
 -0.0012289719810395514
 0
 -0.0035018116941302998
 -0.0024199821292776556
 1.9373721438159228e-19
 0
 -0.0025297502142213654
 -0.0039707334996197351
 -0.0055438659320601064
 -1.8864018678445808e-18
 -0.014142884836919585
 -0.010423845173431083
 3.236065493211506e-19
 -0.0051043221618777201
 -0.0044126714444119204
 -0.007816877572471714
 -0.0071925154288954305
 -0.011282454151357179
 0
 0.0012289719810395507
 0.0039707334996197351
 0.0025297502142213641
 0
 0.0024199821292776569
 0.0035018116941303002
 0.014929779012226592
 0.010494038475320187
 0
 0.016047518815115465
 0.015258379770236554
 0.021894280489733183
 0
 0.0077150688372685907
 0.0056475586465145906
 0.0055438659320601038
 0.0057046750803254609
 0.0044126714444119204
 0.0051043221618777192
 0.016232133877281032
 0.010423845173431083
 0.014142884836919585
 0.007816877572471714
 0.011282454151357181
 0.0071925154288954296
 0.027300960153139927
 0.029468902008177183
 0.04560550223458007
 0.039445519383315426
 0.050978547820648347
 0.029488398643491179
 0.027045144335429008
 0.046021868430662839
 0.048564597634336439
 0.056414320920655056
 0.032272882655688361
 0.040341036950673578
 0.031178761848045085
 0.058246656623868659
 0.049606131096128291
 0.048779496571008274
 0.011533570828459044
 0.0054989744536169081
 0.022817231773946671
 0.017459664235077683
 0.017366561699870421
 0.017816143622718852
 0.024716878111591345
 0.039193654970335841
 0.032115070987534432
 0.030437518558029762
 0.049081892290673015
 0.042439349875184169
 0.033613207164731436
 0.03821913844832394
 0.038944469503766607
 0.035693095112842979
 0.028939377165922483
 0.021019795534985099
 0.02019860311685771
 0.019724286950804071
 0.020881653401837966
 0.028347785433121359
 0.024617346310471223
 0.028953100889883371
 0.010471195919857105
 0.022384625624477218
 0.016205799835212243
 0.014559468745169075
 0.01762159906158928
 0.028287417677104156
 0.022919723226700658
 0.026096319779584983
 -0.25395533075141513
 -0.25395533075141513
 0
 0
 -0.099999999999999964
 -0.17678454156823462
 0
 -0.17678454156823462
 -0.17529167671826512
 -0.25286563925684113
 -0.22449432300466052
 -0.23205993314865828
 -0.25286563925684113
 -0.23205993314865828
 -0.22904221640953323
 -0.1780684735104579
 -0.10507822603430376
 -0.096655501983442069
 0
 -0.095569034920010912
 0
 -0.096655501983442069
 -0.10507822603430376
 -0.1780684735104579
 -0.22904221640953321
 -0.25685802378525596
 -0.24684980460480452
 -0.25024980116050899
 -0.23172215230766632
 -0.23542883970481562
 -0.21207350041229636
 -0.20574106552390051
 -0.22665975416455633
 -0.20448652808528683
 -0.21207350041229636
 -0.23542883970481562
 -0.25024980116050899
 -0.24684980460480452
 -0.25685802378525596
 -0.22665975416455633
 -0.20574106552390051
 -0.24600022972202421
 -0.23423759060000957
 -0.179894381782847
 -0.21053526640736198
 -0.20569955605600035
 -0.20897302169165774
 -0.17575139479142779
 -0.14380892896188135
 -0.14261369547939726
 -0.050071270192125608
 -0.098986186855327923
 -0.05933322964401358
 -0.14018281953783027
 -0.13855092385964693
 0
 -0.049334775011407372
 -0.049255202995007595
 -0.049305961935002807
 0
 -0.095868397884498385
 -0.13800450128476544
 0
 -0.049305961935002807
 -0.050071270192125608
 -0.049334775011407372
 0
 -0.095868397884498385
 -0.13855092385964693
 -0.05933322964401358
 -0.098986186855327923
 -0.179894381782847
 -0.14261369547939726
 -0.14380892896188133
 -0.14018281953783027
 -0.17575139479142779
 -0.20569955605600035
 -0.21053526640736198
 -0.23423759060000957
 -0.24600022972202418
