# Created by Octave 5.1.0, Wed Apr 22 11:39:35 2020 GMT <unknown@Thomas-PC>
# name: u_sol
# type: matrix
# rows: 2178
# columns: 1
 0.020537695953665905
 -0.020537695953665874
 0
 0
 1.755048322792527e-17
 -0.055701451723320868
 0
 0.055701451723320881
 4.7341499706281343e-18
 0.020205978021053561
 1.0772216217084644e-17
 0.018240428316222787
 -0.02020597802105353
 -0.018240428316222766
 -0.037349238720874707
 -0.025441884565934294
 -0.057943987014187008
 -0.020712285588417829
 0
 1.2138191516850915e-19
 0
 0.020712285588417829
 0.057943987014187008
 0.025441884565934304
 0.037349238720874728
 0.020021058829488726
 0.016005189693271471
 0.022608802380538962
 1.4104164779339294e-17
 0.0088090941873646481
 0.013478750632740474
 0.010464287556872637
 0.0084322325361488124
 7.9207346863648288e-18
 -0.013478750632740448
 -0.0088090941873646203
 -0.022608802380538934
 -0.016005189693271443
 -0.020021058829488694
 -0.0084322325361487916
 -0.010464287556872622
 -0.027932682025464759
 -0.028166104845166871
 -0.040639379316458168
 -0.035035065770385176
 -0.047365068029084086
 -0.022351179840748674
 -0.011921904790334923
 -0.060327911630193083
 -0.04219620367062215
 -0.021751495186012909
 -0.036839703439377876
 -0.043850064432922976
 -0.025349829051910105
 -0.011690061493114648
 0
 -0.011495843493733164
 6.9426010454988242e-19
 -0.0051080216787167494
 0
 -0.0093210726036834501
 1.3719788564985022e-18
 0
 0.0051080216787167494
 0.021751495186012909
 0.011495843493733166
 0
 0.0093210726036834536
 0.011690061493114653
 0.043850064432922983
 0.036839703439377876
 0.040639379316458182
 0.042196203670622157
 0.06032791163019309
 0.025349829051910109
 0.011921904790334932
 0.047365068029084106
 0.035035065770385197
 0.028166104845166896
 0.027932682025464783
 0.022351179840748692
 0.020143943678403314
 0.02098936177736312
 0.022480120033307256
 0.016905208412853857
 0.019194623206300273
 0.020082098550996484
 0.021010264163060118
 0.019523495581751663
 0.016653057318130469
 3.753346468766139e-18
 0.012891179299957634
 0.0086782263719652232
 0.0038137469020483338
 0.0048063978225128309
 1.2096907894656682e-17
 0.020137545312939403
 0.012904004958474293
 0.014241083592523801
 0.0055395117925608004
 0.0050851041147144931
 6.4063184285382436e-18
 0.013216884680541276
 0.0094145895703827316
 0.014691925202045588
 9.2556493119261786e-18
 0.0045334221297782529
 0.0040114095883061127
 0.012308660790183314
 0.0079348513713683073
 0.012217681354512431
 -0.0086782263719652093
 -0.012891179299957615
 -0.014241083592523771
 -0.012904004958474265
 -0.020137545312939372
 -0.0048063978225128031
 -0.0038137469020483091
 -0.022480120033307228
 -0.020989361777363092
 -0.020143943678403282
 -0.016653057318130444
 -0.019523495581751635
 -0.021010264163060094
 -0.020082098550996453
 -0.019194623206300245
 -0.016905208412853829
 -0.0050851041147144775
 -0.0055395117925607883
 -0.004011409588306091
 -0.0045334221297782338
 -0.014691925202045569
 -0.0094145895703827125
 -0.013216884680541255
 -0.012308660790183286
 -0.012217681354512407
 -0.0079348513713682831
 -0.0239141425213013
 -0.025322637498206887
 -0.032806550876423174
 -0.028809192007898318
 -0.032448748331104484
 -0.025065745285938277
 -0.023291164641896334
 -0.04835134692063852
 -0.045126675573446039
 -0.051910588986776154
 -0.031092749075616103
 -0.038149948177195574
 -0.032904220792415756
 -0.04241301135904426
 -0.041270335200718829
 -0.037060963981755173
 -0.011351339208730033
 -0.0058356306623541772
 -0.020270268985998593
 -0.016233027224586447
 -0.018432432411001853
 -0.017553697004208179
 -0.024165932461187124
 -0.031599846490886208
 -0.028679862372188964
 -0.025969635144579745
 -0.058730112444459442
 -0.050577608638738357
 -0.050461809722525619
 -0.051414153682980357
 -0.060219335529621998
 -0.04209033781722326
 -0.03374656146032564
 -0.016024889281767662
 -0.030800733720939923
 -0.028885198949205937
 -0.028000599591456822
 -0.030606209144750998
 -0.02269738057017184
 -0.05284091458420602
 -0.040962804593363288
 -0.047209347139376585
 -0.012063496994990383
 -0.0059203678179396329
 -0.025893406162939309
 -0.018674254383517219
 -0.016810066085748896
 -0.018161010651232965
 -0.02364905832789219
 -0.040578703338026094
 -0.03153714227453179
 -0.033381558522259214
 0
 -0.010965370075734525
 -0.0058128171782114565
 -0.0079832276503998597
 0
 -0.015830088124351754
 -0.016588775948509937
 2.579099748345634e-20
 -0.0012585651735664536
 0
 -0.0035969998267237806
 -0.0024817124642518692
 1.1639167422806474e-18
 0
 -0.0025900468952214876
 -0.0040729693714479497
 -0.0057228077515399508
 2.8460891580177061e-18
 -0.014609152320674569
 -0.010771410275095848
 7.5982714688710513e-19
 -0.0052580453268625113
 -0.004539215485084163
 -0.0080401089007961519
 -0.007398350203231552
 -0.01163133160369265
 0
 0.0012585651735664552
 0.0040729693714479489
 0.0025900468952214876
 0
 0.0024817124642518705
 0.0035969998267237815
 0.016024889281767662
 0.010965370075734527
 0
 0.016588775948509937
 0.015830088124351757
 0.022697380570171843
 0
 0.0079832276503998632
 0.0058128171782114565
 0.0057228077515399543
 0.0059203678179396389
 0.0045392154850841639
 0.005258045326862513
 0.0168100660857489
 0.010771410275095851
 0.014609152320674572
 0.0080401089007961519
 0.011631331603692651
 0.0073983502032315537
 0.02888519894920594
 0.030800733720939926
 0.047209347139376585
 0.040962804593363294
 0.052840914584206027
 0.030606209144751002
 0.028000599591456822
 0.048351346920638534
 0.050577608638738371
 0.058730112444459449
 0.033746561460325647
 0.042090337817223267
 0.032904220792415763
 0.060219335529622005
 0.051414153682980364
 0.050461809722525626
 0.012063496994990389
 0.0058356306623541859
 0.023649058327892193
 0.018161010651232972
 0.018432432411001863
 0.018674254383517226
 0.025893406162939316
 0.040578703338026094
 0.033381558522259221
 0.031537142274531797
 0.051910588986776168
 0.045126675573446053
 0.037060963981755193
 0.041270335200718843
 0.042413011359044281
 0.038149948177195588
 0.031092749075616117
 0.025322637498206912
 0.023914142521301328
 0.023291164641896355
 0.025065745285938301
 0.032448748331104504
 0.028809192007898343
 0.032806550876423195
 0.011351339208730046
 0.024165932461187138
 0.017553697004208193
 0.016233027224586461
 0.020270268985998614
 0.031599846490886228
 0.025969635144579763
 0.028679862372188981
 0.020318139714171162
 0.021279883862172798
 0.021677691027384569
 0.020463830199602667
 0.020878159357043392
 0.020049957662932948
 0.022789111099851624
 0.021760959223490157
 0.021692088812659872
 0.018176127468238976
 0.018919093892777017
 0.020143881053786748
 0.017767870203924532
 0.018121285058841887
 0.016219528828959336
 0.020037097539222636
 0.019516173051005548
 0.020018750201232127
 0.019739485359104466
 0.018859988123899555
 0.017363123822448045
 0.021121546919337861
 0.020142642696580591
 0.02199159745590077
 0.016176050581303357
 0.018197211794913959
 0.017812544960483435
 0.020142159844124933
 0.019197186836899312
 0.020501404606724619
 3.8634430142994637e-17
 0.0045126906416107764
 0.0036862017853462668
 0.0028048061615568863
 -0.003849192664475328
 1.2401502829200615e-17
 0.012518730000805575
 0.0054184395776984877
 0.016843105361508983
 0.0018616298920139341
 0.0018449264997631074
 1.1430618066815501e-17
 0.0068003992824453574
 0.0040583410955708204
 0.0060585496042390215
 1.2769740952853288e-17
 0.0019883402142459286
 0.0024110608439360743
 0.020229308830928994
 0.016031306553503086
 0.017223071564409921
 0.014835322745365061
 0.014898523174158218
 0.019412033809508112
 0.011613968714106672
 0.013296220717494063
 0.010315223520213775
 0.0066197634707129546
 0.0084537221018511997
 0.012004331339550695
 0.0028275104736249479
 0.0027450631018384472
 5.4751383083417009e-18
 0.0077282033096921733
 0.0053294471954925824
 0.0080895460575730084
 7.2518253119902066e-18
 0.0026413420747000969
 0.0025182628779445936
 0.01570985593569079
 0.013924350107744361
 0.016552057841568862
 0.0088953428480613075
