# Created by Octave 5.1.0, Wed Apr 22 11:18:21 2020 GMT <unknown@Thomas-PC>
# name: contactConvergence
# type: matrix
# rows: 8
# columns: 1
 0.63131765088206215
 1.0871917119387586
 0.88582210153039898
 3.8532339671822508e-18
 3.6093766517198393e-18
 4.5270056034731087e-18
 2.6823477961931144e-18
 4.4782285064245276e-18


