# Created by Octave 5.1.0, Wed Apr 22 11:04:58 2020 GMT <unknown@Thomas-PC>
# name: contactConvergence
# type: matrix
# rows: 7
# columns: 1
 2.3727103359168433
 2.9000233018063004
 3.903127820947816e-18
 4.3368086899420177e-18
 1.7347234759768071e-18
 1.0408340855860843e-17
 1.214306433183765e-17


