# Created by Octave 5.1.0, Wed Apr 22 11:51:12 2020 GMT <unknown@Thomas-PC>
# name: contactConvergence
# type: matrix
# rows: 15
# columns: 1
 2.1917411627534147
 2.1232492514173704
 0.30851823795092154
 0.15425911897546077
 0.11569433923159557
 0.73911093018779817
 0.79958196254172953
 8.1189282483608825e-07
 3.5017895032248848e-18
 4.0892539115668949e-18
 3.1896652984112622e-18
 1.8846354613476965e-18
 4.434615515779857e-18
 3.1755815777033716e-18
 1.8702345041634665e-18


