# Created by Octave 5.1.0, Wed Apr 22 11:06:31 2020 GMT <unknown@Thomas-PC>
# name: contactConvergence
# type: matrix
# rows: 8
# columns: 1
 1.1996584355245155
 1.049701131083951
 0.9184884896984572
 0.4592442448492286
 6.937556488938629e-18
 3.148832754274338e-18
 6.7086427365974537e-18
 1.4010850114863857e-17


