# Created by Octave 5.1.0, Wed Feb 26 01:35:08 2020 GMT <unknown@Thomas-PC>
# name: contactConvergence
# type: matrix
# rows: 26
# columns: 1
 1.2983052592866879
 1.257733219933979
 1.2184290568110421
 0.79394969283774297
 0.69470598123302518
 0.52102948592476883
 0.00015474783346929055
 0.045979326000779468
 0.034484494500584599
 0.025863370875438451
 0.025202357428657549
 0.022052062750075357
 0.016539047062556517
 0.0082695235312782583
 0.0041347617656391292
 0.0036179165449342385
 0.0031656769768174586
 0.0029678221657663674
 0.0028750777230861684
 0.0028301546336629469
 0.0027866136270499301
 0.0024382869236686897
 0.0024007748193866051
 0.002100677966963279
 0.0019693855940280747
 0.0019078422942146972


