# Created by Octave 5.1.0, Wed Apr 22 11:04:38 2020 GMT <unknown@Thomas-PC>
# name: contactConvergence
# type: matrix
# rows: 6
# columns: 1
 0
 0.04830614871768299
 6.9388939039072284e-18
 2.4286128663675299e-17
 6.9388939039072284e-18
 2.7755575615628914e-17


