# Created by Octave 5.1.0, Wed Feb 26 01:35:08 2020 GMT <unknown@Thomas-PC>
# name: equilibriumConvergence
# type: matrix
# rows: 26
# columns: 1
 0.88932292807693714
 0.85245280935906498
 0.88317677049999344
 0.64311140221358454
 0.61974254040744625
 0.60688494788139036
 0.30033758828066293
 0.29566298223668203
 0.25204196252161776
 0.24487407927036492
 0.23955373067767308
 0.22754808826775358
 0.19527730632282395
 0.14869199739760822
 0.11311350679439645
 0.10805856187040301
 0.10350097547459974
 0.10130162332473078
 0.10054992046443349
 0.099847581694315388
 0.10755763813932023
 0.102314232990405
 0.11321215973963347
 0.11014080865619701
 0.10987967720425658
 0.10853851130196539


