# Created by Octave 5.1.0, Wed Apr 22 11:18:21 2020 GMT <unknown@Thomas-PC>
# name: equilibriumConvergence
# type: matrix
# rows: 8
# columns: 1
 1.6598215271412726
 1.0375236148610048
 0.48196559866807764
 0.057250531994830732
 0.0030012716540620361
 3.1081636436404062e-05
 7.8861055843026638e-09
 1.461319953752638e-14


