# Created by Octave 5.1.0, Wed Apr 22 11:04:38 2020 GMT <unknown@Thomas-PC>
# name: equilibriumConvergence
# type: matrix
# rows: 6
# columns: 1
 7.6376261582597467
 1.7491887187132373
 1.3558614964314444
 0.01991037517165679
 2.1516042218834482e-05
 6.2439061455321297e-11


