# Created by Octave 5.1.0, Wed Apr 22 11:04:58 2020 GMT <unknown@Thomas-PC>
# name: equilibriumConvergence
# type: matrix
# rows: 7
# columns: 1
 4.2046115039706029
 3.4874045644429796
 0.67116842499592189
 0.035485271216144698
 0.00012435363308468012
 1.5513455201336065e-09
 5.4533542090416162e-15


