# Created by Octave 5.1.0, Wed Apr 22 11:06:31 2020 GMT <unknown@Thomas-PC>
# name: equilibriumConvergence
# type: matrix
# rows: 8
# columns: 1
 2.5978061270765487
 2.476758344505305
 2.5146413428052532
 1.5380783294585778
 0.20313956353449272
 0.0060883509788797587
 7.5151822213386821e-06
 1.3132790366968519e-11


