# Created by Octave 5.1.0, Wed Apr 22 11:51:12 2020 GMT <unknown@Thomas-PC>
# name: equilibriumConvergence
# type: matrix
# rows: 15
# columns: 1
 1.3465296295392919
 1.2647104790198762
 1.4604869069245094
 0.90088434369986881
 0.81797858000358803
 0.50093638175323985
 0.33936575223686472
 0.84407172228236671
 0.20650481387903696
 0.053773841621661857
 0.0099318765425106675
 0.0030438567918811589
 0.00015770948669631719
 2.1240186315359275e-07
 9.2461229059686056e-13


