# Created by Octave 5.1.0, Wed Apr 22 11:04:58 2020 GMT <unknown@Thomas-PC>
# name: lambda_sol
# type: matrix
# rows: 5
# columns: 1
 0
 0
 -6.4643601714644205
 0
 0


