# Created by Octave 5.1.0, Wed Apr 22 11:06:31 2020 GMT <unknown@Thomas-PC>
# name: lambda_sol
# type: matrix
# rows: 9
# columns: 1
 0
 0
 0
 -3.2498741919060672
 -2.6651137538011742
 -3.2498741919060663
 0
 0
 0


