# Created by Octave 5.1.0, Wed Apr 22 11:51:12 2020 GMT <unknown@Thomas-PC>
# name: lambda_sol
# type: matrix
# rows: 33
# columns: 1
 0
 0
 0
 0
 0
 0
 0
 0
 0
 0
 0
 -3.3700578474153047
 0
 -2.1960660553481941
 -0.21434368332275042
 -2.7312736763151078
 -7.2256817446581305
 -2.7312736763151082
 -0.21434368332275602
 -2.1960660553481861
 0
 -3.3700578474153069
 0
 0
 0
 0
 0
 0
 0
 0
 0
 0
 0


