# Created by Octave 5.1.0, Wed Feb 26 01:35:08 2020 GMT <unknown@Thomas-PC>
# name: lambda_sol
# type: matrix
# rows: 65
# columns: 1
 0
 0
 0
 0
 0
 0
 0
 0
 0
 0
 0
 0
 0
 0
 0
 0
 0
 0
 0
 0
 0
 -1.2915937900543213
 -1.8609442710876465
 -1.7631521295380708
 0.0013155152890241056
 0.00026103710504380237
 -1.2629138765478274
 -2.1092071533203125
 0.00014563744017334585
 -3.7448998158870372
 -1.9305105209350586
 -2.9490859508514404
 -11.968141794204712
 -2.9490838050842285
 -1.9305057525634766
 -3.7448985728406115
 0.00014563743976958924
 -2.1092147827148438
 -1.2629139356195083
 0.00026103710503990038
 0.0013155152890324297
 -1.7631525386543672
 -1.8609452247619629
 -1.2915935516357422
 0
 0
 0
 0
 0
 0
 0
 0
 0
 0
 0
 0
 0
 0
 0
 0
 0
 0
 0
 0
 0


