# Created by Octave 5.1.0, Wed Apr 22 11:04:38 2020 GMT <unknown@Thomas-PC>
# name: u_sol
# type: matrix
# rows: 18
# columns: 1
 0.015142475655496018
 -0.015142475655496005
 0
 0
 8.9241412557779798e-18
 -0.039305775428388832
 0
 0.039305775428388832
 3.1187484206131897e-19
 -0.24066723052913727
 -0.24066723052913724
 0
 0
 -0.099999999999999978
 -0.15631572358470788
 0
 -0.15631572358470788
 -0.14825223189331976


