# Created by Octave 5.1.0, Wed Apr 22 11:04:58 2020 GMT <unknown@Thomas-PC>
# name: u_sol
# type: matrix
# rows: 50
# columns: 1
 0.034842451101607705
 -0.034842451101607649
 0
 0
 2.9784605005359684e-17
 -0.047835291400464178
 0
 0.047835291400464199
 7.5293199179715113e-18
 0.024279895940754272
 1.568490682188864e-17
 0.014884549055061641
 -0.02427989594075421
 -0.014884549055061608
 -0.034695293196918033
 -0.021484866394090883
 -0.047868476864815046
 -0.016092990753339937
 0
 1.3488844596568537e-18
 0
 0.016092990753339937
 0.04786847686481506
 0.021484866394090897
 0.034695293196918067
 -0.26104782316271807
 -0.26104782316271802
 0
 0
 -0.10000000000000001
 -0.17278386492464046
 0
 -0.17278386492464051
 -0.1647642135844187
 -0.24223652524419836
 -0.19701279379421899
 -0.22364324343086014
 -0.24223652524419836
 -0.22364324343086012
 -0.23048689805525682
 -0.17178179425713891
 -0.10105514823269125
 -0.092959247073361589
 0
 -0.090224108922140764
 0
 -0.092959247073361589
 -0.10105514823269128
 -0.17178179425713891
 -0.23048689805525685


