# Created by Octave 5.1.0, Wed Apr 22 11:06:31 2020 GMT <unknown@Thomas-PC>
# name: u_sol
# type: matrix
# rows: 162
# columns: 1
 0.020371683917040577
 -0.020371683917040608
 0
 0
 -5.8396332861094412e-18
 -0.050256741765101962
 0
 0.050256741765101948
 -4.8974328907958016e-18
 0.013623683868232065
 -1.0896532802066295e-17
 0.013692349465831293
 -0.013623683868232097
 -0.013692349465831314
 -0.031942764171939045
 -0.02281834207718823
 -0.053469814501890908
 -0.019001347742189284
 0
 -2.5992958743530324e-18
 0
 0.019001347742189277
 0.053469814501890908
 0.022818342077188216
 0.031942764171939031
 0.017457877334763009
 0.010362323380920378
 0.017087245942561398
 -1.4636496625926224e-17
 0.0036468688220274883
 0.0086838624182221467
 0.0083867412446302688
 0.0057462724940850864
 -7.4183864366643395e-18
 -0.0086838624182221779
 -0.0036468688220275178
 -0.017087245942561426
 -0.010362323380920406
 -0.017457877334763044
 -0.0057462724940851089
 -0.0083867412446302862
 -0.02308073480871228
 -0.022648306848929767
 -0.036799365137576631
 -0.030143387867255324
 -0.042202749283190788
 -0.018620784124883875
 -0.010457641397821803
 -0.055668416689928793
 -0.038820834221512002
 -0.019134519303507038
 -0.033778105174135889
 -0.039491396136188218
 -0.023266939195944882
 -0.010917204536540237
 0
 -0.010594362462986322
 -1.0833573617789595e-18
 -0.0048251848494032567
 0
 -0.0087403430420326736
 -3.1421335690300611e-18
 0
 0.0048251848494032541
 0.019134519303507038
 0.010594362462986321
 0
 0.0087403430420326684
 0.010917204536540229
 0.039491396136188218
 0.033778105174135882
 0.036799365137576617
 0.038820834221511995
 0.055668416689928786
 0.023266939195944875
 0.010457641397821793
 0.042202749283190767
 0.03014338786725531
 0.022648306848929746
 0.023080734808712255
 0.018620784124883858
 -0.25475356154291717
 -0.25475356154291723
 0
 0
 -0.099999999999999922
 -0.1745363071024815
 0
 -0.1745363071024815
 -0.17460891024920586
 -0.24741979886584789
 -0.22256394606687277
 -0.22882891274943512
 -0.24741979886584789
 -0.22882891274943512
 -0.2279638015977081
 -0.17610668512023731
 -0.1033296944361124
 -0.095661800794076698
 0
 -0.094756177761380164
 0
 -0.095661800794076698
 -0.1033296944361124
 -0.17610668512023731
 -0.22796380159770807
 -0.25417906620354774
 -0.24268053985873517
 -0.24749424674210507
 -0.23253787437644136
 -0.22969701479101493
 -0.21631613758177784
 -0.20278833023446008
 -0.22231638690193972
 -0.20289212366382089
 -0.21631613758177787
 -0.22969701479101493
 -0.24749424674210507
 -0.24268053985873517
 -0.25417906620354774
 -0.22231638690193972
 -0.20278833023446008
 -0.24561336352764193
 -0.23175418456184829
 -0.1778185312607958
 -0.20822681910327698
 -0.20401089023937258
 -0.20639982986333433
 -0.17382234119972245
 -0.14217291454753631
 -0.14104058534358857
 -0.049215550631851485
 -0.097907862801464643
 -0.057024257231277867
 -0.13872075062228692
 -0.13724625770616172
 0
 -0.048885628722927475
 -0.048804602547168195
 -0.048907634472089366
 0
 -0.095020744233624332
 -0.13706423625898392
 0
 -0.048907634472089366
 -0.049215550631851485
 -0.048885628722927475
 0
 -0.095020744233624332
 -0.13724625770616172
 -0.057024257231277867
 -0.097907862801464657
 -0.1778185312607958
 -0.14104058534358857
 -0.14217291454753631
 -0.13872075062228689
 -0.17382234119972245
 -0.20401089023937258
 -0.20822681910327695
 -0.23175418456184829
 -0.24561336352764193
 -0.20639982986333433


