# Created by Octave 5.1.0, Wed Apr 22 11:18:21 2020 GMT <unknown@Thomas-PC>
# name: u_sol
# type: matrix
# rows: 578
# columns: 1
 0.018036653021201075
 -0.0180366530212011
 0
 0
 5.0965654308472622e-19
 -0.052976401601164957
 0
 0.052976401601164951
 -4.3796882323345885e-18
 0.015972900221053913
 -9.1350312661993944e-18
 0.0150157350850129
 -0.015972900221053937
 -0.015015735085012919
 -0.03352700308486499
 -0.024031354486044432
 -0.056033731961994085
 -0.020018649136832784
 0
 -1.1475230187546141e-19
 0
 0.020018649136832784
 0.056033731961994078
 0.024031354486044421
 0.033527003084864976
 0.016786138099484808
 0.011175929593286206
 0.018193526876733451
 -1.4216846071141327e-17
 0.0039647947208319954
 0.012926499587703637
 0.0093835028711056843
 0.0066753588509820133
 -6.6409021418884016e-18
 -0.012926499587703642
 -0.0039647947208320241
 -0.018193526876733476
 -0.01117592959328623
 -0.016786138099484833
 -0.0066753588509820341
 -0.0093835028711056999
 -0.023782885513831606
 -0.02439731175023192
 -0.038619023840938099
 -0.03216185299102374
 -0.044244303701619594
 -0.020168146802736285
 -0.011222937238199938
 -0.05823383044420273
 -0.040654708759321152
 -0.020809776998509933
 -0.035585449503453083
 -0.04209038394456513
 -0.024363693120639247
 -0.011267008838349317
 0
 -0.011137863447239328
 2.7017358123497466e-19
 -0.0049772116538153834
 0
 -0.0090426842517120146
 -1.5636156849050966e-18
 0
 0.0049772116538153843
 0.02080977699850993
 0.011137863447239328
 0
 0.0090426842517120128
 0.011267008838349314
 0.042090383944565123
 0.035585449503453076
 0.038619023840938092
 0.040654708759321145
 0.058233830444202724
 0.024363693120639244
 0.011222937238199929
 0.044244303701619588
 0.032161852991023726
 0.024397311750231899
 0.023782885513831585
 0.020168146802736271
 0.017327241003817138
 0.016787505629405491
 0.018557682986361838
 0.011488515615482944
 0.014529144602335682
 0.016391309675052583
 0.016896310694934965
 0.014937944737244852
 0.012693653585656677
 -2.4407592212002477e-17
 -0.0011332704729720025
 0.0070149349383860993
 0.0027819420730790935
 0.0021779862200550105
 -1.1107167911245793e-17
 0.015449762035074893
 0.0020543039486090394
 0.007299383749428367
 0.0051000027757876678
 0.0045833307087382634
 -5.4094576736751288e-18
 0.01055145024671073
 0.0080794864786640774
 0.012610127526341702
 -8.039076907211992e-18
 0.003967517999334748
 0.0033344713583400901
 0.0071837494785155793
 0.0052903535617050959
 0.0086182774937267267
 -0.0070149349383860724
 0.0011332704729719585
 -0.007299383749428393
 -0.0020543039486090701
 -0.015449762035074911
 -0.0021779862200550408
 -0.0027819420730791173
 -0.018557682986361863
 -0.016787505629405515
 -0.017327241003817166
 -0.012693653585656698
 -0.014937944737244874
 -0.016896310694934986
 -0.016391309675052607
 -0.014529144602335706
 -0.01148851561548297
 -0.0045833307087382773
 -0.0051000027757876791
 -0.0033344713583401101
 -0.0039675179993347645
 -0.012610127526341719
 -0.0080794864786640948
 -0.010551450246710751
 -0.0071837494785156062
 -0.008618277493726751
 -0.005290353561705121
 -0.020198603116857724
 -0.021019795534985109
 -0.028953100889883381
 -0.024617346310471234
 -0.028347785433121369
 -0.020881653401837976
 -0.019724286950804082
 -0.046021868430662846
 -0.042439349875184176
 -0.049081892290673022
 -0.02893937716592249
 -0.035693095112842986
 -0.031178761848045092
 -0.038944469503766614
 -0.038219138448323947
 -0.033613207164731443
 -0.010471195919857113
 -0.0054989744536169142
 -0.017621599061589291
 -0.014559468745169085
 -0.017366561699870428
 -0.01620579983521225
 -0.022384625624477225
 -0.028287417677104167
 -0.026096319779584994
 -0.022919723226700668
 -0.056414320920655063
 -0.048564597634336445
 -0.048779496571008281
 -0.049606131096128298
 -0.058246656623868666
 -0.040341036950673585
 -0.032272882655688361
 -0.014929779012226594
 -0.029468902008177186
 -0.02730096015313993
 -0.027045144335429011
 -0.029488398643491186
 -0.021894280489733187
 -0.050978547820648354
 -0.039445519383315433
 -0.045605502234580077
 -0.011533570828459048
 -0.0057046750803254652
 -0.024716878111591352
 -0.017816143622718855
 -0.016232133877281032
 -0.017459664235077686
 -0.022817231773946671
 -0.039193654970335848
 -0.030437518558029765
 -0.032115070987534439
 0
 -0.010494038475320188
 -0.0056475586465145906
 -0.0077150688372685907
 0
 -0.015258379770236554
 -0.016047518815115465
 1.2703417982508683e-19
 -0.0012289719810395514
 0
 -0.0035018116941302989
 -0.0024199821292776556
 4.4696459954038388e-19
 0
 -0.0025297502142213645
 -0.0039707334996197342
 -0.0055438659320601064
 -2.7735163734161682e-18
 -0.014142884836919585
 -0.010423845173431083
 -3.1825670835479579e-19
 -0.0051043221618777201
 -0.0044126714444119195
 -0.007816877572471714
 -0.0071925154288954296
 -0.011282454151357179
 0
 0.001228971981039551
 0.0039707334996197351
 0.0025297502142213641
 0
 0.0024199821292776565
 0.0035018116941303002
 0.014929779012226592
 0.010494038475320187
 0
 0.016047518815115465
 0.015258379770236554
 0.021894280489733183
 0
 0.0077150688372685898
 0.0056475586465145897
 0.0055438659320601038
 0.00570467508032546
 0.0044126714444119195
 0.0051043221618777192
 0.016232133877281032
 0.010423845173431081
 0.014142884836919585
 0.0078168775724717122
 0.011282454151357179
 0.0071925154288954287
 0.02730096015313993
 0.029468902008177186
 0.04560550223458007
 0.039445519383315426
 0.050978547820648347
 0.029488398643491183
 0.027045144335429008
 0.046021868430662839
 0.048564597634336439
 0.056414320920655056
 0.032272882655688354
 0.040341036950673578
 0.031178761848045085
 0.058246656623868659
 0.049606131096128291
 0.048779496571008274
 0.011533570828459043
 0.0054989744536169064
 0.022817231773946671
 0.017459664235077683
 0.017366561699870418
 0.017816143622718852
 0.024716878111591345
 0.039193654970335841
 0.032115070987534432
 0.030437518558029762
 0.049081892290673008
 0.042439349875184162
 0.033613207164731429
 0.038219138448323933
 0.038944469503766593
 0.035693095112842979
 0.028939377165922476
 0.021019795534985088
 0.0201986031168577
 0.019724286950804065
 0.020881653401837955
 0.028347785433121348
 0.024617346310471213
 0.028953100889883364
 0.010471195919857101
 0.022384625624477211
 0.01620579983521224
 0.014559468745169071
 0.017621599061589274
 0.028287417677104149
 0.022919723226700651
 0.02609631977958498
 -0.25395533075141513
 -0.25395533075141513
 0
 0
 -0.099999999999999964
 -0.17678454156823464
 0
 -0.17678454156823462
 -0.17529167671826512
 -0.25286563925684113
 -0.22449432300466052
 -0.23205993314865828
 -0.25286563925684113
 -0.23205993314865828
 -0.22904221640953323
 -0.1780684735104579
 -0.10507822603430378
 -0.096655501983442069
 0
 -0.095569034920010926
 0
 -0.096655501983442069
 -0.10507822603430376
 -0.1780684735104579
 -0.22904221640953321
 -0.25685802378525596
 -0.24684980460480452
 -0.25024980116050899
 -0.23172215230766632
 -0.23542883970481562
 -0.21207350041229636
 -0.20574106552390051
 -0.22665975416455633
 -0.20448652808528683
 -0.21207350041229633
 -0.23542883970481562
 -0.25024980116050899
 -0.24684980460480452
 -0.25685802378525596
 -0.22665975416455633
 -0.20574106552390053
 -0.24600022972202421
 -0.23423759060000959
 -0.17989438178284703
 -0.21053526640736198
 -0.20569955605600035
 -0.20897302169165774
 -0.17575139479142779
 -0.14380892896188135
 -0.14261369547939728
 -0.050071270192125615
 -0.098986186855327923
 -0.059333229644013587
 -0.14018281953783027
 -0.13855092385964693
 0
 -0.049334775011407372
 -0.049255202995007595
 -0.049305961935002807
 0
 -0.095868397884498385
 -0.13800450128476544
 0
 -0.049305961935002807
 -0.050071270192125615
 -0.049334775011407372
 0
 -0.095868397884498385
 -0.13855092385964693
 -0.05933322964401358
 -0.098986186855327923
 -0.179894381782847
 -0.14261369547939726
 -0.14380892896188135
 -0.14018281953783027
 -0.17575139479142779
 -0.20569955605600035
 -0.21053526640736198
 -0.23423759060000957
 -0.24600022972202418
 -0.20897302169165771
