# Created by Octave 5.1.0, Wed Apr 22 11:51:12 2020 GMT <unknown@Thomas-PC>
# name: u_sol
# type: matrix
# rows: 2178
# columns: 1
 0.020537695953665884
 -0.020537695953665905
 0
 0
 -6.2354632807689467e-18
 -0.055701451723320874
 0
 0.055701451723320868
 -3.5779992738945318e-18
 0.02020597802105354
 -7.63835963131174e-18
 0.01824042831622277
 -0.020205978021053565
 -0.018240428316222784
 -0.037349238720874728
 -0.025441884565934301
 -0.057943987014187008
 -0.020712285588417832
 0
 -6.8164699612820151e-20
 0
 0.020712285588417829
 0.057943987014187001
 0.025441884565934294
 0.037349238720874707
 0.020021058829488705
 0.01600518969327145
 0.022608802380538941
 -1.0050402748748933e-17
 0.0088090941873646272
 0.013478750632740464
 0.010464287556872622
 0.0084322325361487951
 -6.0683279981248951e-18
 -0.013478750632740495
 -0.0088090941873646463
 -0.022608802380538962
 -0.016005189693271471
 -0.020021058829488726
 -0.0084322325361488107
 -0.010464287556872634
 -0.027932682025464783
 -0.028166104845166892
 -0.040639379316458175
 -0.03503506577038519
 -0.047365068029084099
 -0.022351179840748688
 -0.011921904790334932
 -0.06032791163019309
 -0.042196203670622157
 -0.021751495186012909
 -0.036839703439377883
 -0.043850064432922976
 -0.025349829051910109
 -0.011690061493114653
 0
 -0.011495843493733166
 2.7151247773377697e-19
 -0.0051080216787167494
 0
 -0.0093210726036834536
 -2.8491245583361377e-18
 0
 0.0051080216787167485
 0.021751495186012909
 0.011495843493733166
 0
 0.0093210726036834519
 0.011690061493114648
 0.043850064432922976
 0.036839703439377876
 0.040639379316458168
 0.04219620367062215
 0.060327911630193083
 0.025349829051910105
 0.011921904790334923
 0.047365068029084093
 0.035035065770385183
 0.028166104845166878
 0.027932682025464766
 0.022351179840748678
 0.020143943678403293
 0.020989361777363099
 0.022480120033307235
 0.016905208412853839
 0.019194623206300252
 0.020082098550996463
 0.021010264163060101
 0.019523495581751645
 0.016653057318130451
 -2.8900563990477291e-19
 0.012891179299957624
 0.0086782263719652197
 0.003813746902048313
 0.0048063978225128083
 -8.687703382603647e-18
 0.020137545312939386
 0.012904004958474274
 0.014241083592523782
 0.0055395117925607891
 0.0050851041147144784
 -4.7162937121948269e-18
 0.013216884680541259
 0.0094145895703827143
 0.014691925202045571
 -6.7389034283305472e-18
 0.0045334221297782364
 0.0040114095883060936
 0.012308660790183295
 0.0079348513713682883
 0.012217681354512412
 -0.0086782263719652284
 -0.012891179299957638
 -0.014241083592523804
 -0.012904004958474295
 -0.02013754531293941
 -0.0048063978225128283
 -0.0038137469020483308
 -0.022480120033307256
 -0.02098936177736312
 -0.020143943678403317
 -0.016653057318130469
 -0.019523495581751663
 -0.021010264163060118
 -0.020082098550996488
 -0.019194623206300273
 -0.01690520841285386
 -0.0050851041147144914
 -0.0055395117925607995
 -0.0040114095883061092
 -0.0045334221297782503
 -0.014691925202045585
 -0.0094145895703827281
 -0.013216884680541274
 -0.012308660790183314
 -0.012217681354512429
 -0.0079348513713683056
 -0.023914142521301328
 -0.025322637498206912
 -0.032806550876423195
 -0.028809192007898343
 -0.032448748331104504
 -0.025065745285938301
 -0.023291164641896355
 -0.048351346920638527
 -0.045126675573446053
 -0.051910588986776168
 -0.031092749075616113
 -0.038149948177195588
 -0.032904220792415763
 -0.042413011359044274
 -0.041270335200718843
 -0.037060963981755193
 -0.011351339208730046
 -0.005835630662354185
 -0.02027026898599861
 -0.016233027224586458
 -0.01843243241100186
 -0.017553697004208189
 -0.024165932461187135
 -0.031599846490886221
 -0.028679862372188978
 -0.025969635144579759
 -0.058730112444459449
 -0.050577608638738364
 -0.050461809722525626
 -0.051414153682980364
 -0.060219335529621998
 -0.04209033781722326
 -0.033746561460325647
 -0.016024889281767662
 -0.030800733720939923
 -0.02888519894920594
 -0.028000599591456826
 -0.030606209144751002
 -0.022697380570171843
 -0.05284091458420602
 -0.040962804593363294
 -0.047209347139376585
 -0.012063496994990389
 -0.0059203678179396398
 -0.025893406162939316
 -0.018674254383517226
 -0.0168100660857489
 -0.018161010651232972
 -0.023649058327892193
 -0.040578703338026094
 -0.031537142274531797
 -0.033381558522259221
 0
 -0.010965370075734525
 -0.0058128171782114556
 -0.0079832276503998614
 0
 -0.015830088124351757
 -0.016588775948509941
 -9.8139847436131975e-20
 -0.0012585651735664536
 0
 -0.0035969998267237815
 -0.0024817124642518692
 5.3294401131554058e-19
 0
 -0.0025900468952214884
 -0.0040729693714479489
 -0.0057228077515399552
 -3.0397397702201793e-18
 -0.014609152320674572
 -0.010771410275095851
 -1.1492871379852584e-18
 -0.005258045326862513
 -0.0045392154850841639
 -0.0080401089007961519
 -0.0073983502032315537
 -0.011631331603692651
 0
 0.0012585651735664534
 0.004072969371447948
 0.0025900468952214863
 0
 0.0024817124642518697
 0.0035969998267237815
 0.016024889281767662
 0.010965370075734525
 0
 0.016588775948509937
 0.015830088124351754
 0.022697380570171843
 0
 0.0079832276503998614
 0.0058128171782114565
 0.0057228077515399508
 0.0059203678179396329
 0.004539215485084163
 0.0052580453268625104
 0.016810066085748896
 0.010771410275095849
 0.01460915232067457
 0.0080401089007961519
 0.01163133160369265
 0.0073983502032315528
 0.02888519894920594
 0.030800733720939923
 0.047209347139376585
 0.040962804593363288
 0.05284091458420602
 0.030606209144750998
 0.028000599591456822
 0.04835134692063852
 0.050577608638738357
 0.058730112444459442
 0.03374656146032564
 0.04209033781722326
 0.032904220792415756
 0.060219335529621998
 0.051414153682980357
 0.050461809722525626
 0.012063496994990383
 0.0058356306623541772
 0.02364905832789219
 0.018161010651232969
 0.018432432411001853
 0.018674254383517223
 0.025893406162939309
 0.040578703338026094
 0.033381558522259214
 0.03153714227453179
 0.051910588986776154
 0.045126675573446039
 0.037060963981755173
 0.041270335200718829
 0.04241301135904426
 0.038149948177195574
 0.031092749075616103
 0.025322637498206894
 0.023914142521301307
 0.023291164641896338
 0.025065745285938284
 0.032448748331104491
 0.028809192007898325
 0.032806550876423174
 0.011351339208730035
 0.024165932461187128
 0.017553697004208182
 0.016233027224586447
 0.020270268985998596
 0.031599846490886208
 0.025969635144579749
 0.028679862372188968
 0.020318139714171141
 0.021279883862172777
 0.021677691027384548
 0.020463830199602649
 0.020878159357043371
 0.020049957662932931
 0.022789111099851607
 0.021760959223490139
 0.021692088812659854
 0.018176127468238958
 0.018919093892776996
 0.020143881053786727
 0.017767870203924511
 0.01812128505884187
 0.016219528828959315
 0.020037097539222615
 0.019516173051005531
 0.020018750201232106
 0.019739485359104449
 0.018859988123899538
 0.017363123822448027
 0.02112154691933784
 0.020142642696580573
 0.021991597455900753
 0.01617605058130334
 0.018197211794913942
 0.017812544960483415
 0.020142159844124916
 0.019197186836899291
 0.020501404606724602
 -1.820557849693461e-17
 0.0045126906416107235
 0.0036862017853462534
 0.0028048061615568594
 -0.0038491926644753324
 -6.7011520099529515e-18
 0.012518730000805573
 0.0054184395776984123
 0.016843105361508962
 0.0018616298920139144
 0.0018449264997630866
 -8.2504781713130841e-18
 0.0068003992824453366
 0.0040583410955707987
 0.0060585496042390007
 -9.1917571612072497e-18
 0.0019883402142459065
 0.0024110608439360504
 0.020229308830928973
 0.016031306553503068
 0.0172230715644099
 0.01483532274536504
 0.014898523174158199
 0.019412033809508098
 0.011613968714106653
 0.013296220717494044
 0.010315223520213756
 0.0066197634707129338
 0.0084537221018511789
 0.012004331339550679
 0.002827510473624938
 0.0027450631018384364
 -4.0334990752222698e-18
 0.0077282033096921594
 0.0053294471954925694
 0.0080895460575729963
 -5.4276382533473746e-18
 0.0026413420747000843
 0.0025182628779445797
 0.015709855935690773
 0.013924350107744345
 0.016552057841568844
 0.0088953428480612901
