# Created by Octave 5.1.0, Wed Apr 22 03:12:31 2020 GMT <unknown@Thomas-PC>
# name: contactConvergence
# type: matrix
# rows: 3
# columns: 1
 2.1566310703617519
 2.4529708774613685
 2.8189256484623115e-18


