# Created by Octave 5.1.0, Wed Feb 19 21:47:46 2020 GMT <unknown@Thomas-PC>
# name: contactConvergence
# type: matrix
# rows: 2
# columns: 1
 0.49061793941563581
 1.61729936777139e-18


