# Created by Octave 5.1.0, Wed Apr 22 03:12:05 2020 GMT <unknown@Thomas-PC>
# name: contactConvergence
# type: matrix
# rows: 3
# columns: 1
 2.4836372068017432
 1.3973438727949647
 3.4694469519536142e-18


