# Created by Octave 5.1.0, Wed Apr 22 03:13:53 2020 GMT <unknown@Thomas-PC>
# name: contactConvergence
# type: matrix
# rows: 2
# columns: 1
 3.5406436759399775
 4.8776178894124854e-18


