# Created by Octave 5.1.0, Wed Apr 22 03:26:34 2020 GMT <unknown@Thomas-PC>
# name: contactConvergence
# type: matrix
# rows: 2
# columns: 1
 1.0778073014390559
 3.4621470135636586e-18


