# Created by Octave 5.1.0, Wed Feb 19 21:03:07 2020 GMT <unknown@Thomas-PC>
# name: contactConvergence
# type: matrix
# rows: 3
# columns: 1
 0.32176252958350804
 0.55453625527258077
 3.0211796567985231e-18


