# Created by Octave 5.1.0, Wed Apr 22 03:12:31 2020 GMT <unknown@Thomas-PC>
# name: equilibriumConvergence
# type: matrix
# rows: 3
# columns: 1
 2.8378020500892269
 5.3514856239376328e-15
 4.5029629818789037e-15


