# Created by Octave 5.1.0, Wed Apr 22 03:13:53 2020 GMT <unknown@Thomas-PC>
# name: equilibriumConvergence
# type: matrix
# rows: 2
# columns: 1
 2.4196206516866208
 1.0035670675136768e-14


