# Created by Octave 5.1.0, Wed Apr 22 03:26:34 2020 GMT <unknown@Thomas-PC>
# name: equilibriumConvergence
# type: matrix
# rows: 2
# columns: 1
 1.7705359005493169
 1.9462751369558441e-14


