# Created by Octave 5.1.0, Wed Feb 19 21:47:46 2020 GMT <unknown@Thomas-PC>
# name: equilibriumConvergence
# type: matrix
# rows: 2
# columns: 1
 0.77218447780867627
 1.520405050733881e-11


