# Created by Octave 5.1.0, Wed Apr 22 03:12:05 2020 GMT <unknown@Thomas-PC>
# name: equilibriumConvergence
# type: matrix
# rows: 3
# columns: 1
 3.4697079172436105
 1.7348539586218048
 2.6705730655932642e-15


