# Created by Octave 5.1.0, Wed Feb 19 21:03:07 2020 GMT <unknown@Thomas-PC>
# name: equilibriumConvergence
# type: matrix
# rows: 3
# columns: 1
 1.1938686805149696
 5.5989877940421812e-13
 4.5031217870807221e-14


