# Created by Octave 5.1.0, Wed Apr 22 03:11:56 2020 GMT <unknown@Thomas-PC>
# name: lambda_sol
# type: matrix
# rows: 3
# columns: 1
 0
 -7.0222155808551046
 0


