# Created by Octave 5.1.0, Wed Apr 22 03:13:53 2020 GMT <unknown@Thomas-PC>
# name: lambda_sol
# type: matrix
# rows: 17
# columns: 1
 0
 0
 0
 0
 0
 0
 0
 -3.8807197570653713
 -27.908807433870798
 -3.880719757065374
 0
 0
 0
 0
 0
 0
 0


