# Created by Octave 5.1.0, Wed Apr 22 03:26:34 2020 GMT <unknown@Thomas-PC>
# name: lambda_sol
# type: matrix
# rows: 33
# columns: 1
 0
 0
 0
 0
 0
 0
 0
 0
 0
 0
 0
 0
 0
 -1.3395981531618788
 -5.0455350007404398
 -9.0427748334301548
 -37.766580832722852
 -9.042774833430137
 -5.0455350007404549
 -1.3395981531618635
 0
 0
 0
 0
 0
 0
 0
 0
 0
 0
 0
 0
 0


