# Created by Octave 5.1.0, Wed Apr 22 03:12:05 2020 GMT <unknown@Thomas-PC>
# name: u_sol
# type: matrix
# rows: 50
# columns: 1
 0.007489911322645388
 -0.0074899113226450896
 0
 0
 1.4358804942612136e-16
 -0.033554896842828114
 0
 0.033554896842828245
 5.4526970564570394e-17
 0.001589845460818036
 9.8869883987551916e-17
 -0.00051556996774044031
 -0.0015898454608177376
 0.0005155699677406398
 -0.011329706574229112
 -0.0146028289122628
 -0.044213271582196838
 -0.01674768829751775
 0
 2.3181969935294089e-17
 0
 0.016747688297517792
 0.044213271582196893
 0.014602828912262916
 0.011329706574229322
 -0.23916744319968702
 -0.23916744319968689
 0
 0
 -0.099999999999999978
 -0.17087431305729217
 0
 -0.17087431305729225
 -0.16158699234751234
 -0.21367018381930114
 -0.16230184241832354
 -0.20891521086423323
 -0.21367018381930108
 -0.2089152108642332
 -0.21827200210064468
 -0.17296043056524699
 -0.10872029469329098
 -0.10029063381141218
 0
 -0.094557154125240808
 0
 -0.10029063381141218
 -0.10872029469329104
 -0.17296043056524701
 -0.21827200210064479


