# Created by Octave 5.1.0, Wed Apr 22 03:12:31 2020 GMT <unknown@Thomas-PC>
# name: u_sol
# type: matrix
# rows: 162
# columns: 1
 0.015696441282275604
 -0.015696441282275382
 0
 0
 1.1256711766219138e-16
 -0.036067181574652656
 0
 0.036067181574652753
 4.1634091433849606e-17
 0.012191610186509081
 7.6066215520996973e-17
 0.00095251807425865767
 -0.012191610186508861
 -0.00095251807425850285
 -0.01413845001204783
 -0.014660127781854302
 -0.050538990294287225
 -0.020148465232719445
 0
 1.4140620193736075e-17
 0
 0.020148465232719476
 0.050538990294287267
 0.014660127781854389
 0.014138450012047986
 0.014283758649645938
 0.0007793778320042315
 0.0057375501851871982
 9.4016064178434453e-17
 -0.0035822113827923257
 0.0061084519422464068
 0.0010364538679333158
 -0.0027712289337559468
 5.9221595065164213e-17
 -0.0061084519422461864
 0.0035822113827925139
 -0.0057375501851870056
 -0.00077937783200404155
 -0.01428375864964572
 0.0027712289337561004
 -0.0010364538679331968
 -0.010224277576140813
 -0.0070436085360536665
 -0.025287558582849624
 -0.014801016567523959
 -0.024156206137219714
 -0.0067172040364343018
 -0.0058517782397542357
 -0.046198410254568306
 -0.033016598269525112
 -0.023671643938652891
 -0.034547438775694161
 -0.042218993509573435
 -0.019941236396170823
 -0.0091837583634724225
 0
 -0.013276548765080606
 4.8300982585998842e-18
 -0.005958486195465941
 0
 -0.0091985477093484598
 2.7089546727172447e-17
 0
 0.0059584861954659523
 0.023671643938652905
 0.013276548765080616
 0
 0.0091985477093484893
 0.0091837583634724763
 0.042218993509573456
 0.034547438775694196
 0.025287558582849715
 0.033016598269525174
 0.046198410254568369
 0.019941236396170878
 0.0058517782397543225
 0.024156206137219839
 0.01480101656752408
 0.0070436085360538227
 0.010224277576141003
 0.0067172040364344215
 -0.25713505664996067
 -0.25713505664996061
 0
 0
 -0.099999999999999936
 -0.1822481404438879
 0
 -0.18224814044388798
 -0.17555187721147064
 -0.23265321221316101
 -0.1834610647433372
 -0.22278099877559399
 -0.23265321221316096
 -0.22278099877559393
 -0.23285660249252393
 -0.18401255931791699
 -0.11438407128611662
 -0.106982457982452
 0
 -0.10308372566767195
 0
 -0.10698245798245203
 -0.11438407128611669
 -0.18401255931791702
 -0.23285660249252405
 -0.24952830726101066
 -0.23034569412366496
 -0.24487708545507261
 -0.15677756727050238
 -0.2016847938055103
 -0.19590512257844289
 -0.19675106677979753
 -0.20394670794394537
 -0.18798170505471606
 -0.19590512257844286
 -0.20168479380551027
 -0.24487708545507256
 -0.23034569412366493
 -0.24952830726101058
 -0.20394670794394534
 -0.19675106677979751
 -0.24922517641023673
 -0.23306089020201615
 -0.18755270296889057
 -0.21403740933949197
 -0.21025235283465224
 -0.20793042432047967
 -0.17759462462201617
 -0.15187655109676804
 -0.15361834988099154
 -0.057151214132824903
 -0.11053756731845005
 -0.067230197091001781
 -0.15039014081360408
 -0.14645144915726099
 0
 -0.055637292548186099
 -0.054163713823751465
 -0.054926102910642746
 0
 -0.10462962114872781
 -0.14439924636247672
 0
 -0.05492610291064276
 -0.057151214132824923
 -0.055637292548186112
 0
 -0.10462962114872783
 -0.14645144915726099
 -0.067230197091001809
 -0.11053756731845009
 -0.18755270296889062
 -0.1536183498809916
 -0.15187655109676812
 -0.15039014081360413
 -0.1775946246220162
 -0.21025235283465232
 -0.21403740933949206
 -0.23306089020201623
 -0.24922517641023684
 -0.2079304243204797


