# Created by Octave 5.1.0, Wed Apr 22 03:13:53 2020 GMT <unknown@Thomas-PC>
# name: u_sol
# type: matrix
# rows: 578
# columns: 1
 0.013446567933238226
 -0.013446567933238255
 0
 0
 -3.5652135563987434e-18
 -0.037189599227655912
 0
 0.037189599227655912
 -2.8991565815747176e-18
 0.013623787816564046
 -1.6105891458957573e-18
 0.00027451460159318988
 -0.01362378781656407
 -0.00027451460159319877
 -0.014067906660432129
 -0.015075927173903044
 -0.053720281104299682
 -0.02189214339550247
 0
 3.2988253330569308e-18
 0
 0.021892143395502477
 0.053720281104299689
 0.015075927173903046
 0.014067906660432119
 0.013185603608505125
 -7.8574342575341558e-05
 0.0056284776326497189
 -6.5959398226434127e-18
 -0.0057287218036610847
 0.0079570320393965357
 0.0013860085972381318
 -0.0035400732295266615
 -2.6095898498019505e-18
 -0.007957032039396553
 0.0057287218036610708
 -0.0056284776326497379
 7.8574342575323669e-05
 -0.013185603608505157
 0.0035400732295266558
 -0.0013860085972381352
 -0.010125573139938877
 -0.0068620967993087631
 -0.025867035403363464
 -0.014995154760090614
 -0.024353882289338446
 -0.0068412727818226932
 -0.0063323203623810564
 -0.04856991124785863
 -0.034733399687745761
 -0.02647879516902801
 -0.037091709530789337
 -0.045435477631262544
 -0.021154438835111252
 -0.0097534911395210262
 0
 -0.014585380664101316
 3.799561288861051e-18
 -0.0064995783192067407
 0
 -0.0099822114220331718
 8.2513153915972669e-19
 0
 0.0064995783192067468
 0.026478795169028013
 0.014585380664101323
 0
 0.009982211422033177
 0.0097534911395210297
 0.045435477631262544
 0.037091709530789344
 0.025867035403363468
 0.034733399687745775
 0.048569911247858637
 0.021154438835111259
 0.0063323203623810555
 0.024353882289338442
 0.014995154760090612
 0.0068620967993087527
 0.010125573139938854
 0.006841272781822688
 0.013089225706009469
 0.0084932526659932499
 0.0097905533213506167
 0.0043770143979995572
 0.0067815783487068203
 0.013560570721129045
 0.0020617412272829726
 0.0029864947435425363
 -0.0010698183190532406
 -1.2061177534913113e-17
 -0.005336693660975108
 -0.0019792411889651357
 -0.0043623481419220057
 -0.0055130158891841287
 -1.7146848615334041e-18
 0.01236204671650238
 -0.002881686787602449
 0.001065393813032525
 0.0016052524367302858
 0.00022456520454103128
 -2.8462777067678552e-18
 -0.0022704873533014695
 -0.0011741573320946305
 0.00040561708552643906
 -2.4938361439395905e-18
 -0.0012730513513728792
 -0.0028398796127614891
 -0.0032765526927032601
 -0.0053284108385049335
 -0.0038167038117273107
 0.0019792411889651236
 0.0053366936609750828
 -0.0010653938130325471
 0.0028816867876024295
 -0.012362046716502399
 0.0055130158891841165
 0.0043623481419220022
 -0.0097905533213506427
 -0.0084932526659932742
 -0.013089225706009499
 0.0010698183190532287
 -0.0029864947435425553
 -0.0020617412272829856
 -0.013560570721129072
 -0.0067815783487068454
 -0.0043770143979995797
 -0.00022456520454103556
 -0.001605252436730291
 0.0028398796127614848
 0.001273051351372874
 -0.00040561708552644437
 0.001174157332094626
 0.0022704873533014622
 0.0032765526927032444
 0.0038167038117273028
 0.0053284108385049283
 -0.011032380990210306
 -0.0078895433677393031
 -0.010355785624106682
 -0.0080846792343703087
 -0.011134007200187396
 -0.0051421129693761088
 -0.003454874534833723
 -0.031564555773514837
 -0.025456245677157169
 -0.030745474174611601
 -0.015449481719735026
 -0.020334620962865969
 -0.020300544484197068
 -0.018625218676021658
 -0.019552719724038461
 -0.014344169819979042
 -0.0039386694547804343
 -0.0029292065393140727
 -0.0031180659813533954
 -0.0036450946040762371
 -0.01038032697761688
 -0.0070709125365246385
 -0.010962349960819771
 -0.010327093669091951
 -0.010707161266620528
 -0.0065341119589710315
 -0.043353215157674006
 -0.03718332829196852
 -0.044868877182648065
 -0.041813650382420374
 -0.05227208109292493
 -0.030797336181287879
 -0.024503859560823293
 -0.020351420615829945
 -0.035272293082992977
 -0.031565114462480406
 -0.029070753044256357
 -0.033891635351092353
 -0.025985054625549207
 -0.051925164868690123
 -0.042891406201765736
 -0.045577483025204882
 -0.0083967219063862328
 -0.0041436217313451824
 -0.018567814662958038
 -0.013175232729694297
 -0.01603232443099761
 -0.015153807300272323
 -0.022397681616551521
 -0.037073718364798162
 -0.029458676183062471
 -0.02774006317790869
 0
 -0.014696771214692001
 -0.007930960934186132
 -0.01086330162483737
 0
 -0.019842971699088
 -0.019321188740062521
 2.2149066525842862e-18
 -0.0016917836825855823
 0
 -0.0042341708074334558
 -0.0031501889314040962
 3.6012127386447202e-18
 0
 -0.0035058200999916337
 -0.0055422321393000119
 -0.0047952657903415239
 -1.3223787721149813e-18
 -0.015581216909389663
 -0.010310201625401283
 2.0862873381824325e-18
 -0.0050491412717931063
 -0.0048717012413099043
 -0.010236956226451934
 -0.0087053298627665001
 -0.013650920346287766
 0
 0.0016917836825855864
 0.0055422321393000153
 0.0035058200999916371
 0
 0.0031501889314041031
 0.0042341708074334619
 0.020351420615829945
 0.014696771214692001
 0
 0.019321188740062532
 0.019842971699088007
 0.025985054625549217
 0
 0.010863301624837372
 0.0079309609341861355
 0.0047952657903415257
 0.0041436217313451807
 0.0048717012413099104
 0.0050491412717931106
 0.016032324430997617
 0.010310201625401288
 0.015581216909389668
 0.010236956226451941
 0.013650920346287771
 0.0087053298627665053
 0.031565114462480406
 0.035272293082992984
 0.045577483025204896
 0.042891406201765743
 0.05192516486869013
 0.03389163535109236
 0.029070753044256364
 0.031564555773514844
 0.037183328291968527
 0.043353215157674013
 0.0245038595608233
 0.030797336181287886
 0.020300544484197072
 0.052272081092924937
 0.041813650382420381
 0.044868877182648072
 0.0083967219063862345
 0.0029292065393140701
 0.022397681616551531
 0.01515380730027233
 0.010380326977616882
 0.0131752327296943
 0.018567814662958045
 0.037073718364798169
 0.0277400631779087
 0.029458676183062478
 0.030745474174611601
 0.025456245677157169
 0.014344169819979036
 0.019552719724038461
 0.018625218676021651
 0.020334620962865972
 0.015449481719735026
 0.0078895433677392823
 0.01103238099021028
 0.003454874534833713
 0.0051421129693760941
 0.011134007200187378
 0.0080846792343702931
 0.010355785624106672
 0.0039386694547804317
 0.010962349960819769
 0.0070709125365246359
 0.0036450946040762332
 0.003118065981353388
 0.010327093669091944
 0.0065341119589710237
 0.010707161266620522
 -0.26157263763635652
 -0.26157263763635652
 0
 0
 -0.099999999999999936
 -0.18596209247805914
 0
 -0.18596209247805914
 -0.18179048969002004
 -0.24131515961838138
 -0.19810710654334493
 -0.228597681547974
 -0.24131515961838138
 -0.228597681547974
 -0.23735309265876733
 -0.18887737693993645
 -0.11626857578750109
 -0.10987212763696055
 0
 -0.10681712521374823
 0
 -0.10987212763696055
 -0.11626857578750111
 -0.18887737693993648
 -0.23735309265876733
 -0.25606871504986006
 -0.23739288385251156
 -0.2511021438801474
 -0.17354523570109187
 -0.20815112810803063
 -0.20395849163360613
 -0.20350650653689811
 -0.21095008069972976
 -0.19827345034814783
 -0.2039584916336061
 -0.20815112810803063
 -0.2511021438801474
 -0.23739288385251156
 -0.25606871504986006
 -0.21095008069972973
 -0.20350650653689811
 -0.25423258365571333
 -0.23840531712478388
 -0.19195883354568744
 -0.2188288980821089
 -0.21419182757822167
 -0.21324492139512011
 -0.18341758620449328
 -0.15413982113394314
 -0.1571029380357731
 -0.059019097046143561
 -0.11308835602253252
 -0.069902005682215856
 -0.15441242231243976
 -0.15101727474555124
 0
 -0.05706887400593668
 -0.056100343868119289
 -0.056467657217735875
 0
 -0.10779001383043824
 -0.14955599994460181
 0
 -0.056467657217735875
 -0.059019097046143561
 -0.057068874005936687
 0
 -0.10779001383043824
 -0.15101727474555124
 -0.06990200568221587
 -0.11308835602253253
 -0.19195883354568746
 -0.15710293803577313
 -0.15413982113394314
 -0.15441242231243976
 -0.1834175862044933
 -0.21419182757822167
 -0.2188288980821089
 -0.23840531712478391
