# Created by Octave 5.1.0, Wed Apr 22 03:26:34 2020 GMT <unknown@Thomas-PC>
# name: u_sol
# type: matrix
# rows: 2178
# columns: 1
 0.010925168414335532
 -0.010925168414335475
 0
 0
 1.3628512555833414e-17
 -0.037900971781967427
 0
 0.037900971781967469
 1.180785965367037e-17
 0.013005851221947867
 2.479302291225372e-17
 6.0028668178656016e-07
 -0.013005851221947808
 -6.0028668174151156e-07
 -0.014076652765983477
 -0.015566624914901449
 -0.055180480645969199
 -0.022696151585243234
 0
 9.3238334300398778e-18
 0
 0.022696151585243251
 0.055180480645969227
 0.015566624914901482
 0.014076652765983525
 0.011241558492260734
 -0.00083440749061069509
 0.005246542024654406
 2.8860294656280705e-17
 -0.0071642347568194892
 0.0091508883446787363
 0.001771055288829416
 -0.0036872773708882178
 1.6887777543993018e-17
 -0.0091508883446786895
 0.007164234756819543
 -0.0052465420246543548
 0.00083440749061074594
 -0.011241558492260675
 0.0036872773708882664
 -0.0017710552888293807
 -0.0096822586730211709
 -0.0068364228392146544
 -0.026403809640884592
 -0.015309933417299334
 -0.024651257030985523
 -0.0071360632967156909
 -0.0067622575964083938
 -0.049683154238779607
 -0.035623604734656852
 -0.027718339061808511
 -0.038268877499568248
 -0.046980087576040282
 -0.021833850767178808
 -0.010088020500666603
 0
 -0.015199517829072902
 4.4959520752947798e-18
 -0.0067663393215753658
 0
 -0.010363500561385875
 1.1283762886159864e-17
 0
 0.0067663393215753745
 0.027718339061808525
 0.01519951782907291
 0
 0.010363500561385894
 0.010088020500666628
 0.046980087576040296
 0.038268877499568268
 0.02640380964088463
 0.035623604734656887
 0.049683154238779649
 0.02183385076717884
 0.0067622575964084216
 0.024651257030985568
 0.015309933417299373
 0.0068364228392146986
 0.009682258673021223
 0.0071360632967157264
 0.010785845321651583
 0.0076501905850614666
 0.0087875458730015885
 0.00376383923178765
 0.0061148023465297302
 0.012142990431059557
 0.0017142756669979607
 0.0024966643670257327
 -0.0016608939032311013
 2.8162570168679863e-17
 -0.0072117829875987189
 -0.0042485754223289939
 -0.0045668130456629191
 -0.0063744639974951051
 2.6705571713526523e-17
 0.012897649596684276
 -0.0046131611082853323
 0.00013585775243279247
 0.0019567173068321697
 0.00054916321280041279
 1.3812338848006003e-17
 -0.0025788700149438136
 -0.00097635196425577969
 0.00048618326802191413
 2.1262217651941286e-17
 -0.0010131216767574672
 -0.002723217749183454
 -0.0044524561490567006
 -0.0060368408573609816
 -0.0046098654169555563
 0.0042485754223290408
 0.0072117829875987735
 -0.00013585775243274011
 0.0046131611082853852
 -0.01289764959668422
 0.0063744639974951615
 0.0045668130456629737
 -0.0087875458730015347
 -0.0076501905850614119
 -0.010785845321651527
 0.0016608939032311493
 -0.0024966643670256811
 -0.0017142756669979128
 -0.012142990431059496
 -0.0061148023465296747
 -0.0037638392317875962
 -0.00054916321280037853
 -0.0019567173068321406
 0.002723217749183503
 0.0010131216767575095
 -0.00048618326802187195
 0.00097635196425582241
 0.0025788700149438604
 0.0044524561490567518
 0.0046098654169556066
 0.0060368408573610336
 -0.0098848204162580201
 -0.0075208255877030339
 -0.010382322905458761
 -0.0079725633237975376
 -0.01098974969776979
 -0.0049641994044919346
 -0.0033099131299063889
 -0.032167208801729422
 -0.025936164435733967
 -0.031210585965888757
 -0.015897206823810201
 -0.020798813246675048
 -0.020803350594162211
 -0.018769490594988968
 -0.019874990082626609
 -0.014508475867324646
 -0.0043940099839785219
 -0.0032113123799038241
 -0.0031635164667456004
 -0.0039794540872664114
 -0.010860553604621711
 -0.0075328571077821049
 -0.011409746872874856
 -0.010467600508246182
 -0.01100247887763346
 -0.0066189561087696223
 -0.044268159205795764
 -0.037973452278231672
 -0.046034085283699906
 -0.042797860435033391
 -0.053570744950276111
 -0.031515298814647326
 -0.025165149758160029
 -0.021752175161940376
 -0.036756144296730041
 -0.032869676513332911
 -0.030073385244680478
 -0.035152664582234677
 -0.027013931783174464
 -0.053495866403475395
 -0.044344471198455152
 -0.046905352598210666
 -0.0087346273099793061
 -0.0042610996824350199
 -0.019163792078612591
 -0.013672072943397649
 -0.016602239619192365
 -0.015680850336008145
 -0.023152780379798066
 -0.038119590706123856
 -0.030370981107348632
 -0.028535207226474443
 0
 -0.015439342680931565
 -0.0082516111409344124
 -0.011333270554822215
 0
 -0.02072234286999786
 -0.020097863641652284
 2.0028177211989827e-18
 -0.0017664513875302018
 0
 -0.0044049378112884239
 -0.0032828247937269086
 7.3039572865032152e-18
 0
 -0.0036490113994189026
 -0.0057626692165387936
 -0.0049335614413656137
 1.1760337318767151e-17
 -0.016172663849015643
 -0.01067723909445892
 1.1290323793935298e-17
 -0.005218154668396144
 -0.0050544082773584052
 -0.01065711078311519
 -0.0090558623346403948
 -0.014200596963581537
 0
 0.0017664513875302052
 0.005762669216538798
 0.0036490113994189066
 0
 0.0032828247937269181
 0.0044049378112884386
 0.02175217516194038
 0.01543934268093157
 0
 0.020097863641652298
 0.020722342869997874
 0.027013931783174482
 0
 0.011333270554822222
 0.0082516111409344176
 0.0049335614413656362
 0.0042610996824350433
 0.0050544082773584242
 0.0052181546683961657
 0.01660223961919239
 0.010677239094458942
 0.01617266384901566
 0.0106571107831152
 0.014200596963581552
 0.0090558623346404105
 0.032869676513332918
 0.036756144296730055
 0.046905352598210694
 0.044344471198455172
 0.053495866403475416
 0.035152664582234698
 0.030073385244680499
 0.032167208801729456
 0.037973452278231706
 0.044268159205795805
 0.025165149758160064
 0.031515298814647361
 0.020803350594162245
 0.053570744950276146
 0.042797860435033426
 0.046034085283699934
 0.0087346273099793321
 0.0032113123799038493
 0.02315278037979809
 0.015680850336008172
 0.010860553604621742
 0.013672072943397678
 0.019163792078612622
 0.038119590706123883
 0.028535207226474478
 0.030370981107348659
 0.031210585965888799
 0.025936164435734009
 0.014508475867324689
 0.019874990082626651
 0.018769490594989013
 0.020798813246675086
 0.015897206823810236
 0.0075208255877030859
 0.0098848204162580739
 0.0033099131299064322
 0.0049641994044919832
 0.01098974969776984
 0.0079725633237975862
 0.010382322905458808
 0.0043940099839785531
 0.011409746872874889
 0.0075328571077821361
 0.0039794540872664479
 0.0031635164667456412
 0.010467600508246223
 0.0066189561087696622
 0.011002478877633497
 0.010800814342881659
 0.0097960231778078336
 0.010033806973518687
 0.0094063623234138111
 0.0095927250774580225
 0.010936922399923454
 0.007139500196405091
 0.0082471964546373278
 0.0062136810527555096
 0.0078261049438902667
 0.0084951365462221633
 0.012620513069320575
 0.002534460692920442
 0.0050718615804890149
 0.00091008044245784658
 0.011661199844454361
 0.0089212283236724255
 0.0092005930033240181
 0.00055858411430608629
 1.9638111968232474e-05
 -0.0010713770799045982
 0.0039438461351063428
 0.0017698381475233667
 0.0033502142876709229
 -0.0016340457390434683
 9.5290511554411506e-05
 0.00089870796967213556
 0.0069554007304465917
 0.0039446985427272112
 0.005160801702215341
 2.5203174504851833e-17
 -0.0062682360654046088
 -0.0094251357421420677
 -0.0045429864602658477
 -0.0052855039054398104
 2.829383943949795e-17
 0.0036404871437481891
 -0.00640472256642418
 -0.0035934811248537809
 -0.002015908268429456
 -0.0025717005884535395
 2.6127844285687558e-17
 -0.0074071516480851418
 -0.0055024486588246442
 -0.0067070541961690034
 2.8317569910912721e-17
 -0.0031785782325782857
 -0.0038386460395981002
 0.013169496295122551
 0.0052284653895045118
 0.0067891318571844583
 -5.8998847893815699e-05
 0.0029761632804106205
 0.011803663957412242
 -0.0049111908566190007
 -0.0021819000418524357
 -0.0066233532709600255
 -0.0070400411519485635
 -0.0075516619846017607
 -0.0066151406542214863
 0.0012557143409277442
 0.00093729043962566055
 1.2672042737315559e-17
 0.0010471040493924022
 0.0012730849804926333
 0.0020962890512566433
 1.539117874137918e-17
