# Created by Octave 5.1.0, Fri Feb 14 12:27:10 2020 GMT <unknown@Thomas-PC>
# name: contactConvergence
# type: matrix
# rows: 6
# columns: 1
 2.8416521314889076
 1.8520792724175312
 3.0357660829594124e-18
 5.2041704279304213e-18
 9.9746599868666408e-18
 3.4694469519536142e-18


