# Created by Octave 5.1.0, Sun Feb 16 09:16:45 2020 GMT <unknown@Thomas-PC>
# name: contactConvergence
# type: matrix
# rows: 5
# columns: 1
 2.7401150394054543
 5.9509716186455943e-20
 7.2864529241832529e-20
 1.170317872023184e-19
 2.5914225160234114e-20


