# Created by Octave 5.1.0, Fri Feb 14 12:28:23 2020 GMT <unknown@Thomas-PC>
# name: contactConvergence
# type: matrix
# rows: 5
# columns: 1
 1.2556564228070202
 1.4862890417151495e-18
 3.8332335417084353e-19
 2.2999401250250614e-19
 5.3665269583918093e-19


