# Created by Octave 5.1.0, Fri Feb 14 12:27:28 2020 GMT <unknown@Thomas-PC>
# name: contactConvergence
# type: matrix
# rows: 5
# columns: 1
 1.3582850319855357
 4.5998802500501228e-19
 6.1331736667334967e-19
 1.2266347333466993e-18
 1.426045310262811e-18


