# Created by Octave 5.1.0, Sat Feb 15 18:14:18 2020 GMT <unknown@Thomas-PC>
# name: contactConvergence
# type: matrix
# rows: 5
# columns: 1
 2.0884076476835531
 6.7081586979897616e-20
 1.5171114403561972e-19
 9.5830838542710887e-21
 1.3252750144862694e-19


