# Created by Octave 5.1.0, Fri Feb 14 13:05:47 2020 GMT <unknown@Thomas-PC>
# name: contactConvergence
# type: matrix
# rows: 5
# columns: 1
 1.6025911093303604
 1.2494812662404551e-19
 1.724955093768796e-19
 3.6415718646230135e-19
 9.0504509436471128e-19


