# Created by Octave 5.1.0, Sat Feb 15 18:14:18 2020 GMT <unknown@Thomas-PC>
# name: equilibriumConvergence
# type: matrix
# rows: 5
# columns: 1
 0.54206724921342708
 0.062644357745426649
 0.00045723987708011054
 1.1619295431409537e-07
 2.85461520117518e-14


