# Created by Octave 5.1.0, Fri Feb 14 12:27:28 2020 GMT <unknown@Thomas-PC>
# name: equilibriumConvergence
# type: matrix
# rows: 5
# columns: 1
 1.9265642544511656
 0.10075345383337399
 0.00021463964897058103
 5.5714835661811014e-09
 5.2151584156534825e-15


