# Created by Octave 5.1.0, Fri Feb 14 12:28:23 2020 GMT <unknown@Thomas-PC>
# name: equilibriumConvergence
# type: matrix
# rows: 5
# columns: 1
 1.2451363836024893
 0.071399842351460574
 0.00021850313175542446
 3.2219638219700327e-09
 8.5311856477031972e-15


