# Created by Octave 5.1.0, Fri Feb 14 12:27:10 2020 GMT <unknown@Thomas-PC>
# name: equilibriumConvergence
# type: matrix
# rows: 6
# columns: 1
 3.1399423652849654
 1.6854714621412874
 0.081487210762214268
 8.6179554733001643e-05
 1.3964722232548819e-10
 4.341197272860248e-15


