# Created by Octave 5.1.0, Fri Feb 14 12:27:04 2020 GMT <unknown@Thomas-PC>
# name: equilibriumConvergence
# type: matrix
# rows: 4
# columns: 1
 3.8188130791298658
 0.40480323265276902
 0.00031633960635030195
 7.4213161838956504e-10


