# Created by Octave 5.1.0, Sun Feb 16 09:16:45 2020 GMT <unknown@Thomas-PC>
# name: equilibriumConvergence
# type: matrix
# rows: 5
# columns: 1
 0.35735948594212608
 0.061215480618461555
 0.0011298004017728041
 1.6329090698303541e-06
 2.6531878624742018e-12


