# Created by Octave 5.1.0, Fri Feb 14 13:05:47 2020 GMT <unknown@Thomas-PC>
# name: equilibriumConvergence
# type: matrix
# rows: 5
# columns: 1
 0.82274036139476348
 0.066391531034392687
 0.00028608781311594467
 1.0871690769701629e-08
 1.4660412077189079e-14


