# Created by Octave 5.1.0, Fri Feb 14 12:27:28 2020 GMT <unknown@Thomas-PC>
# name: lambda_sol
# type: matrix
# rows: 9
# columns: 1
 0
 0
 0
 -6.5332083076679233
 -4.3311008997311076
 -6.5332083076679224
 0
 0
 0


