# Created by Octave 5.1.0, Fri Feb 14 12:28:23 2020 GMT <unknown@Thomas-PC>
# name: lambda_sol
# type: matrix
# rows: 17
# columns: 1
 0
 0
 0
 0
 0
 -8.4351136709135393
 -4.4935375153287378
 -3.9007317228899607
 -3.8395834870463523
 -3.9007317228899603
 -4.4935375153287387
 -8.435113670913541
 0
 0
 0
 0
 0


