# Created by Octave 5.1.0, Fri Feb 14 13:05:47 2020 GMT <unknown@Thomas-PC>
# name: lambda_sol
# type: matrix
# rows: 33
# columns: 1
 0
 0
 0
 0
 0
 0
 0
 0
 0
 -11.011148463148503
 -5.6305167774332556
 -4.6053642461365971
 -4.1705571688817082
 -3.9396362512226197
 -3.8095370942132596
 -3.746910515791543
 -3.7165463840801793
 -3.7469105157915434
 -3.80953709421326
 -3.9396362512226197
 -4.1705571688817082
 -4.6053642461365989
 -5.6305167774332565
 -11.011148463148501
 0
 0
 0
 0
 0
 0
 0
 0
 0


