# Created by Octave 5.1.0, Sat Feb 15 18:14:18 2020 GMT <unknown@Thomas-PC>
# name: lambda_sol
# type: matrix
# rows: 65
# columns: 1
 0
 0
 0
 0
 0
 0
 0
 0
 0
 0
 0
 0
 0
 0
 0
 0
 0
 -14.443963499537952
 -7.4462374536847564
 -5.8936187325761296
 -5.1657327892995113
 -4.7304076054142996
 -4.4383116404295127
 -4.2301442820328754
 -4.0765304338111248
 -3.9608252418773042
 -3.8728064719335773
 -3.8058877145856442
 -3.7557262127703734
 -3.7194941252439473
 -3.6955687572782487
 -3.6838013812322181
 -3.6637859724836521
 -3.6838013812322168
 -3.6955687572782479
 -3.7194941252439473
 -3.7557262127703726
 -3.8058877145856438
 -3.8728064719335764
 -3.9608252418773038
 -4.076530433811123
 -4.2301442820328745
 -4.4383116404295091
 -4.7304076054142969
 -5.1657327892995077
 -5.8936187325761251
 -7.4462374536847413
 -14.443963499537961
 0
 0
 0
 0
 0
 0
 0
 0
 0
 0
 0
 0
 0
 0
 0
 0
 0


