# Created by Octave 5.1.0, Sun Feb 16 09:16:45 2020 GMT <unknown@Thomas-PC>
# name: lambda_sol
# type: matrix
# rows: 129
# columns: 1
 0
 0
 0
 0
 0
 0
 0
 0
 0
 0
 0
 0
 0
 0
 0
 0
 0
 0
 0
 0
 0
 0
 0
 0
 0
 0
 0
 0
 0
 0
 0
 0
 0
 -18.775238296186618
 -10.161353104611198
 -7.9145013780062436
 -6.8120733415758465
 -6.1255547058467839
 -5.6470945332816065
 -5.2921936524170086
 -5.0181657690050203
 -4.8004307301469806
 -4.6236233419720172
 -4.4775833575076449
 -4.3553043415354242
 -4.2517911122564387
 -4.1633835274657294
 -4.0873373861732647
 -4.021554828840606
 -3.9644053910166037
 -3.9146039823745813
 -3.8711257067478351
 -3.8331451710967479
 -3.7999924723295293
 -3.7711208030114438
 -3.7460823357792359
 -3.7245101563044685
 -3.7061047692505116
 -3.6906242758515804
 -3.6778778966239702
 -3.6677234511362706
 -3.6600719152451289
 -3.654911740762155
 -3.6524162900308514
 -3.6409389667700798
 -3.652416290030851
 -3.6549117407621541
 -3.6600719152451289
 -3.6677234511362706
 -3.6778778966239698
 -3.6906242758515795
 -3.7061047692505111
 -3.7245101563044685
 -3.7460823357792354
 -3.7711208030114434
 -3.7999924723295289
 -3.8331451710967479
 -3.8711257067478351
 -3.9146039823745813
 -3.9644053910166037
 -4.0215548288406069
 -4.0873373861732665
 -4.1633835274657311
 -4.2517911122564396
 -4.355304341535426
 -4.4775833575076458
 -4.623623341972019
 -4.8004307301469815
 -5.0181657690050203
 -5.2921936524170095
 -5.6470945332816074
 -6.1255547058467856
 -6.8120733415758439
 -7.9145013780062232
 -10.161353104611266
 -18.775238296186572
 0
 0
 0
 0
 0
 0
 0
 0
 0
 0
 0
 0
 0
 0
 0
 0
 0
 0
 0
 0
 0
 0
 0
 0
 0
 0
 0
 0
 0
 0
 0
 0
 0


