# Created by Octave 5.1.0, Fri Feb 14 12:27:04 2020 GMT <unknown@Thomas-PC>
# name: u_sol
# type: matrix
# rows: 18
# columns: 1
 -0.014047150483630996
 0.01404715048363094
 0
 0
 -2.4011178278883471e-17
 -0.01449799698758494
 0
 0.014497996987584916
 -1.0641702333291988e-17
 -0.10904210398226954
 -0.10904210398226957
 0
 0
 0.0098076211353315818
 -0.081606337941616355
 0
 -0.081606337941616328
 -0.065918400890432854


