# Created by Octave 5.1.0, Fri Feb 14 12:27:28 2020 GMT <unknown@Thomas-PC>
# name: u_sol
# type: matrix
# rows: 162
# columns: 1
 0.016360066906435232
 -0.01636006690643527
 0
 0
 -1.0974241024500067e-17
 -0.022003968699520659
 0
 0.022003968699520652
 -6.505518237713022e-18
 0.014645195252317875
 -4.9241727911960993e-18
 -0.0023082359803853754
 -0.014645195252317909
 0.0023082359803853632
 -0.0056604362592509744
 -0.0079388769747700903
 -0.037434244008797947
 -0.015976950772191766
 0
 1.7100116089035656e-18
 0
 0.015976950772191766
 0.03743424400879794
 0.0079388769747700799
 0.0056604362592509606
 0.01565543948856709
 0.00017946066281090793
 0.0034774150089669832
 -1.1489315246818381e-17
 -0.0020481913045565237
 0.011585072508400374
 -0.00086721730118941584
 -0.003217546577769066
 -6.7433021457764131e-18
 -0.011585072508400397
 0.002048191304556508
 -0.0034774150089670053
 -0.00017946066281092894
 -0.015655439488567121
 0.0032175465777690535
 0.0008672173011894076
 -0.0064852344069137565
 -0.0010392219613317433
 -0.014525473812826831
 -0.0058325662504937568
 -0.012060685396038582
 -0.0013327508085582665
 -0.0029747168029621296
 -0.031168653598867162
 -0.022443600743835394
 -0.020332468780645287
 -0.026591248576949666
 -0.034692064056660629
 -0.01383081759195892
 -0.0066104074383363616
 0
 -0.011805769043855417
 -1.3121315066909077e-19
 -0.0054337232926989368
 0
 -0.0074896804039546417
 -1.2812001394634449e-18
 0
 0.0054337232926989359
 0.020332468780645284
 0.011805769043855417
 0
 0.0074896804039546409
 0.0066104074383363633
 0.034692064056660622
 0.02659124857694966
 0.014525473812826824
 0.022443600743835383
 0.031168653598867158
 0.013830817591958911
 0.0029747168029621274
 0.012060685396038577
 0.0058325662504937481
 0.0010392219613317337
 0.0064852344069137287
 0.0013327508085582594
 -0.17873337358671157
 -0.1787333735867116
 0
 0
 -0.099999999999999992
 -0.12722732855596036
 0
 -0.12722732855596033
 -0.1235371925649326
 -0.14589914333248943
 -0.12588009378550313
 -0.14813622204433735
 -0.14589914333248946
 -0.14813622204433735
 -0.16213572927475395
 -0.12838841684729332
 -0.081549966965987597
 -0.077398747421742492
 0
 -0.074144472399702024
 0
 -0.077398747421742492
 -0.081549966965987583
 -0.12838841684729332
 -0.16213572927475392
 -0.16743433587403142
 -0.14918365348272794
 -0.16587977130459963
 -0.11394106115544952
 -0.12211848161040688
 -0.10000000000000002
 -0.13259768168744124
 -0.1319662868376397
 -0.12944873004050036
 -0.10000000000000002
 -0.12211848161040688
 -0.16587977130459963
 -0.14918365348272794
 -0.16743433587403145
 -0.1319662868376397
 -0.13259768168744127
 -0.17365115504538284
 -0.15942768531838664
 -0.13155976682240372
 -0.14814485560142984
 -0.14639556562275871
 -0.14174021675280282
 -0.12349718804649158
 -0.10685074437081794
 -0.10953119822401938
 -0.041264652297818089
 -0.080118541912404584
 -0.049108746069139231
 -0.1072595761870295
 -0.10435643307821872
 0
 -0.040135503585267428
 -0.038637353527732246
 -0.039554197015341706
 0
 -0.075497092505582272
 -0.10316543141490225
 0
 -0.039554197015341699
 -0.041264652297818082
 -0.040135503585267428
 0
 -0.075497092505582272
 -0.10435643307821872
 -0.049108746069139224
 -0.08011854191240457
 -0.13155976682240372
 -0.10953119822401937
 -0.10685074437081794
 -0.10725957618702948
 -0.12349718804649157
 -0.14639556562275871
 -0.14814485560142981
 -0.15942768531838661
 -0.17365115504538281
 -0.14174021675280279


