# Created by Octave 5.1.0, Fri Feb 14 12:28:23 2020 GMT <unknown@Thomas-PC>
# name: u_sol
# type: matrix
# rows: 578
# columns: 1
 0.019097280520221228
 -0.019097280520221312
 0
 0
 -2.6975060807693731e-17
 -0.019535426472721835
 0
 0.019535426472721808
 -1.5445155144672074e-17
 0.017929039011999211
 -2.4530159552306648e-17
 -0.003551885948178925
 -0.017929039011999274
 0.0035518859481788768
 -0.0033320072532649057
 -0.0067079367388580939
 -0.037190744293838715
 -0.016049701988941827
 0
 -6.6639745257670932e-18
 0
 0.016049701988941813
 0.037190744293838701
 0.0067079367388580627
 0.0033320072532648628
 0.018849504708614594
 -0.00080182410950819269
 0.0029589750151617195
 -2.6383311994425537e-17
 -0.0001648533882603272
 0.0079244018032954226
 -0.00068331230713264261
 -0.0024802109597429262
 -2.0621576315183484e-17
 -0.0079244018032954798
 0.00016485338826027274
 -0.0029589750151617789
 0.00080182410950813512
 -0.01884950470861467
 0.0024802109597428777
 0.0006833123071326013
 -0.0064058495106551162
 0.0011132364632377128
 -0.012382227753937951
 -0.003499447891805858
 -0.0091585470237557486
 -0.0001637977516572718
 -0.0027608426400782295
 -0.029972239083014496
 -0.021302664105558339
 -0.021658584309029685
 -0.026475607488468663
 -0.035184043541535703
 -0.01308027797783641
 -0.0061279204682189916
 0
 -0.012255191100976915
 -2.3091016314243404e-18
 -0.0055323057133250756
 0
 -0.007440417315283665
 -1.1450584660128467e-17
 0
 0.0055323057133250669
 0.021658584309029689
 0.012255191100976913
 0
 0.0074404173152836537
 0.0061279204682189673
 0.035184043541535703
 0.026475607488468649
 0.012382227753937915
 0.021302664105558314
 0.029972239083014475
 0.013080277977836386
 0.0027608426400781982
 0.0091585470237557122
 0.0034994478918058155
 -0.0011132364632377607
 0.0064058495106550572
 0.00016379775165723174
 0.018683337646690477
 0.0094841893498970528
 0.010745661941232989
 0.0052816879967548542
 0.0076955047104846795
 0.019001213216846422
 -0.0021268244279159698
 0.0010230061025093622
 -0.0033073468472422317
 -2.672459492765509e-17
 0.0021730468159740727
 0.0035386182949426457
 -0.00085670419130492483
 0.00034718319086272334
 -2.5837718833081508e-17
 0.014448848267685183
 0.0038844391724713314
 0.0031698824881599805
 0.00031501762850673609
 -0.00045961057287669725
 -1.7553087995602962e-17
 -0.0034807450907866047
 -0.0018991901266986646
 -0.0024226339209963807
 -2.4178585314268245e-17
 -0.0010261637423929226
 -0.001232798445752286
 -0.001489684677594265
 -0.0020755451090678089
 -0.0033483228651216431
 -0.0035386182949427004
 -0.0021730468159741278
 -0.0031698824881600373
 -0.0038844391724713887
 -0.014448848267685242
 -0.00034718319086277967
 0.00085670419130487343
 -0.010745661941233057
 -0.009484189349897117
 -0.01868333764669055
 0.0033073468472421806
 -0.0010230061025094186
 0.0021268244279159148
 -0.019001213216846492
 -0.0076955047104847445
 -0.0052816879967549166
 0.00045961057287665589
 -0.00031501762850677268
 0.0012327984457522379
 0.001026163742392879
 0.0024226339209963356
 0.0018991901266986193
 0.0034807450907865544
 0.0014896846775942073
 0.0033483228651215906
 0.0020755451090677573
 -0.011894773735374483
 -0.0046753093269884197
 -0.00086055417661089239
 -0.0013977533027629049
 -0.0035343619768248135
 0.00044856896949777779
 0.0026556235207483483
 -0.015804112090932989
 -0.010606835336301404
 -0.01405692848352408
 -0.0051907253784630146
 -0.007650308109252239
 -0.0093323606255184318
 -0.0053942900351069151
 -0.0060405312957470926
 -0.0026023952309506613
 -0.0009313775991309489
 -0.0012908990874597025
 0.002235687941741075
 0.00054210216491117568
 -0.0045310333710480068
 -0.001865787514253504
 -0.0032602938536888037
 -0.00039838542081801787
 -0.0015233696115241251
 0.0012516553722596334
 -0.024867259921109528
 -0.020907037144634117
 -0.029581463345221895
 -0.025667857714975418
 -0.034282736675800292
 -0.017046013048797354
 -0.013419754756329751
 -0.017589889208446979
 -0.028222882886736588
 -0.02672364324063492
 -0.021059913482651099
 -0.025888996990242399
 -0.020180206080913886
 -0.037896538945290527
 -0.032041539464283272
 -0.032006807788793668
 -0.0046352658488075776
 -0.0023192631925137565
 -0.010125974324475505
 -0.0072068165609897403
 -0.01097634249068714
 -0.009441351036408854
 -0.015196684760733841
 -0.02465646493890793
 -0.019790359324920324
 -0.01705848078510307
 0
 -0.012938350383905433
 -0.0071224038047763083
 -0.0096804290053359148
 0
 -0.016487600206541518
 -0.015189836144530813
 -1.2880088684953892e-18
 -0.0015288867511294806
 0
 -0.0033960804894078915
 -0.0026895361703051139
 -3.4904632788687221e-18
 0
 -0.0031701524281465142
 -0.0050007668231916956
 -0.0030342305237852788
 -1.425773653835315e-17
 -0.011530880181626887
 -0.0071125234009122044
 -8.7155153481445181e-18
 -0.0035028275743002584
 -0.0036497415083212022
 -0.0086687835238949684
 -0.0069512796182451863
 -0.010829672967304351
 0
 0.0015288867511294784
 0.0050007668231916921
 0.0031701524281465103
 0
 0.0026895361703051096
 0.0033960804894078845
 0.017589889208446979
 0.012938350383905433
 0
 0.015189836144530807
 0.016487600206541518
 0.020180206080913882
 0
 0.0096804290053359148
 0.0071224038047763092
 0.0030342305237852558
 0.0023192631925137278
 0.0036497415083211883
 0.0035028275743002419
 0.010976342490687121
 0.0071125234009121879
 0.011530880181626879
 0.0086687835238949632
 0.010829672967304343
 0.0069512796182451759
 0.02672364324063492
 0.028222882886736581
 0.032006807788793654
 0.032041539464283258
 0.037896538945290513
 0.025888996990242396
 0.021059913482651089
 0.015804112090932954
 0.020907037144634089
 0.0248672599211095
 0.013419754756329727
 0.017046013048797326
 0.0093323606255183988
 0.034282736675800278
 0.025667857714975397
 0.029581463345221878
 0.0046352658488075489
 0.0012908990874596698
 0.015196684760733822
 0.0094413510364088332
 0.0045310333710479747
 0.0072068165609897126
 0.010125974324475479
 0.024656464938907916
 0.017058480785103053
 0.019790359324920306
 0.014056928483524049
 0.010606835336301364
 0.0026023952309506193
 0.0060405312957470519
 0.0053942900351068761
 0.0076503081092522008
 0.0051907253784629747
 0.0046753093269883582
 0.011894773735374413
 -0.0026556235207483994
 -0.00044856896949783346
 0.0035343619768247667
 0.0013977533027628491
 0.00086055417661084588
 0.00093137759913091193
 0.0032602938536887673
 0.0018657875142534671
 -0.00054210216491121677
 -0.0022356879417411183
 0.00039838542081797358
 -0.0012516553722596775
 0.0015233696115240856
 -0.17441454562259576
 -0.17441454562259578
 0
 0
 -0.099999999999999992
 -0.12282771478801881
 0
 -0.12282771478801878
 -0.1198142538054937
 -0.13043267322211685
 -0.1233769046271148
 -0.13992303819857532
 -0.13043267322211685
 -0.13992303819857532
 -0.15688624667627582
 -0.12485310050877507
 -0.078560012449022998
 -0.076429941257206271
 0
 -0.07383368991995154
 0
 -0.076429941257206271
 -0.078560012449022984
 -0.12485310050877507
 -0.15688624667627579
 -0.15968782207444984
 -0.13760009325101508
 -0.15849886058681531
 -0.11336887596755992
 -0.1171374930524858
 -0.10000000000000001
 -0.12897466495650722
 -0.12761411134884731
 -0.12619571899113669
 -0.10000000000000001
 -0.1171374930524858
 -0.15849886058681534
 -0.13760009325101505
 -0.15968782207444987
 -0.12761411134884731
 -0.12897466495650722
 -0.16935850139274142
 -0.15269104726975627
 -0.12768348913992802
 -0.14268615586256053
 -0.14101404458504291
 -0.13615743610878292
 -0.12076679624830643
 -0.10278887092237614
 -0.10678816840436843
 -0.041309484250969093
 -0.078494894373406454
 -0.048280398012608396
 -0.10513371207780819
 -0.10256644900918571
 0
 -0.039866781501390829
 -0.038896798481561981
 -0.039341237315051424
 0
 -0.074726194396653511
 -0.1014625442430697
 0
 -0.039341237315051424
 -0.041309484250969086
 -0.039866781501390829
 0
 -0.074726194396653511
 -0.10256644900918571
 -0.048280398012608389
 -0.07849489437340644
 -0.12768348913992802
 -0.10678816840436842
 -0.10278887092237611
 -0.10513371207780818
