# Created by Octave 5.1.0, Fri Feb 14 13:05:47 2020 GMT <unknown@Thomas-PC>
# name: u_sol
# type: matrix
# rows: 2178
# columns: 1
 0.019506179769564393
 -0.019506179769564386
 0
 0
 2.8130928128486255e-19
 -0.018625034976245087
 0
 0.01862503497624508
 -1.1280743877002937e-18
 0.018608288516201579
 4.8435986332915077e-19
 -0.0037670618616185612
 -0.018608288516201572
 0.0037670618616185603
 -0.0020692695096554583
 -0.0064784527816605436
 -0.037052362919914469
 -0.0160710886600237
 0
 -2.9389068868069518e-18
 0
 0.016071088660023696
 0.037052362919914469
 0.006478452781660541
 0.0020692695096554575
 0.019773744773629903
 -0.001509424642357353
 0.0021261500785241818
 2.141498804014382e-18
 0.00033649973976160059
 0.0056436784196129556
 -0.00052035103283737849
 -0.0020921081131560306
 1.5595522130288739e-18
 -0.0056436784196129547
 -0.00033649973976159907
 -0.0021261500785241796
 0.0015094246423573551
 -0.019773744773629899
 0.0020921081131560306
 0.00052035103283737622
 -0.0059231047000115732
 0.002188614101213755
 -0.0117595244625081
 -0.0027027003628028686
 -0.0080065328920535736
 2.2476820525817995e-05
 -0.0027645916614489987
 -0.029520394764782864
 -0.020945881284711466
 -0.022090466535689239
 -0.026426270123844475
 -0.035371272750411097
 -0.012876152870654446
 -0.0060026507591036905
 0
 -0.012428631815862767
 -1.0144071066365218e-18
 -0.0055870786533112511
 0
 -0.0074427497564583233
 -1.7294723669766076e-18
 0
 0.0055870786533112468
 0.022090466535689236
 0.012428631815862765
 0
 0.0074427497564583181
 0.0060026507591036862
 0.03537127275041109
 0.026426270123844475
 0.011759524462508096
 0.020945881284711462
 0.029520394764782857
 0.012876152870654441
 0.0027645916614489952
 0.0080065328920535719
 0.0027027003628028665
 -0.0021886141012137563
 0.0059231047000115758
 -2.247682052582157e-05
 0.019168534055921435
 0.0093888511708292884
 0.010850561746269789
 0.00395719167550709
 0.0070478045389240256
 0.020525209678517009
 -0.0030600806329603623
 -3.1566568483657408e-05
 -0.0036468500306058075
 2.9394548018660008e-19
 0.0018433248833295602
 0.0025735757339955517
 -0.00058541573534041122
 0.00045897549134596438
 4.9570197602813292e-19
 0.010441002587131576
 0.0034680589394473489
 0.0037947694377402151
 0.00043305422335969558
 -0.0003178739816338142
 -1.3028981952901297e-18
 -0.0031757120650988103
 -0.0016446138560025963
 -0.0022635664274403959
 2.1217393259871986e-18
 -0.00084213761626468356
 -0.00098849012185639354
 -0.00079428685784154959
 -0.0015440353704714237
 -0.0028474084667140975
 -0.0025735757339955512
 -0.0018433248833295594
 -0.0037947694377402134
 -0.0034680589394473485
 -0.010441002587131574
 -0.00045897549134596389
 0.00058541573534041263
 -0.010850561746269787
 -0.0093888511708292849
 -0.019168534055921428
 0.0036468500306058096
 3.1566568483661474e-05
 0.0030600806329603653
 -0.020525209678517002
 -0.0070478045389240213
 -0.0039571916755070866
 0.0003178739816338116
 -0.00043305422335969575
 0.0009884901218563944
 0.00084213761626468215
 0.002263566427440395
 0.0016446138560025944
 0.0031757120650988103
 0.00079428685784155143
 0.0028474084667140984
 0.0015440353704714246
 -0.01207939221942461
 -0.0040620074846175001
 0.00035989520817770803
 -0.00031695590634694563
 -0.0025034296691152976
 0.0015383532364972139
 0.0034127308865485109
 -0.015016453272877293
 -0.0097361469033468533
 -0.013021907133960118
 -0.0047503440504811497
 -0.0069733969681121492
 -0.0089067885883156554
 -0.0041356889724974109
 -0.0050334937778262869
 -0.0014503019904795271
 -0.0010216998689597633
 -0.0013166497000555882
 0.0024226626585080379
 0.00048075304361517695
 -0.004452984586920593
 -0.0018554146657677143
 -0.0030623532322840074
 0.00054847461021318746
 -0.0010160878702884591
 0.0018652244688795209
 -0.024234489197789953
 -0.020317846888173605
 -0.029309130208146315
 -0.025242074389718171
 -0.033987137458918813
 -0.016558040390465486
 -0.013056341083434347
 -0.018449220478309609
 -0.028563260902866951
 -0.027009414813968062
 -0.021058598546238896
 -0.026046671133120983
 -0.020362313076827884
 -0.037925923210888376
 -0.032139732141237151
 -0.031903310409164054
 -0.0045133346382917562
 -0.0022143699207135444
 -0.0098779410925422754
 -0.007041172429246954
 -0.010895117038732702
 -0.0092866754009566406
 -0.015088316567991446
 -0.024440500648739635
 -0.019634367481762786
 -0.016782753427932152
 0
 -0.013292915929403874
 -0.007197775513928791
 -0.0098393777230596832
 0
 -0.016778319250483096
 -0.015331672451687567
 -1.7774172455012364e-18
 -0.0015456089475712901
 0
 -0.0034161447068373203
 -0.0027159454030551084
 -2.2262878962228091e-18
 0
 -0.0031941923333124568
 -0.0050394690245691215
 -0.0029472771918464817
 -1.5106679022604285e-18
 -0.011547259371638098
 -0.007045804927746451
 -2.5045108137780104e-18
 -0.0034565594767274901
 -0.0036433719064631782
 -0.0087677745095365439
 -0.0070009193345044757
 -0.010920755686707657
 0
 0.0015456089475712864
 0.0050394690245691197
 0.0031941923333124534
 0
 0.0027159454030551049
 0.003416144706837316
 0.018449220478309609
 0.013292915929403874
 0
 0.015331672451687565
 0.016778319250483092
 0.020362313076827881
 0
 0.0098393777230596849
 0.0071977755139287902
 0.0029472771918464778
 0.0022143699207135396
 0.0036433719064631752
 0.0034565594767274857
 0.010895117038732695
 0.0070458049277464466
 0.011547259371638093
 0.008767774509536537
 0.010920755686707655
 0.0070009193345044714
 0.027009414813968066
 0.028563260902866951
 0.031903310409164047
 0.032139732141237151
 0.037925923210888376
 0.026046671133120976
 0.021058598546238892
 0.015016453272877289
 0.020317846888173601
 0.024234489197789946
 0.013056341083434344
 0.016558040390465482
 0.008906788588315652
 0.033987137458918813
 0.025242074389718167
 0.029309130208146312
 0.0045133346382917527
 0.0013166497000555854
 0.015088316567991445
 0.0092866754009566389
 0.0044529845869205886
 0.0070411724292469514
 0.0098779410925422719
 0.024440500648739632
 0.016782753427932149
 0.019634367481762782
 0.013021907133960115
 0.0097361469033468515
 0.001450301990479525
 0.0050334937778262843
 0.0041356889724974057
 0.0069733969681121466
 0.004750344050481148
 0.0040620074846175009
 0.012079392219424613
 -0.0034127308865485122
 -0.0015383532364972141
 0.0025034296691152963
 0.00031695590634694417
 -0.00035989520817770988
 0.0010216998689597612
 0.0030623532322840057
 0.0018554146657677102
 -0.00048075304361517944
 -0.0024226626585080405
 -0.00054847461021319071
 -0.0018652244688795235
 0.001016087870288456
 0.01923109943402013
 0.015006097435941938
 0.015339758333545232
 0.014330111188111845
 0.014697211050149418
 0.019369299104346673
 0.0062734371552176302
 0.010193546529303448
 0.0052904952198217356
 0.0092758345009586705
 0.011361370606993965
 0.020208162276400824
 0.0016083243446918065
 0.0054931621512444139
 0.00064536195684144354
 0.020240853482479306
 0.012846506789508872
 0.013772828479601299
 -0.0038605810799070108
 -0.0035190368030070581
 -0.0039185267767403095
 0.001047798314764698
 -0.0019448470727132629
 -0.0010786834933803962
 -0.0028790927883837487
 -0.0025974914651216495
 -0.0009612957885321309
 0.0083580529213358543
 0.002873729348190121
 0.0041462771320872494
 -1.1253121044631164e-19
 0.0011715669113107174
 0.0012540465549796659
 0.00060460905941585536
 0.00093002324017793406
 6.7527238019848704e-19
 0.0040058032795547522
 0.0023726690168941571
 0.0036256552564768486
 -0.00041359623784983902
 -0.00026435449310726293
 4.6307058860488617e-19
 0.00050937351130651409
 -0.00013911402892798704
 -0.00037443761787848604
 1.4594105565511272e-18
 -3.4198709270543339e-05
 0.00026563929802531029
 0.014839110469912865
 0.0074418217156246996
 0.0072339923512259883
 0.004943464280908103
 0.0062941608817680119
 0.0076642451275662641
 0.0016663784881721217
 0.0039423799650745725
 0.0018061740038613047
 0.0011548920804221158
 0.001588715617370553
 0.0027127705302153666
 0.00040600621540733698
 0.00019992552214183307
 -1.4853285735048285e-18
 -0.00044009078065816249
