# Created by Octave 5.1.0, Fri Feb 14 12:27:06 2020 GMT <unknown@Thomas-PC>
# name: contactConvergence
# type: matrix
# rows: 5
# columns: 1
 0.0049038105676657978
 1.3877787807814457e-17
 0
 6.9388939039072284e-18
 6.9388939039072284e-18


