# Created by Octave 5.1.0, Sat Feb 22 02:05:13 2020 GMT <unknown@Thomas-PC>
# name: contactConvergence
# type: matrix
# rows: 40
# columns: 1
 0.7267714631478529
 3.8793176906798635e-19
 1.0595786318871224e-19
 1.4133692433428206e-19
 0.0012132142739180657
 0.0011942578008880961
 0.0011196166883325903
 0.0011021226775773936
 0.0010676813439031
 0.00017889797201193773
 8.9448986005969067e-05
 6.6566227845830917e-20
 1.0355995382241349e-19
 1.8107496234338362e-19
 1.3590590187617308e-19
 1.7198106566188261e-19
 1.3045407384124785e-19
 1.5340419124158652e-19
 1.9924548444957702e-19
 1.174905230912181e-19
 1.2929396799545343e-19
 1.3020359474195758e-19
 2.6462155207100635e-20
 9.9647945398200767e-20
 1.1535829994042004e-19
 1.2650033678030257e-19
 5.6083560366752742e-20
 1.679134665538496e-19
 1.0133289897247288e-19
 1.3646697098602795e-19
 9.1620621699982935e-20
 1.468326178092453e-19
 7.8221096460776913e-20
 1.1767357776948958e-19
 3.788046498485219e-21
 7.1997800516615529e-20
 1.7389619413741343e-19
 1.7027047794080332e-19
 3.3654534583878462e-19
 7.966163617124582e-20


