# Created by Octave 5.1.0, Fri Feb 14 13:46:55 2020 GMT <unknown@Thomas-PC>
# name: contactConvergence
# type: matrix
# rows: 27
# columns: 1
 0.79222082250394776
 0.0031148640037712422
 0.0029201850035355387
 0.0027376734408145684
 0.0025665688507636574
 0.0024863635741772926
 0.0024086647124842526
 0.0023333939402191192
 0.0022604753795872714
 0.0021898355239751695
 0.0021214031638509463
 0.0020551093149806044
 0.0020229982319340317
 0.001991388884560063
 0.0019602734332388114
 0.0072247571747328229
 0.0071136342006097352
 0.0070024836662252099
 0.0068780070895265973
 0.0067705382287527455
 0.0068387346180283524
 0.0067318793896216592
 0.006829177543526437
 0.0068369987567775074
 0.0030397565236862439
 2.41972867320345e-19
 3.0685514848946299e-19


