# Created by Octave 5.1.0, Fri Feb 14 12:27:46 2020 GMT <unknown@Thomas-PC>
# name: contactConvergence
# type: matrix
# rows: 5
# columns: 1
 0.6420279361867034
 2.5793752804602577e-18
 1.5770175084348761e-18
 4.5998802500501228e-19
 1.2266347333466993e-18


