# Created by Octave 5.1.0, Fri Feb 14 12:27:17 2020 GMT <unknown@Thomas-PC>
# name: contactConvergence
# type: matrix
# rows: 6
# columns: 1
 2.0194486556099247
 1.1167618266664336
 6.5052130349130266e-19
 1.7347234759768071e-18
 3.903127820947816e-18
 5.2041704279304213e-18


