# Created by Octave 5.1.0, Sat Feb 22 02:05:13 2020 GMT <unknown@Thomas-PC>
# name: equilibriumConvergence
# type: matrix
# rows: 40
# columns: 1
 0.3654850723396445
 0.13398889892652235
 0.12906962110115985
 0.12817579904796267
 0.11978697010845619
 0.11935115747243921
 0.11789470553574231
 0.1171376229500907
 0.11726690830413482
 0.11712283026286222
 0.090547598693322004
 0.046196359556929238
 0.046674748262152559
 0.045534089412596429
 0.045229057426500484
 0.046872294816183588
 0.044587299032770727
 0.044185967598955211
 0.044223769643645501
 0.043927253260039129
 0.054125848154922385
 0.058073145035830713
 0.045600215780108741
 0.045255560671154028
 0.044966748933589235
 0.045067263321113105
 0.044875903094518554
 0.04676559537032754
 0.045810999428055138
 0.045398563701572178
 0.045214705611628242
 0.045079484144692594
 0.047435223384093388
 0.047481263784658403
 0.045148418555690253
 0.068055127858029738
 0.20337850654734524
 0.1863194268858929
 0.074650729457755083
 0.044869726759033807


