# Created by Octave 5.1.0, Fri Feb 14 12:27:46 2020 GMT <unknown@Thomas-PC>
# name: equilibriumConvergence
# type: matrix
# rows: 5
# columns: 1
 1.3247515043645066
 0.087257379513934558
 0.0007059021932077585
 1.4282644169682361e-07
 8.8533949299839695e-15


