# Created by Octave 5.1.0, Fri Feb 14 12:27:06 2020 GMT <unknown@Thomas-PC>
# name: equilibriumConvergence
# type: matrix
# rows: 5
# columns: 1
 3.8188130791298658
 1.1386444907510691
 0.012629858440604352
 1.4148614383680453e-05
 2.5278224555601971e-11


