# Created by Octave 5.1.0, Fri Feb 14 13:46:55 2020 GMT <unknown@Thomas-PC>
# name: equilibriumConvergence
# type: matrix
# rows: 27
# columns: 1
 0.50870268527163121
 0.079289713317019825
 0.077154493845594321
 0.076333681743134096
 0.076477978705737498
 0.075405420812115251
 0.074408325328989472
 0.073496629793508295
 0.072686620554605993
 0.072005580644217262
 0.071501716153741998
 0.071268686824761063
 0.070775459632317642
 0.070397027876132584
 0.07022082673425098
 0.090734629716922532
 0.13893630165911125
 0.13557687156897819
 0.033950947422838156
 0.029761574004201659
 0.0082006317414792113
 0.0032220768931949762
 0.0016171047072789466
 0.0095467992312768778
 0.00046988095056573988
 1.0457815563245583e-06
 4.5175683569163927e-12


