# Created by Octave 5.1.0, Fri Feb 14 12:27:46 2020 GMT <unknown@Thomas-PC>
# name: lambda_sol
# type: matrix
# rows: 9
# columns: 1
 0
 0
 0
 -3.4484671038638304
 -2.5652750267875648
 -3.4484671038638304
 0
 0
 0


