# Created by Octave 5.1.0, Fri Feb 14 12:56:02 2020 GMT <unknown@Thomas-PC>
# name: lambda_sol
# type: matrix
# rows: 17
# columns: 1
 0
 0
 0
 0
 0
 -4.1256686609883815
 -2.7933233901851318
 -2.4828669643715418
 -2.387878519423523
 -2.4828669643715418
 -2.7933233901851313
 -4.1256686609883806
 0
 0
 0
 0
 0


