# Created by Octave 5.1.0, Fri Feb 14 13:46:55 2020 GMT <unknown@Thomas-PC>
# name: lambda_sol
# type: matrix
# rows: 33
# columns: 1
 0
 0
 0
 0
 0
 0
 0
 0
 0
 -3.7163769184718074
 -3.4579113724543586
 -3.042827334079822
 -2.7694166500679089
 -2.6006262712221631
 -2.5017056186687618
 -2.4538077405797973
 -2.3958233555761237
 -2.4538077405797969
 -2.5017056186687618
 -2.6006262712221631
 -2.7694166500679089
 -3.0428273340798224
 -3.4579113724543573
 -3.7163769184718118
 0
 0
 0
 0
 0
 0
 0
 0
 0


