# Created by Octave 5.1.0, Sat Feb 22 02:05:13 2020 GMT <unknown@Thomas-PC>
# name: lambda_sol
# type: matrix
# rows: 65
# columns: 1
 0
 0
 0
 0
 0
 0
 0
 0
 0
 0
 0
 0
 0
 0
 0
 0
 0
 -3.7478706910296751
 -4.0027622576471913
 -3.6697857938961533
 -3.3547637975461839
 -3.1040491472704161
 -2.9145982452282624
 -2.7731554678175598
 -2.6672683919277915
 -2.5874671958772524
 -2.5270436645114387
 -2.4813753446724149
 -2.4473222756714677
 -2.4227997448688257
 -2.4065322446695063
 -2.3980565635865787
 -2.3721028501313413
 -2.3983665238192771
 -2.4072061978222337
 -2.4238650669867638
 -2.4488157217565458
 -2.4833476462226827
 -2.529556962515926
 -2.5905838053440675
 -2.671019671135582
 -2.7774663332966156
 -2.9191201815265231
 -3.1078250832506455
 -3.3556622569449246
 -3.6640646958985599
 -3.9888286227360368
 -3.6854585127330206
 0
 0
 0
 0
 0
 0
 0
 0
 0
 0
 0
 0
 0
 0
 0
 0
 0


