# Created by Octave 5.1.0, Fri Feb 14 12:27:17 2020 GMT <unknown@Thomas-PC>
# name: u_sol
# type: matrix
# rows: 50
# columns: 1
 0.011508095535296425
 -0.011508095535296439
 0
 0
 -9.2247443501601626e-18
 -0.025602396882608628
 0
 0.025602396882608625
 -2.4169948044019367e-18
 0.005813024584315994
 -3.218555303052413e-18
 0.0059263844307534145
 -0.0058130245843160096
 -0.0059263844307534215
 -0.015625322011869724
 -0.011948356306084928
 -0.028148509186832715
 -0.010304587355448348
 0
 5.7168310869030017e-19
 0
 0.010304587355448348
 0.028148509186832711
 0.011948356306084925
 0.015625322011869718
 -0.14764993058326387
 -0.14764993058326387
 0
 0
 -0.10000000000000002
 -0.10048248274331736
 0
 -0.10048248274331736
 -0.099223974962693515
 -0.13996937645312194
 -0.11724401292719466
 -0.1305670605321233
 -0.13996937645312194
 -0.1305670605321233
 -0.13207514655988745
 -0.10188429186991993
 -0.06026477379595193
 -0.055822355449250849
 0
 -0.054395817674655476
 0
 -0.055822355449250849
 -0.06026477379595193
 -0.10188429186991993
 -0.13207514655988745


