# Created by Octave 5.1.0, Fri Feb 14 12:27:46 2020 GMT <unknown@Thomas-PC>
# name: u_sol
# type: matrix
# rows: 162
# columns: 1
 0.01152247418378591
 -0.011522474183785904
 0
 0
 2.8086632435446073e-18
 -0.023826904530137798
 0
 0.023826904530137801
 2.5260231319845189e-18
 0.0091581082344357398
 3.1617832868414942e-18
 0.0037161724566680131
 -0.0091581082344357329
 -0.0037161724566680075
 -0.012703215613443871
 -0.010128810148540487
 -0.028341999581401656
 -0.010395928135114939
 0
 1.2471651824069759e-18
 0
 0.010395928135114942
 0.028341999581401656
 0.010128810148540493
 0.012703215613443876
 0.010435085690413263
 0.0030370255623759492
 0.0065414191107241683
 3.0445091535310288e-18
 -0.00026413306014424169
 0.006708835450474993
 0.0024220282381311941
 0.00055009342894185662
 2.6397590186642668e-18
 -0.006708835450474987
 0.00026413306014424847
 -0.0065414191107241631
 -0.0030370255623759432
 -0.010435085690413258
 -0.00055009342894185033
 -0.0024220282381311889
 -0.0095782503397675144
 -0.0080151720936693406
 -0.017009235320682086
 -0.012229729941389267
 -0.018302490920450422
 -0.0067320478015317209
 -0.0043170763947973489
 -0.027976014105512925
 -0.019598632170715724
 -0.011239630654536236
 -0.018414353856525199
 -0.022093908375998814
 -0.011666569527287216
 -0.00540369098783384
 0
 -0.0061610292944343087
 3.4775479619368589e-19
 -0.0027600473336319778
 0
 -0.0047286857553495562
 1.1964480168030282e-18
 0
 0.0027600473336319791
 0.011239630654536236
 0.0061610292944343096
 0
 0.0047286857553495588
 0.0054036909878338434
 0.022093908375998814
 0.018414353856525203
 0.017009235320682093
 0.019598632170715728
 0.027976014105512929
 0.011666569527287219
 0.0043170763947973532
 0.018302490920450429
 0.012229729941389272
 0.0080151720936693475
 0.0095782503397675196
 0.0067320478015317261
 -0.14199330872059299
 -0.14199330872059299
 0
 0
 -0.10000000000000001
 -0.097795585354924885
 0
 -0.097795585354924885
 -0.095633818731396439
 -0.1296306092983836
 -0.11228673188675888
 -0.123356049866974
 -0.1296306092983836
 -0.123356049866974
 -0.12715387836540876
 -0.098160009170301377
 -0.059014996358254301
 -0.054721803119850254
 0
 -0.053521244066928014
 0
 -0.054721803119850254
 -0.059014996358254301
 -0.098160009170301377
 -0.12715387836540876
 -0.13863164700846675
 -0.12872042070280945
 -0.13557187529006209
 -0.10877666879855977
 -0.11396728015904292
 -0.10000000000000001
 -0.10884688950281837
 -0.11540985575746338
 -0.10741746821321058
 -0.10000000000000001
 -0.11396728015904292
 -0.13557187529006212
 -0.12872042070280945
 -0.13863164700846678
 -0.11540985575746338
 -0.10884688950281837
 -0.13701393713479296
 -0.12783399349545091
 -0.099918005095234463
 -0.11586866584736723
 -0.11391476184336331
 -0.11321773921911582
 -0.095640274633984973
 -0.080254255128280591
 -0.080184873326413206
 -0.028549036750931366
 -0.05635026634081837
 -0.033218766611909069
 -0.078456138708463727
 -0.076922846907483355
 0
 -0.028137104319219435
 -0.027804930315331138
 -0.027980178455650661
 0
 -0.053923953561906268
 -0.076447879895841689
 0
 -0.027980178455650657
 -0.028549036750931366
 -0.028137104319219435
 0
 -0.053923953561906268
 -0.076922846907483355
 -0.033218766611909069
 -0.056350266340818377
 -0.099918005095234463
 -0.080184873326413206
 -0.080254255128280591
 -0.078456138708463727
 -0.095640274633984973
 -0.1139147618433633
 -0.11586866584736723
 -0.12783399349545091
 -0.13701393713479296
 -0.11321773921911582


