# Created by Octave 5.1.0, Fri Feb 14 13:46:55 2020 GMT <unknown@Thomas-PC>
# name: u_sol
# type: matrix
# rows: 2178
# columns: 1
 0.010911104469243474
 -0.010911104469243474
 0
 0
 2.4899783734140054e-19
 -0.022957762604793486
 0
 0.022957762604793486
 -5.1611240877593537e-19
 -0.0026243776206617011
 -3.447671292478788e-19
 0.0027813231735852226
 0.0026243776206617037
 -0.0027813231735852231
 -0.010941250912656247
 -0.0095664792253002066
 -0.028841487659378277
 -0.010653985837235478
 0
 4.413985266679935e-19
 0
 0.010653985837235478
 0.028841487659378277
 0.0095664792253002066
 0.010941250912656247
 0.011355481197879184
 0.0017722570086270188
 0.0057355035493512705
 3.7938879109155365e-20
 0.0011902277903653843
 0.0028208609701599538
 0.0026057190398299725
 0.0010096856660594313
 -4.0132281623868615e-19
 -0.0028208609701599525
 -0.0011902277903653848
 -0.0057355035493512696
 -0.0017722570086270179
 -0.011355481197879184
 -0.001009685666059432
 -0.0026057190398299729
 -0.0087632335513260062
 -0.00650296934407937
 -0.016028092639030978
 -0.010957727690199242
 -0.016624516591936981
 -0.0061144015488556374
 -0.0043198366346041649
 -0.027758222049302089
 -0.019357224996643118
 -0.012271507716936858
 -0.018883961929650115
 -0.023228181053556972
 -0.011507444448391678
 -0.0052294650139017001
 0
 -0.0064322541979106116
 5.0519020443982179e-19
 -0.0028071586867440502
 0
 -0.0047397534582399878
 7.671513739424423e-20
 0
 0.0028071586867440502
 0.012271507716936858
 0.0064322541979106116
 0
 0.0047397534582399896
 0.0052294650139017001
 0.023228181053556972
 0.018883961929650115
 0.016028092639030978
 0.019357224996643121
 0.027758222049302089
 0.01150744444839168
 0.004319836634604164
 0.016624516591936981
 0.010957727690199242
 0.00650296934407937
 0.0087632335513260062
 0.0061144015488556374
 0.010852035399893116
 0.0078571317904017161
 0.0087339286756536547
 0.0039810270256957171
 0.0064544448442443551
 0.012237462357487666
 0.0034580600907053159
 0.0037798733458367264
 0.0017820973243730708
 1.2176168216979833e-20
 0.0013428623654124295
 0.0015634258378293237
 0.00043689980512943939
 0.00074838735989616473
 -2.1445365982805913e-19
 0.0025416795633373744
 0.0024915524598902814
 0.0031311970673735721
 0.0016878607617159737
 0.0012431732320807133
 -5.2055371118032202e-19
 0.0016711685727032871
 0.0017171710636210904
 0.0028324702090522002
 -3.8469170761153276e-19
 0.00081606026816751192
 0.00050226860596342673
 0.0011445122939058164
 0.00072064550878791957
 0.00096977574796166339
 -0.0015634258378293229
 -0.0013428623654124295
 -0.0031311970673735716
 -0.0024915524598902814
 -0.0025416795633373714
 -0.00074838735989616483
 -0.00043689980512943993
 -0.008733928675653653
 -0.0078571317904017161
 -0.010852035399893115
 -0.001782097324373071
 -0.0037798733458367251
 -0.0034580600907053154
 -0.012237462357487666
 -0.0064544448442443534
 -0.0039810270256957154
 -0.001243173232080714
 -0.0016878607617159744
 -0.00050226860596342749
 -0.00081606026816751268
 -0.0028324702090522006
 -0.001717171063621091
 -0.0016711685727032878
 -0.0011445122939058171
 -0.00096977574796166415
 -0.00072064550878792033
 -0.0094973133780300763
 -0.0073210238871495078
 -0.0086517573523564907
 -0.0073253189458727941
 -0.0092467341921828351
 -0.0054230967842040009
 -0.0044713625267390833
 -0.019510571740732292
 -0.01667726753878419
 -0.019874880101008345
 -0.010616338223566828
 -0.013565692432797184
 -0.012669450138431258
 -0.013528881592153407
 -0.013716707246968007
 -0.010920423641934853
 -0.0035142402059350143
 -0.0020934840891233216
 -0.0043209239216258138
 -0.0041963139486686264
 -0.0067866817187604367
 -0.0055691647642876077
 -0.0079309165559854934
 -0.0084881584439776316
 -0.0083907042501174256
 -0.0062433669729332394
 -0.025700565331124421
 -0.021910473316130958
 -0.024388948845490879
 -0.023625407580830253
 -0.028906132406918826
 -0.018033059452205444
 -0.014280721902835032
 -0.0093895440574400645
 -0.01706284038981086
 -0.01586926395236854
 -0.014429459576479588
 -0.0164800117859959
 -0.012280972412877981
 -0.02715733648074407
 -0.021642328596295543
 -0.023874457001147667
 -0.0049272536443120702
 -0.0024068235615959553
 -0.01081388731566202
 -0.0077021022325220474
 -0.0081240178957972722
 -0.0081803858695581235
 -0.011493275991129811
 -0.019737366196229445
 -0.015369986251038484
 -0.015253031902444324
 0
 -0.0064362288992569948
 -0.0033408608934944479
 -0.0046432784975945496
 0
 -0.008924776286274758
 -0.0089429788891760512
 1.0536864540986602e-20
 -0.0007024651079633236
 0
 -0.0019025035033359901
 -0.0013557490754281976
 6.4925573720172754e-19
 0
 -0.0014559124969291419
 -0.0023130074569774665
 -0.0025491780947031156
 -1.1920475914401464e-19
 -0.0074735556540978807
 -0.0051752873454516306
 1.1015459866454332e-19
 -0.0025159099045505605
 -0.0022980859076909854
 -0.0044564756325073066
 -0.0039328466575405136
 -0.0062267461280341692
 0
 0.00070246510796332349
 0.0023130074569774665
 0.0014559124969291417
 0
 0.0013557490754281985
 0.0019025035033359912
 0.0093895440574400663
 0.0064362288992569948
 0
 0.0089429788891760512
 0.0089247762862747597
 0.012280972412877981
 0
 0.0046432784975945496
 0.0033408608934944483
 0.002549178094703116
 0.0024068235615959548
 0.0022980859076909862
 0.002515909904550561
 0.0081240178957972739
 0.0051752873454516315
 0.0074735556540978815
 0.0044564756325073066
 0.0062267461280341701
 0.0039328466575405145
 0.015869263952368536
 0.01706284038981086
 0.023874457001147667
 0.021642328596295543
 0.02715733648074407
 0.0164800117859959
 0.01442945957647959
 0.019510571740732296
 0.021910473316130961
 0.025700565331124425
 0.014280721902835032
 0.018033059452205444
 0.012669450138431258
 0.028906132406918826
 0.023625407580830253
 0.024388948845490879
 0.0049272536443120702
 0.0020934840891233208
 0.011493275991129811
 0.0081803858695581235
 0.0067866817187604367
 0.0077021022325220474
 0.01081388731566202
 0.019737366196229445
 0.015253031902444324
 0.015369986251038486
 0.019874880101008345
 0.01667726753878419
 0.010920423641934853
 0.013716707246968008
 0.013528881592153409
 0.013565692432797186
 0.010616338223566828
 0.0073210238871495087
 0.009497313378030078
 0.0044713625267390833
 0.0054230967842040017
 0.0092467341921828369
 0.007325318945872795
 0.0086517573523564924
 0.0035142402059350139
 0.0079309165559854934
 0.0055691647642876069
 0.0041963139486686264
 0.0043209239216258138
 0.0084881584439776316
 0.0062433669729332394
 0.0083907042501174256
 0.010827979565048575
 0.0098016056160014058
 0.0099574959298226826
 0.0095455282552524782
 0.0096723972246681739
 0.011031128541798062
 0.0072609587297109918
 0.0083336061226771674
 0.0065590528135704759
 0.0076322551332256303
 0.008548975637980032
 0.012432783649580731
 0.0035969927994544374
 0.0053771216907963996
 0.0024342345146572638
 0.011785222338525036
 0.0090840589964548378
 0.0093743666336759384
 0.0029469256497970503
 0.0025446703518605708
 0.0021923828467153711
 0.004802882094851444
 0.0034026845167318682
 0.0044049748070210349
 0.001611165255895186
 0.0024322383890191149
 0.0027216726501797244
 0.0072529684154842228
 0.0047348224572807676
 0.0057251081441012227
 1.1671809487778712e-19
 0.00079323751001952327
 0.00078642348603296926
 0.00053542334672105642
 0.0006836940232695112
 1.0572122603513926e-19
 0.0022720308918442291
 0.001577195604090703
 0.0023406376397913905
 0.00022113534823656395
 0.00023106574320459769
 -2.9674502790213397e-19
 0.0010261680332434785
 0.00054229753111433487
 0.00073158026501901022
 -5.6491128204351791e-20
 0.00028896499850776666
 0.00039447080260083655
 0.00074531502636581771
 0.004423721464851994
 0.0054311266408073018
 0.0030686596042381132
 0.0037512769641535027
 0.0030286957031908741
 0.0019206536805780846
 0.0029071350815545183
 0.0017774594801591014
 0.0010340212474931095
 0.0014624944072233971
 0.001955845929625894
 0.00093240331675988671
 0.00083108692930692566
 -4.6614155468138656e-19
 0.0019029640627690862
 0.0014678490705610314
