# Created by Octave 5.1.0, Wed Apr 22 03:11:55 2020 GMT <unknown@Thomas-PC>
# name: contactConvergence
# type: matrix
# rows: 26
# columns: 1
 0.44617967153946331
 0.22308983576973165
 0.20914672103412341
 0.1045733605170617
 1.6956197291234493e-18
 1.3506064811054935e-18
 1.0495921541382163e-18
 2.1706580489706138e-18
 1.0964528494493973e-18
 1.1161381974398517e-18
 2.224184897008542e-18
 1.3524106559724056e-18
 1.277934763656882e-18
 3.1432463615910508e-18
 2.6608769275913094e-18
 2.2363992969188642e-18
 2.5127676820826542e-18
 4.0228199038908166e-18
 0.75783059120131446
 1.3065657624423186
 1.0862789479668975
 8.0236499409102725e-06
 2.6017322596326502e-18
 2.7861899594670491e-18
 2.7692625267693953e-18
 3.2371538109265155e-18


