# Created by Octave 5.1.0, Wed Apr 22 01:18:29 2020 GMT <unknown@Thomas-PC>
# name: contactConvergence
# type: matrix
# rows: 6
# columns: 1
 0.80268678451382369
 1.2945992152949808
 1.474514954580286e-17
 6.0715321659188248e-18
 0
 4.3368086899420177e-18


