# Created by Octave 5.1.0, Wed Apr 22 01:18:04 2020 GMT <unknown@Thomas-PC>
# name: contactConvergence
# type: matrix
# rows: 6
# columns: 1
 0
 0.04830614871768299
 0
 6.9388939039072284e-18
 1.3877787807814457e-17
 6.9388939039072284e-18


