# Created by Octave 5.1.0, Tue Feb 25 16:09:15 2020 GMT <unknown@Thomas-PC>
# name: contactConvergence
# type: matrix
# rows: 16
# columns: 1
 0.96003849302394739
 0.9507812691254155
 1.2688746152550324e-18
 0.00024452970290997719
 0.00021396349004623009
 0.0047960063337389109
 0.0044962559378802294
 0.0039342239456452007
 9.1287126916530554e-19
 1.3401660464038068e-18
 5.7328226172134952e-19
 1.5958311466518543e-18
 7.2029989667053561e-19
 9.8413444724517494e-06
 9.533802457687396e-06
 1.4990172831813621e-05


