# Created by Octave 5.1.0, Wed Apr 22 01:19:59 2020 GMT <unknown@Thomas-PC>
# name: contactConvergence
# type: matrix
# rows: 7
# columns: 1
 0.64227191199750888
 0.48170393399813166
 0.51210858011362426
 2.6020852139652106e-18
 2.3852447794681098e-18
 7.3725747729014302e-18
 5.2041704279304213e-18


