# Created by Octave 5.1.0, Wed Apr 22 01:26:54 2020 GMT <unknown@Thomas-PC>
# name: contactConvergence
# type: matrix
# rows: 8
# columns: 1
 0.91240473970310487
 0.45620236985155244
 0.22810118492577622
 0.28475164304312001
 9.5206503271383358e-19
 7.0134328032656068e-19
 1.3213713977167085e-19
 2.0599841277224584e-18


