# Created by Octave 5.1.0, Wed Apr 22 01:26:54 2020 GMT <unknown@Thomas-PC>
# name: equilibriumConvergence
# type: matrix
# rows: 8
# columns: 1
 0.88996341056504746
 0.46021463875973834
 0.2475691124315457
 0.04553986577166115
 0.0027976944446258313
 2.040204400541894e-05
 1.2181937970695043e-09
 9.4869171542817702e-15


