# Created by Octave 5.1.0, Wed Apr 22 01:18:29 2020 GMT <unknown@Thomas-PC>
# name: equilibriumConvergence
# type: matrix
# rows: 6
# columns: 1
 1.9773334748355944
 1.5126143285645659
 0.15752718251346359
 0.0017498337968764293
 5.4252850479075444e-07
 6.391852423045267e-14


