# Created by Octave 5.1.0, Wed Apr 22 01:19:59 2020 GMT <unknown@Thomas-PC>
# name: equilibriumConvergence
# type: matrix
# rows: 7
# columns: 1
 1.3207930440621902
 0.99449245935306285
 0.93272343201323782
 0.061714616579353197
 0.00048762236503716337
 5.2048556608666536e-08
 4.3129826553451594e-15


