# Created by Octave 5.1.0, Wed Apr 22 01:18:04 2020 GMT <unknown@Thomas-PC>
# name: equilibriumConvergence
# type: matrix
# rows: 6
# columns: 1
 3.8188130791298733
 2.2412822776792614
 0.27397751388238645
 0.00082367001633972317
 1.0745701304632425e-08
 4.3836563118576667e-16


