# Created by Octave 5.1.0, Tue Feb 25 16:09:15 2020 GMT <unknown@Thomas-PC>
# name: equilibriumConvergence
# type: matrix
# rows: 16
# columns: 1
 0.40452132953249759
 0.39814464321627363
 1.0370594596126952
 0.41673835949354215
 0.36874455986451593
 0.34700090211823653
 0.33288724857059243
 0.31291600286104615
 0.13416212528798346
 0.11623246003956171
 0.10775175446988573
 0.098239188095401539
 0.09188901209967125
 0.046995523538381732
 0.046867885414408582
 0.078598991233480756


