# Created by Octave 5.1.0, Wed Apr 22 03:11:55 2020 GMT <unknown@Thomas-PC>
# name: equilibriumConvergence
# type: matrix
# rows: 26
# columns: 1
 0.52421140203522265
 0.26786946983705778
 0.26829798425380691
 0.21796467407481901
 0.11305607826541403
 0.11781753049710346
 0.11821700194531223
 0.1182514416725169
 0.11686155189245455
 0.11485939370734785
 0.11529013773808423
 0.11529722688906842
 0.11460088218815166
 0.15431859913218213
 0.19377413231976043
 0.25211815201967408
 0.37919289221162383
 0.86869308006643065
 7.291054131751423
 0.52051161543920366
 0.44117199436402549
 0.075736677016374238
 0.0094974274143984228
 0.00045071944503326131
 1.0944709771320416e-06
 6.4511020580547324e-12


