# Created by Octave 5.1.0, Wed Apr 22 01:18:29 2020 GMT <unknown@Thomas-PC>
# name: lambda_sol
# type: matrix
# rows: 5
# columns: 1
 0
 0
 -3.4595809730203126
 0
 0


