# Created by Octave 5.1.0, Wed Apr 22 03:11:55 2020 GMT <unknown@Thomas-PC>
# name: lambda_sol
# type: matrix
# rows: 33
# columns: 1
 0
 0
 0
 0
 0
 0
 0
 0
 0
 0
 0
 0
 0
 0
 -0.10492839869303273
 0
 -5.266787016761401
 0
 -0.10492839869303378
 0
 0
 0
 0
 0
 0
 0
 0
 0
 0
 0
 0
 0
 0


