# Created by Octave 5.1.0, Wed Apr 22 01:18:04 2020 GMT <unknown@Thomas-PC>
# name: u_sol
# type: matrix
# rows: 18
# columns: 1
 0.0090962043707836521
 -0.009096204370783692
 0
 0
 -1.9112655148435427e-17
 -0.023267926720589228
 0
 0.023267926720589211
 -5.710050937449884e-18
 -0.14657453289977901
 -0.14657453289977904
 0
 0
 -0.10000000000000002
 -0.096305345705646542
 0
 -0.096305345705646528
 -0.095750514962103184


