# Created by Octave 5.1.0, Wed Apr 22 01:18:29 2020 GMT <unknown@Thomas-PC>
# name: u_sol
# type: matrix
# rows: 50
# columns: 1
 0.011508095535637215
 -0.011508095535637182
 0
 0
 1.6524039525612142e-17
 -0.025602396882677399
 0
 0.025602396882677413
 3.775016635299932e-18
 0.0058130245846477547
 1.0360664217029729e-17
 0.0059263844308712751
 -0.0058130245846477208
 -0.0059263844308712534
 -0.015625322012025933
 -0.011948356306116757
 -0.028148509186848494
 -0.010304587355449108
 0
 1.2722267235806932e-19
 0
 0.01030458735544911
 0.028148509186848501
 0.011948356306116768
 0.015625322012025954
 -0.14764993058340317
 -0.14764993058340314
 0
 0
 -0.099999999999999992
 -0.10048248274339748
 0
 -0.10048248274339749
 -0.099223974962676528
 -0.13996937645315233
 -0.11724401292719497
 -0.13056706053215592
 -0.1399693764531523
 -0.13056706053215592
 -0.13207514656001104
 -0.10188429186994039
 -0.060264773795986319
 -0.055822355449257718
 0
 -0.054395817674650314
 0
 -0.055822355449257725
 -0.060264773795986326
 -0.1018842918699404
 -0.13207514656001107


