# Created by Octave 5.1.0, Wed Apr 22 01:19:59 2020 GMT <unknown@Thomas-PC>
# name: u_sol
# type: matrix
# rows: 162
# columns: 1
 0.011237617707164567
 -0.011237617707164608
 0
 0
 -2.2258900398574509e-17
 -0.028056460959968121
 0
 0.028056460959968103
 -6.2719914340855597e-18
 0.0079277358639902058
 -1.433419953252955e-17
 0.007343538417451328
 -0.0079277358639902509
 -0.0073435384174513566
 -0.017095343212292079
 -0.013059107996883342
 -0.03132482161790786
 -0.011841033126034625
 0
 -1.4231582276330481e-18
 0
 0.011841033126034621
 0.031324821617907853
 0.013059107996883326
 0.017095343212292047
 0.0097911539762350012
 0.005893529846896001
 0.0093601322315688476
 -1.7935835941696413e-17
 0.0020752501876705335
 0.0049053672555377107
 0.0044227386797926075
 0.0028400187721768218
 -1.0346062555134815e-17
 -0.0049053672555377558
 -0.0020752501876705699
 -0.009360132231568884
 -0.0058935298468960375
 -0.0097911539762350445
 -0.0028400187721768499
 -0.0044227386797926283
 -0.012452857918663615
 -0.012162844568504368
 -0.020749601701779689
 -0.016476932094133437
 -0.022970417600900791
 -0.010187127460503544
 -0.0060012860516078801
 -0.031795929133813176
 -0.02270389718095648
 -0.012286089725078123
 -0.020598059802466786
 -0.023907933837108538
 -0.01388147038342151
 -0.0065074225840743571
 0
 -0.0068534580211795561
 -8.2265002961460799e-19
 -0.0031051304375271814
 0
 -0.0054398602258712049
 -3.8437706452027896e-18
 0
 0.0031051304375271801
 0.012286089725078121
 0.0068534580211795544
 0
 0.0054398602258712014
 0.0065074225840743502
 0.023907933837108535
 0.020598059802466779
 0.020749601701779672
 0.022703897180956469
 0.031795929133813162
 0.013881470383421501
 0.0060012860516078671
 0.022970417600900767
 0.016476932094133413
 0.012162844568504338
 0.012452857918663579
 0.010187127460503521
 -0.14955574559200899
 -0.14955574559200902
 0
 0
 -0.099999999999999992
 -0.10391615711266267
 0
 -0.10391615711266264
 -0.10320881051111572
 -0.14634068246303444
 -0.12588999367641995
 -0.13538969680050045
 -0.14634068246303447
 -0.13538969680050045
 -0.13474898195478741
 -0.1052968663283466
 -0.062452385291977282
 -0.057783703992626105
 0
 -0.056738546834193118
 0
 -0.057783703992626105
 -0.062452385291977268
 -0.10529686632834659
 -0.13474898195478741
 -0.14926012645403056
 -0.14328306664740895
 -0.14568331763214026
 -0.12406689819922601
 -0.13662030961139582
 -0.13742171341033033
 -0.12003939677583933
 -0.1310822913561718
 -0.11795837565615019
 -0.13742171341033033
 -0.13662030961139585
 -0.14568331763214029
 -0.14328306664740895
 -0.14926012645403056
 -0.1310822913561718
 -0.12003939677583933
 -0.14466267576514028
 -0.1369805794022311
 -0.10622639732418782
 -0.12368523712257636
 -0.12099597492824249
 -0.12268744000582806
 -0.10355534469919674
 -0.085144405045650559
 -0.084857438687743342
 -0.029928096179076331
 -0.059346880997474961
 -0.035037312291328483
 -0.083443722948152235
 -0.082232239080567621
 0
 -0.029545547489304831
 -0.029285388873130574
 -0.029454291429011677
 0
 -0.057143733698087631
 -0.081688422116799567
 0
 -0.029454291429011677
 -0.029928096179076331
 -0.029545547489304828
 0
 -0.057143733698087631
 -0.082232239080567621
 -0.035037312291328476
 -0.059346880997474954
 -0.1062263973241878
 -0.084857438687743342
 -0.085144405045650545
 -0.083443722948152235
 -0.10355534469919674
 -0.12099597492824246
 -0.12368523712257634
 -0.1369805794022311
 -0.14466267576514025
 -0.12268744000582804


