# Created by Octave 5.1.0, Wed Apr 22 01:26:54 2020 GMT <unknown@Thomas-PC>
# name: u_sol
# type: matrix
# rows: 578
# columns: 1
 0.0095552986528610658
 -0.0095552986528610866
 0
 0
 -1.5817043139516418e-17
 -0.032501387061094525
 0
 0.032501387061094525
 -2.5325252207827678e-18
 0.0080247202508439905
 -5.9356757669182775e-18
 0.010523929567090237
 -0.0080247202508440113
 -0.010523929567090249
 -0.020713288013870356
 -0.015861461428200899
 -0.03488236268982408
 -0.013682611247637802
 0
 -6.8946519421183198e-21
 0
 0.013682611247637802
 0.034882362689824073
 0.015861461428200895
 0.020713288013870346
 0.0087415220475073451
 0.0082663039827262867
 0.011595541881266673
 -7.8599034156208151e-18
 0.0040779595140674621
 0.0076917143850513056
 0.0064968137953833596
 0.004971088303716043
 -4.0498398636748619e-18
 -0.007691714385051329
 -0.0040779595140674777
 -0.011595541881266689
 -0.008266303982726304
 -0.0087415220475073659
 -0.0049710883037160552
 -0.0064968137953833683
 -0.014420396054288128
 -0.015798595780238071
 -0.024436113920450846
 -0.020478961422483375
 -0.027181725831271923
 -0.013478005237571528
 -0.0076567593609249592
 -0.035901508836827432
 -0.02601155605033394
 -0.014181066231306386
 -0.0233245664303245
 -0.026631099585645111
 -0.016256296370954892
 -0.007727403342243107
 0
 -0.0078203022925103921
 3.5519121770964832e-19
 -0.0035549092520635
 0
 -0.0063239803808738037
 -9.1701123279746789e-19
 0
 0.0035549092520635018
 0.014181066231306386
 0.0078203022925103921
 0
 0.0063239803808738046
 0.0077274033422431053
 0.026631099585645111
 0.0233245664303245
 0.024436113920450839
 0.026011556050333937
 0.035901508836827432
 0.016256296370954892
 0.0076567593609249539
 0.027181725831271913
 0.020478961422483365
 0.015798595780238057
 0.014420396054288112
 0.013478005237571519
 0.0091426118706050569
 0.010001968111752265
 0.010856249049546705
 0.0078644111652792885
 0.009017493616669597
 0.0083730053541151081
 0.011473825958070954
 0.01003417575476772
 0.0092160707128369889
 -7.5154095096211187e-18
 0.0026720034992588422
 0.0083956161297962587
 0.0019866561217841013
 0.0018595193487809657
 -7.0393359998123837e-18
 0.0077458602939645838
 0.0047834475129824063
 0.0064839965156345313
 0.0035088899936514257
 0.0031727523372915194
 -3.062689322812399e-18
 0.0077418518266935583
 0.0057374372240370768
 0.0088444589370090358
 -5.1215178381696524e-18
 0.0027744437622448273
 0.0023543242685615438
 0.0062713579203212497
 0.0043326872779402012
 0.0068061558460662617
 -0.0083956161297962829
 -0.0026720034992588596
 -0.0064839965156345495
 -0.0047834475129824245
 -0.0077458602939646046
 -0.0018595193487809815
 -0.0019866561217841147
 -0.010856249049546724
 -0.010001968111752284
 -0.0091426118706050778
 -0.0092160707128370028
 -0.010034175754767737
 -0.011473825958070968
 -0.0083730053541151289
 -0.0090174936166696144
 -0.0078644111652793058
 -0.0031727523372915276
 -0.0035088899936514322
 -0.0023543242685615559
 -0.0027744437622448368
 -0.0088444589370090462
 -0.0057374372240370864
 -0.0077418518266935705
 -0.0062713579203212654
 -0.0068061558460662756
 -0.0043326872779402151
 -0.011687489285132691
 -0.013009436173121215
 -0.018270790839542004
 -0.015525853581008747
 -0.017475345947621779
 -0.013562356143428673
 -0.013222227905281981
 -0.028604936243079727
 -0.02641112600649901
 -0.03010333238028676
 -0.018728760439147733
 -0.022616961179109524
 -0.020143509051903555
 -0.023997467455676602
 -0.023865165617314263
 -0.021100800878835702
 -0.0071623382520838354
 -0.0037786769306077557
 -0.011999702163501382
 -0.0099523602737859457
 -0.011683840683398289
 -0.010938168148372717
 -0.014811914010739566
 -0.018155904057533593
 -0.017006203689208872
 -0.015119945386698252
 -0.03466875091779769
 -0.030277494618630049
 -0.030795612583281489
 -0.031084370224475247
 -0.036065327848318396
 -0.02562993547181339
 -0.020938746128674291
 -0.010209326239568627
 -0.019498776559448896
 -0.017620684435111895
 -0.018149072786556131
 -0.019676093531832129
 -0.014934422006264568
 -0.031948597637207046
 -0.025536978498905585
 -0.029093750210293163
 -0.0078656828130651731
 -0.0039146194356047158
 -0.016366504952825281
 -0.012002466873352489
 -0.011116980923000749
 -0.011840260974682753
 -0.015392263006813929
 -0.025335649168352667
 -0.020133880855911879
 -0.021002845225242043
 0
 -0.0072898466477783674
 -0.0040102627534089842
 -0.0054227768379241179
 0
 -0.010577068910983575
 -0.011121039282065596
 3.6435891054841452e-19
 -0.00088910569206614545
 0
 -0.0024875674590951976
 -0.0017358132376530144
 1.5739619924566015e-19
 0
 -0.0018233539916241289
 -0.0028437875974012716
 -0.0038248667027861688
 -1.4420179281025239e-18
 -0.0097989617411297861
 -0.0072134907323980002
 -3.76492161868862e-19
 -0.0035526097185668336
 -0.0031024933646429309
 -0.0055433095477903285
 -0.0050848440532518619
 -0.0079111895877158611
 0
 0.00088910569206614555
 0.0028437875974012725
 0.0018233539916241298
 0
 0.001735813237653015
 0.0024875674590951989
 0.010209326239568627
 0.0072898466477783674
 0
 0.011121039282065596
 0.010577068910983575
 0.01493442200626457
 0
 0.0054227768379241179
 0.0040102627534089851
 0.0038248667027861666
 0.0039146194356047123
 0.0031024933646429309
 0.0035526097185668327
 0.011116980923000747
 0.0072134907323979994
 0.0097989617411297861
 0.0055433095477903302
 0.0079111895877158629
 0.0050848440532518637
 0.017620684435111895
 0.019498776559448896
 0.029093750210293163
 0.025536978498905585
 0.031948597637207039
 0.019676093531832129
 0.018149072786556131
 0.02860493624307972
 0.030277494618630042
 0.03466875091779769
 0.020938746128674288
 0.025629935471813386
 0.020143509051903548
 0.036065327848318396
 0.031084370224475244
 0.030795612583281489
 0.0078656828130651696
 0.0037786769306077509
 0.015392263006813928
 0.011840260974682751
 0.011683840683398283
 0.012002466873352487
 0.016366504952825277
 0.025335649168352667
 0.021002845225242043
 0.020133880855911876
 0.03010333238028675
 0.026411126006499003
 0.021100800878835691
 0.023865165617314252
 0.023997467455676592
 0.022616961179109517
 0.018728760439147726
 0.013009436173121197
 0.011687489285132672
 0.013222227905281969
 0.013562356143428657
 0.017475345947621766
 0.015525853581008733
 0.018270790839541994
 0.0071623382520838285
 0.014811914010739559
 0.01093816814837271
 0.009952360273785937
 0.011999702163501371
 0.018155904057533583
 0.015119945386698242
 0.017006203689208861
 -0.15318204857661724
 -0.15318204857661724
 0
 0
 -0.10000000000000001
 -0.10911110128307976
 0
 -0.10911110128307974
 -0.11036270744191753
 -0.15809304827547649
 -0.14225940462093839
 -0.14486857443171197
 -0.15809304827547649
 -0.14486857443171197
 -0.13988499890435929
 -0.1112709518374751
 -0.065684220400400214
 -0.060538475032305798
 0
 -0.059912932495489624
 0
 -0.060538475032305791
 -0.065684220400400201
 -0.11127095183747508
 -0.13988499890435926
 -0.15662298973257735
 -0.1543186406093415
 -0.15315480237773391
 -0.14859357084861582
 -0.15258153467736094
 -0.15609626409097749
 -0.12958354551751494
 -0.14369716255018086
 -0.12902574234404932
 -0.15609626409097749
 -0.15258153467736094
 -0.15315480237773391
 -0.1543186406093415
 -0.15662298973257735
 -0.14369716255018086
 -0.12958354551751494
 -0.14916747869168337
 -0.14401135295313988
 -0.11153626910281574
 -0.12997415230318882
 -0.12636209485167194
 -0.13041884257503422
 -0.11047140296275793
 -0.089208718962039746
 -0.088867459455662087
 -0.031433045796292344
 -0.062017018156610849
 -0.037653788135034075
 -0.087750268473214071
 -0.086997160167625015
 0
 -0.030822974350022955
 -0.030774440471905758
 -0.030807343807784649
 0
 -0.060089726688589244
 -0.086727356837159833
 0
 -0.030807343807784646
 -0.031433045796292344
 -0.030822974350022955
 0
 -0.060089726688589244
 -0.086997160167625015
 -0.037653788135034068
 -0.062017018156610842
 -0.11153626910281572
 -0.088867459455662087
 -0.089208718962039732
 -0.087750268473214071
 -0.11047140296275791
 -0.12636209485167194
 -0.12997415230318879
