# Created by Octave 5.1.0, Wed Apr 22 03:11:55 2020 GMT <unknown@Thomas-PC>
# name: u_sol
# type: matrix
# rows: 2178
# columns: 1
 0.010899140668963315
 -0.010899140668963346
 0
 0
 -1.7674106357190543e-17
 -0.032820284821831962
 0
 0.032820284821831948
 -4.5768468746937319e-18
 0.010691190496125122
 -9.8492341177041672e-18
 0.011087777439677553
 -0.010691190496125153
 -0.01108777743967757
 -0.02158965457249808
 -0.01579967064852756
 -0.035186544526912722
 -0.013717316108651446
 0
 -5.3174811333879293e-19
 0
 0.013717316108651442
 0.035186544526912708
 0.015799670648527549
 0.021589654572498063
 0.010560403743745067
 0.009839441161780392
 0.013158060037164571
 -1.1977757834317282e-17
 0.0050825505712258166
 0.01271937167801169
 0.006490084635644198
 0.0050849162562340202
 -7.6687908781335165e-18
 -0.012719371678011722
 -0.00508255057122584
 -0.013158060037164595
 -0.0098394411617804163
 -0.010560403743745096
 -0.0050849162562340393
 -0.0064900846356442127
 -0.015873962524847334
 -0.016642461386823772
 -0.024492512733328226
 -0.020819773253357418
 -0.027593121548845162
 -0.013625249078569112
 -0.0075800691765214659
 -0.036052077449004821
 -0.026033637454039145
 -0.014507552710707212
 -0.023491788472320196
 -0.027141802303677496
 -0.01620628077060178
 -0.0076534132093457269
 0
 -0.007873660426317753
 1.4623495609088405e-18
 -0.0035477385849455065
 0
 -0.0062988612802054259
 -2.2849543891620026e-18
 0
 0.0035477385849455073
 0.01450755271070721
 0.007873660426317753
 0
 0.0062988612802054259
 0.0076534132093457217
 0.027141802303677492
 0.023491788472320193
 0.024492512733328215
 0.026033637454039138
 0.036052077449004807
 0.016206280770601773
 0.0075800691765214563
 0.027593121548845148
 0.020819773253357408
 0.016642461386823751
 0.01587396252484731
 0.013625249078569098
 0.010680277600961912
 0.011816879847126869
 0.012533095234937718
 0.01016695912525498
 0.011041245651652567
 0.010544136277104134
 0.012598074199109539
 0.011625867345144753
 0.010183577346153667
 -1.2486164214097725e-17
 0.0050753610921714836
 0.016140974567156671
 0.0020508395818551002
 0.0022771714551890433
 -1.0921351651588081e-17
 0.011238162508204972
 0.0075516316909147556
 0.0090927733578018265
 0.0034963566424110037
 0.0031644616802082902
 -6.3084580117447881e-18
 0.0080772659479903825
 0.0057688681776426626
 0.0089964255459411991
 -8.7716860728034445e-18
 0.0027668127616985601
 0.0023553590679885749
 0.0076852022010864343
 0.0046747873286328862
 0.007504464150533437
 -0.016140974567156699
 -0.0050753610921715087
 -0.0090927733578018526
 -0.0075516316909147816
 -0.011238162508205002
 -0.0022771714551890667
 -0.0020508395818551219
 -0.012533095234937744
 -0.011816879847126895
 -0.010680277600961942
 -0.01018357734615369
 -0.011625867345144777
 -0.012598074199109559
 -0.010544136277104163
 -0.011041245651652593
 -0.010166959125255006
 -0.0031644616802083054
 -0.0034963566424110163
 -0.0023553590679885944
 -0.0027668127616985775
 -0.0089964255459412164
 -0.00576886817764268
 -0.0080772659479904033
 -0.0076852022010864577
 -0.0075044641505334587
 -0.0046747873286329079
 -0.013253455178373424
 -0.014534063357463479
 -0.019155787090777723
 -0.016742492496669582
 -0.01865691894615179
 -0.014761420935063153
 -0.013960469204348829
 -0.028763134044377598
 -0.026664244886372823
 -0.030396539058302682
 -0.018838962656898946
 -0.022805122241312526
 -0.020129647567440279
 -0.024607138458908349
 -0.02425764761108146
 -0.021702785240521112
 -0.007123343217603881
 -0.0037351650153625809
 -0.012309640052840005
 -0.010001097363495179
 -0.011599628800426179
 -0.01091512546002907
 -0.014845032053803634
 -0.018710071205954387
 -0.01726044345744952
 -0.015573889884995933
 -0.034837379668685872
 -0.030347524300218295
 -0.030933628463285918
 -0.031156793363598594
 -0.03627034994218957
 -0.025639475539531678
 -0.020902590573026472
 -0.010747762701672828
 -0.019959952840802726
 -0.018208221760168057
 -0.018244512651207422
 -0.019935160949374909
 -0.015087975247405591
 -0.032369291289319618
 -0.025906847807357882
 -0.029340227965654862
 -0.007778078922111238
 -0.0038415961154667526
 -0.016297443052674349
 -0.011915974464273326
 -0.011078717747083583
 -0.011771191518792787
 -0.015381718122448713
 -0.025416383333950035
 -0.020163625908005797
 -0.020983736930402112
 0
 -0.0074722749931725721
 -0.0040319496362514117
 -0.005493015779628946
 0
 -0.010725888256421547
 -0.011182966810288988
 1.199519245190544e-18
 -0.00088620780125884006
 0
 -0.0024768748614972767
 -0.001729827333305795
 4.1992165423072625e-19
 0
 -0.0018180109264411856
 -0.0028442523942527344
 -0.0037691250231545615
 -3.3130117890689165e-18
 -0.0097912942796512456
 -0.0071653258176722356
 -1.2857905598643435e-18
 -0.0035170620790423669
 -0.0030824503787019214
 -0.0055515631240507677
 -0.0050731935399243215
 -0.0079202125590915103
 0
 0.0008862078012588418
 0.0028442523942527353
 0.0018180109264411867
 0
 0.0017298273333057972
 0.0024768748614972776
 0.010747762701672827
 0.0074722749931725703
 0
 0.011182966810288986
 0.010725888256421547
 0.015087975247405589
 0
 0.005493015779628946
 0.0040319496362514117
 0.0037691250231545567
 0.0038415961154667456
 0.0030824503787019206
 0.0035170620790423643
 0.011078717747083579
 0.0071653258176722322
 0.0097912942796512439
 0.0055515631240507686
 0.0079202125590915103
 0.0050731935399243224
 0.018208221760168054
 0.019959952840802722
 0.029340227965654855
 0.025906847807357879
 0.032369291289319611
 0.019935160949374909
 0.018244512651207419
 0.028763134044377588
 0.030347524300218288
 0.034837379668685858
 0.020902590573026465
 0.025639475539531668
 0.020129647567440269
 0.036270349942189563
 0.031156793363598587
 0.030933628463285911
 0.007778078922111231
 0.0037351650153625714
 0.01538171812244871
 0.01177119151879278
 0.011599628800426169
 0.011915974464273319
 0.016297443052674342
 0.025416383333950028
 0.020983736930402105
 0.020163625908005793
 0.030396539058302668
 0.026664244886372809
 0.021702785240521098
 0.024257647611081446
 0.024607138458908332
 0.022805122241312516
 0.018838962656898935
 0.014534063357463455
 0.013253455178373397
 0.01396046920434881
 0.014761420935063132
 0.01865691894615177
 0.016742492496669561
 0.019155787090777705
 0.0071233432176038688
 0.014845032053803622
 0.010915125460029059
 0.010001097363495165
 0.012309640052839988
 0.018710071205954373
 0.015573889884995917
 0.017260443457449506
 0.010783590682623283
 0.011596696780043816
 0.011799364337166643
 0.011195364762353813
 0.011394429659599517
 0.01060679476524291
 0.012995552173329381
 0.012180591568232788
 0.012461664463387459
 0.010473405167998344
 0.010635849567927382
 0.010587838518941739
 0.010643448777308263
 0.010620363720094428
 0.0099275294889090669
 0.010538588934079142
 0.010813428045601873
 0.011001070597882674
 0.011937403419755677
 0.011424788106168949
 0.010580573501567658
 0.012417539559710658
 0.012058195250623738
 0.013018593447714376
 0.0099279561494861682
 0.011031120528660574
 0.010771026145903405
 0.011438315629215302
 0.011295455245563708
 0.011897963958237834
 -1.3877384877404063e-17
 0.010293196849006786
 -0.00054844056261718177
 0.0015447579116867119
 0.0032876911318225643
 -1.2435161926984695e-17
 0.014087091079310868
 0.0098984378886670076
 0.0099243937559701199
 0.0010367024502555241
 0.00095558035497983452
 -1.0418426582658547e-17
 0.0036629785187595209
 0.0020414058523928282
 0.0033318409569126732
 -1.1296882773836103e-17
 0.00093088712693897521
 0.0010468895515208549
 0.010889867677409001
 0.010213701546865579
 0.01033164465645799
 0.010022955250807762
 0.010115629122365938
 0.011813582797965802
 0.0071668608513876407
 0.0084069700395639664
 0.0059469677790716657
 0.0030521276771334391
 0.0045558856019572843
 0.0064594313194441646
 0.0018001919833704942
 0.0017356751464539918
 -5.4625059962750883e-18
 0.0048025731764132582
 0.0033408441448155254
 0.0050604251344772968
 -6.9979394923144706e-18
 0.0016582823144900077
 0.0015688666244552101
 0.0095927668776495216
