# Created by Octave 5.1.0, Tue Apr 21 17:25:12 2020 GMT <unknown@Thomas-PC>
# name: contactConvergence
# type: matrix
# rows: 4
# columns: 1
 0.78315471068617681
 7.7351796071776306e-08
 2.5328155346642734e-11
 2.7973301817140573e-18


