# Created by Octave 5.1.0, Tue Apr 21 17:35:24 2020 GMT <unknown@Thomas-PC>
# name: contactConvergence
# type: matrix
# rows: 5
# columns: 1
 0.35635472063650286
 0.17817736035341139
 0.20869377303562536
 2.457809155011709e-09
 5.4667067848740621e-15


