# Created by Octave 5.1.0, Tue Apr 21 17:24:48 2020 GMT <unknown@Thomas-PC>
# name: contactConvergence
# type: matrix
# rows: 4
# columns: 1
 1.7885799886816012
 7.4436017306996437e-09
 4.8744192119426134e-11
 8.7166812384373864e-18


