# Created by Octave 5.1.0, Tue Apr 21 17:24:39 2020 GMT <unknown@Thomas-PC>
# name: contactConvergence
# type: matrix
# rows: 5
# columns: 1
 0
 0.067611512685530339
 6.1227907344387628e-06
 5.4904552432288867e-09
 3.4694469519536142e-18


