# Created by Octave 5.1.0, Tue Apr 21 17:26:32 2020 GMT <unknown@Thomas-PC>
# name: contactConvergence
# type: matrix
# rows: 3
# columns: 1
 0.82380570506583695
 9.832732910497775e-08
 3.231232434870847e-13


