# Created by Octave 5.1.0, Sat Feb 15 15:06:51 2020 GMT <unknown@Thomas-PC>
# name: contactConvergence
# type: matrix
# rows: 4
# columns: 1
 0.18202731581328194
 0.24716767810802096
 1.0222696897069595e-11
 9.5289974379764187e-19


