# Created by Octave 5.1.0, Sat Feb 15 13:57:32 2020 GMT <unknown@Thomas-PC>
# name: contactConvergence
# type: matrix
# rows: 3
# columns: 1
 0.40927842373987572
 1.0301752627864319e-08
 1.5260644724057992e-14


