# Created by Octave 5.1.0, Sat Feb 15 15:06:51 2020 GMT <unknown@Thomas-PC>
# name: equilibriumConvergence
# type: matrix
# rows: 4
# columns: 1
 0.19468748592301127
 5.934366067516276e-06
 1.5541608288674288e-07
 6.3324926499828377e-14


