# Created by Octave 5.1.0, Tue Apr 21 17:26:32 2020 GMT <unknown@Thomas-PC>
# name: equilibriumConvergence
# type: matrix
# rows: 3
# columns: 1
 0.97399879926733124
 0.00014457712716011263
 3.8368072395072528e-11


