# Created by Octave 5.1.0, Tue Apr 21 17:35:24 2020 GMT <unknown@Thomas-PC>
# name: equilibriumConvergence
# type: matrix
# rows: 5
# columns: 1
 0.57985201218141114
 0.28992237095016266
 0.21744155227537126
 3.903623403663799e-06
 7.1483398162098442e-13


