# Created by Octave 5.1.0, Sat Feb 15 13:57:32 2020 GMT <unknown@Thomas-PC>
# name: equilibriumConvergence
# type: matrix
# rows: 3
# columns: 1
 0.34365536977896594
 8.6433342400352226e-06
 6.3827152422751276e-12


