# Created by Octave 5.1.0, Tue Apr 21 17:24:48 2020 GMT <unknown@Thomas-PC>
# name: equilibriumConvergence
# type: matrix
# rows: 4
# columns: 1
 2.4563858855139271
 0.0010893304789110091
 1.114404539054894e-09
 1.6664591538625724e-15


