# Created by Octave 5.1.0, Tue Apr 21 17:24:39 2020 GMT <unknown@Thomas-PC>
# name: equilibriumConvergence
# type: matrix
# rows: 5
# columns: 1
 3.8188130791298733
 1.7892964204162132e-15
 0.00510878358128711
 3.9909827603768995e-08
 1.0086722023903606e-15


