# Created by Octave 5.1.0, Tue Apr 21 17:25:12 2020 GMT <unknown@Thomas-PC>
# name: equilibriumConvergence
# type: matrix
# rows: 4
# columns: 1
 1.6492775627707452
 0.00025871150287772981
 4.2190371679730694e-10
 3.5965883967781349e-15


