# Created by Octave 5.1.0, Tue Apr 21 17:24:48 2020 GMT <unknown@Thomas-PC>
# name: lambda_sol
# type: matrix
# rows: 5
# columns: 1
 0
 -0.21485311585873315
 -6.2715965738225181
 -0.21485311585873351
 0


