# Created by Octave 5.1.0, Tue Apr 21 17:25:12 2020 GMT <unknown@Thomas-PC>
# name: lambda_sol
# type: matrix
# rows: 9
# columns: 1
 0
 0
 0
 -4.0926972534330828
 -5.5517558618785285
 -4.0926972534330845
 0
 0
 0


