# Created by Octave 5.1.0, Tue Apr 21 17:26:32 2020 GMT <unknown@Thomas-PC>
# name: lambda_sol
# type: matrix
# rows: 17
# columns: 1
 0
 0
 0
 0
 0
 -1.6226201277594678
 -4.2004798442275524
 -5.0133132403066725
 -5.4341324457625833
 -5.0133132403066698
 -4.2004798442275577
 -1.622620127759467
 0
 0
 0
 0
 0


