# Created by Octave 5.1.0, Tue Apr 21 17:35:24 2020 GMT <unknown@Thomas-PC>
# name: lambda_sol
# type: matrix
# rows: 33
# columns: 1
 0
 0
 0
 0
 0
 0
 0
 0
 0
 0
 -1.9805262984417309
 -3.3253728054310145
 -4.0727256224153177
 -4.6210550064890716
 -5.0017179881166216
 -5.2105192459044449
 -5.4003796989285977
 -5.2105192459044423
 -5.0017179881166207
 -4.6210550064890707
 -4.0727256224153248
 -3.325372805431007
 -1.9805262984417371
 0
 0
 0
 0
 0
 0
 0
 0
 0
 0


