# Created by Octave 5.1.0, Sat Feb 15 13:57:32 2020 GMT <unknown@Thomas-PC>
# name: lambda_sol
# type: matrix
# rows: 65
# columns: 1
 0
 0
 0
 0
 0
 0
 0
 0
 0
 0
 0
 0
 0
 0
 0
 0
 0
 0
 0
 -0.82784496785682971
 -2.1424864090061733
 -2.7575104016796184
 -3.2444620831747413
 -3.6589158661865779
 -4.0178807973449366
 -4.3288354779821443
 -4.5955438852682207
 -4.8198520566132723
 -5.0024751557067892
 -5.1434022114042692
 -5.2420463468051288
 -5.2969058537097879
 -5.381066243027731
 -5.2969058537097995
 -5.2420463468051057
 -5.1434022114043083
 -5.0024751557067688
 -4.8198520566132563
 -4.5955438852682482
 -4.328835477982107
 -4.0178807973449224
 -3.6589158661865899
 -3.2444620831747151
 -2.757510401679625
 -2.1424864090061706
 -0.82784496785677741
 0
 0
 0
 0
 0
 0
 0
 0
 0
 0
 0
 0
 0
 0
 0
 0
 0
 0
 0


