# Created by Octave 5.1.0, Sat Feb 15 15:06:51 2020 GMT <unknown@Thomas-PC>
# name: lambda_sol
# type: matrix
# rows: 129
# columns: 1
 0
 0
 0
 0
 0
 0
 0
 0
 0
 0
 0
 0
 0
 0
 0
 0
 0
 0
 0
 0
 0
 0
 0
 0
 0
 0
 0
 0
 0
 0
 0
 0
 0
 0
 0
 0
 0
 0
 -1.1158920490101683
 -1.7135970960166951
 -2.1032621938076135
 -2.4306273226506723
 -2.7198717752942829
 -2.9810007100478049
 -3.2196563034189798
 -3.439482634183908
 -3.6429787272245266
 -3.8319104605991274
 -4.0075461328713819
 -4.1708039517260156
 -4.3223494157336946
 -4.4626620534842223
 -4.5920825727974286
 -4.7108470700309937
 -4.8191124412046316
 -4.916975627914157
 -5.0044883795656308
 -5.0816685699134734
 -5.148508598349558
 -5.2049808536609206
 -5.2510392813596845
 -5.2866138057593872
 -5.3115868533872908
 -5.3256887766198382
 -5.3641062182932204
 -5.3256887766197956
 -5.3115868533873272
 -5.2866138057593668
 -5.2510392813597004
 -5.2049808536608868
 -5.1485085983495713
 -5.0816685699135107
 -5.0044883795655828
 -4.9169756279141854
 -4.8191124412046289
 -4.7108470700310425
 -4.5920825727973753
 -4.4626620534842223
 -4.3223494157337461
 -4.1708039517259365
 -4.0075461328714983
 -3.8319104605989871
 -3.6429787272246403
 -3.4394826341838374
 -3.2196563034189722
 -2.9810007100478368
 -2.7198717752942891
 -2.4306273226506887
 -2.1032621938075144
 -1.7135970960167535
 -1.1158920490101745
 0
 0
 0
 0
 0
 0
 0
 0
 0
 0
 0
 0
 0
 0
 0
 0
 0
 0
 0
 0
 0
 0
 0
 0
 0
 0
 0
 0
 0
 0
 0
 0
 0
 0
 0
 0
 0
 0


