# Created by Octave 5.1.0, Tue Apr 21 17:24:39 2020 GMT <unknown@Thomas-PC>
# name: u_sol
# type: matrix
# rows: 18
# columns: 1
 0.010369763531538134
 -0.010369763531538982
 0
 0
 -4.6268485862819521e-16
 -0.022647104625903296
 0
 0.022647104625902897
 -1.6496689046884534e-16
 -0.14821475791538763
 -0.14821475791538796
 0
 0
 -0.060043705255973107
 -0.10389145938817199
 0
 -0.10389145938817178
 -0.092970771528656737


