# Created by Octave 5.1.0, Tue Apr 21 17:24:48 2020 GMT <unknown@Thomas-PC>
# name: u_sol
# type: matrix
# rows: 50
# columns: 1
 0.0086168945875655066
 -0.0086168945875654806
 0
 0
 1.544540782100207e-17
 -0.02442313825644471
 0
 0.02442313825644472
 2.1412998599410985e-18
 0.0047783254019884303
 7.9375724689973277e-18
 0.0017380438754691276
 -0.0047783254019884034
 -0.0017380438754691124
 -0.010262422106888712
 -0.010980488041797017
 -0.031293597002318721
 -0.012154509184598735
 0
 5.8737796450786713e-19
 0
 0.012154509184598736
 0.031293597002318728
 0.010980488041797024
 0.010262422106888727
 -0.1668631742902528
 -0.16686317429025277
 0
 0
 -0.089977721717891146
 -0.11877338073342823
 0
 -0.11877338073342823
 -0.11465927330096648
 -0.15007290971654835
 -0.12100052529794501
 -0.14641175645747589
 -0.15007290971654833
 -0.14641175645747587
 -0.15212224292684576
 -0.12039450479797041
 -0.075167038722486715
 -0.069329081107000687
 0
 -0.066008521360413741
 0
 -0.069329081107000687
 -0.075167038722486715
 -0.12039450479797041
 -0.15212224292684576


