# Created by Octave 5.1.0, Tue Apr 21 17:25:12 2020 GMT <unknown@Thomas-PC>
# name: u_sol
# type: matrix
# rows: 162
# columns: 1
 0.0079305813916046054
 -0.0079305813916045933
 0
 0
 6.751603035688644e-18
 -0.02291277428601585
 0
 0.022912774286015854
 1.9928252090044282e-18
 0.0058119579326136907
 3.0782531430341237e-18
 -0.0006120873420466089
 -0.0058119579326136794
 0.00061208734204661595
 -0.007387259605483391
 -0.0092991659757195241
 -0.03312297138199647
 -0.013387388896539988
 0
 5.0538566610712414e-19
 0
 0.01338738889653999
 0.03312297138199647
 0.0092991659757195293
 0.0073872596054833988
 0.0071065659203262818
 -0.0014620930079782325
 0.0014665367374572171
 4.6761451306512484e-18
 -0.0029392988669578574
 0.0030964741553663822
 0.00057046652862143541
 -0.0021025059282829286
 2.6325014181855812e-18
 -0.0030964741553663683
 0.002939298866957867
 -0.001466536737457208
 0.0014620930079782418
 -0.0071065659203262714
 0.0021025059282829351
 -0.00057046652862143032
 -0.0043064749398900272
 -0.0029278523192101122
 -0.016045925917155139
 -0.0086652464279829752
 -0.014583744153197907
 -0.0037379439700525301
 -0.0037782124837971603
 -0.029996133425879777
 -0.021523976053212376
 -0.015651609109907916
 -0.02274764067089317
 -0.027770077477207084
 -0.013129142501909257
 -0.0061961577156682754
 0
 -0.0088557370755277306
 1.8047633295258583e-19
 -0.0040193485634296318
 0
 -0.0061986177623372159
 1.3552306000446605e-18
 0
 0.0040193485634296327
 0.015651609109907916
 0.0088557370755277306
 0
 0.0061986177623372177
 0.0061961577156682789
 0.027770077477207084
 0.02274764067089317
 0.016045925917155143
 0.021523976053212376
 0.029996133425879777
 0.013129142501909261
 0.0037782124837971638
 0.014583744153197914
 0.0086652464279829804
 0.0029278523192101196
 0.0043064749398900367
 0.0037379439700525362
 -0.16602665951254841
 -0.16602665951254841
 0
 0
 -0.097523255064441136
 -0.11830127260617587
 0
 -0.11830127260617587
 -0.11688443968657766
 -0.1472023241514927
 -0.12622249372849811
 -0.14385033308083245
 -0.1472023241514927
 -0.14385033308083245
 -0.15050761351785455
 -0.12024796699322227
 -0.074695539852451864
 -0.070294350003966402
 0
 -0.068253935316420919
 0
 -0.070294350003966388
 -0.074695539852451864
 -0.12024796699322227
 -0.15050761351785455
 -0.16061159799321331
 -0.14723652459460479
 -0.1579293462974386
 -0.11605087361631802
 -0.12667278994645803
 -0.11237597190325443
 -0.12886239213401388
 -0.13210144901642826
 -0.12624659496924115
 -0.11237597190325443
 -0.12667278994645803
 -0.1579293462974386
 -0.14723652459460479
 -0.16061159799321331
 -0.13210144901642826
 -0.12886239213401388
 -0.16093534195451911
 -0.15081050962013728
 -0.12217034999705267
 -0.13899262088027303
 -0.13615945574342295
 -0.13524418875984681
 -0.11685125497299854
 -0.098881046141616094
 -0.10034814246401344
 -0.037496713850075566
 -0.072383224884620193
 -0.044024448409264519
 -0.098595872688140657
 -0.096558251522022853
 0
 -0.036612061255056477
 -0.035832680254281338
 -0.036257300310803382
 0
 -0.069036014632620282
 -0.095773167599562309
 0
 -0.036257300310803382
 -0.037496713850075566
 -0.036612061255056477
 0
 -0.069036014632620282
 -0.096558251522022853
 -0.044024448409264512
 -0.072383224884620193
 -0.12217034999705267
 -0.10034814246401344
 -0.098881046141616094
 -0.098595872688140657
 -0.11685125497299854
 -0.13615945574342295
 -0.13899262088027303
 -0.15081050962013728
 -0.16093534195451911
 -0.13524418875984681


