# Created by Octave 5.1.0, Tue Apr 21 17:26:32 2020 GMT <unknown@Thomas-PC>
# name: u_sol
# type: matrix
# rows: 578
# columns: 1
 0.0073017436593014523
 -0.0073017436593014609
 0
 0
 -1.0305310062923957e-18
 -0.022901061928199146
 0
 0.022901061928199143
 -1.9335686977328934e-18
 0.007111470176468267
 -4.1720213636259284e-18
 -0.0012076561541809082
 -0.0071114701764682748
 0.0012076561541809027
 -0.0067658801739145678
 -0.0092063791320522274
 -0.034464789311709647
 -0.014083930444839216
 0
 -9.8646296078223352e-19
 0
 0.014083930444839216
 0.034464789311709647
 0.0092063791320522222
 0.0067658801739145635
 0.0072515089010666053
 -0.0021256180324809109
 0.0012120763088968604
 -3.9358656581276306e-18
 -0.0033693574094856571
 0.0034884078903117933
 0.00075688986049025789
 -0.0022351431139922139
 -3.1411649895078634e-18
 -0.0034884078903117972
 0.0033693574094856502
 -0.0012120763088968661
 0.0021256180324809057
 -0.0072515089010666139
 0.0022351431139922065
 -0.00075688986049026396
 -0.0041253390779065167
 -0.0023189120637979073
 -0.015829959102781847
 -0.0082213239779440322
 -0.013994918704806104
 -0.0035296906861821018
 -0.0039432717164914781
 -0.030756577300573615
 -0.022000417542376902
 -0.01712419778372342
 -0.023824695275931181
 -0.029344202082551549
 -0.013426808503588555
 -0.0062269980536951951
 0
 -0.0094493663184235938
 -4.8515872864669667e-19
 -0.0042196359738328896
 0
 -0.0064382824865764103
 -1.6273958899168911e-18
 0
 0.0042196359738328896
 0.01712419778372342
 0.0094493663184235938
 0
 0.0064382824865764094
 0.0062269980536951925
 0.029344202082551549
 0.023824695275931181
 0.015829959102781843
 0.022000417542376902
 0.030756577300573611
 0.013426808503588553
 0.0039432717164914737
 0.013994918704806101
 0.0082213239779440287
 0.0023189120637979025
 0.0041253390779065115
 0.0035296906861820966
 0.0071138424004679865
 0.0033539895068135637
 0.0042544400102909156
 0.00050889132489529538
 0.0021319428496466542
 0.0074597800775162886
 -0.00081921545788010133
 -0.0004294853700502577
 -0.0024013243197817656
 -3.2143515672975391e-18
 -0.0010732043754373322
 0.0016626233633714365
 -0.0019519598055600862
 -0.0020231308389396956
 -4.1272183878959937e-18
 0.0055289824890690457
 -0.0017617258901121819
 -0.0011495030225438943
 0.0010196268836393252
 0.00019154646556000405
 -2.4355741347479058e-18
 -0.0021740209953374696
 -0.00082953712598973219
 -0.0003277032972373467
 -3.693149644676502e-18
 -0.00064044963861308642
 -0.0014006163013155998
 -0.0033619389265253617
 -0.003227103324417108
 -0.003362892399779137
 -0.0016626233633714378
 0.0010732043754373246
 0.0011495030225438896
 0.0017617258901121767
 -0.0055289824890690517
 0.0020231308389396874
 0.0019519598055600777
 -0.0042544400102909226
 -0.0033539895068135706
 -0.007113842400467996
 0.0024013243197817604
 0.00042948537005025206
 0.00081921545788009645
 -0.0074597800775162973
 -0.0021319428496466611
 -0.00050889132489530112
 -0.00019154646556001018
 -0.0010196268836393299
 0.0014006163013155918
 0.00064044963861307927
 0.00032770329723734069
 0.00082953712598972558
 0.0021740209953374635
 0.0033619389265253561
 0.0033628923997791309
 0.0032271033244171011
 -0.005082191791858915
 -0.0026654587071689899
 -0.0044312096704244835
 -0.0027698448646386099
 -0.0047165028923924976
 -0.0009614199273520049
 -0.00038844683128245013
 -0.019382842450003962
 -0.01513965483096634
 -0.018441587461845384
 -0.0090254426302800363
 -0.011979261581717953
 -0.012391818927669069
 -0.0099795381334279159
 -0.011003163037032814
 -0.007307156280584353
 -0.002385261224474669
 -0.0018591271188061196
 -0.00089889818405440049
 -0.0018573437282270852
 -0.0063770478370360744
 -0.0041565474760052847
 -0.0063842892115662433
 -0.0048764371410864402
 -0.0056944356897397838
 -0.0026985172178139896
 -0.027147740054615638
 -0.02326703562425626
 -0.028647161862234018
 -0.026482944249336077
 -0.033355837647024773
 -0.019253924832179303
 -0.015317746941202583
 -0.013180842149249134
 -0.022795840011826309
 -0.020427295713085596
 -0.018684680624190441
 -0.021854676093206245
 -0.016767527287750068
 -0.033441676871045149
 -0.027642269608897235
 -0.029259885556962142
 -0.0053147205208099509
 -0.0026373905872448811
 -0.011627321972261252
 -0.0082864102366216226
 -0.010276049431876594
 -0.0096436379303237868
 -0.014331759606259206
 -0.023680179478372344
 -0.018828337699412227
 -0.017580226797948767
 0
 -0.0095274421237667023
 -0.0051525898468556004
 -0.0070496217756666653
 0
 -0.012843134817892834
 -0.012478562977613891
 -1.1024466787785898e-18
 -0.0011024197230409662
 0
 -0.0027427095296726324
 -0.0020466656938479557
 -4.3032076739341365e-19
 0
 -0.0022828375088719964
 -0.0036049672913380532
 -0.0030696132441016943
 -1.9999501200855006e-18
 -0.010036278686374227
 -0.0066210222657816205
 -1.2988431836334067e-18
 -0.0032474320267642546
 -0.0031453684069972536
 -0.0066392626529065933
 -0.005634350409280499
 -0.0088258220535779863
 0
 0.0011024197230409642
 0.0036049672913380528
 0.0022828375088719969
 0
 0.0020466656938479548
 0.0027427095296726311
 0.013180842149249134
 0.0095274421237667023
 0
 0.012478562977613891
 0.012843134817892836
 0.016767527287750068
 0
 0.0070496217756666662
 0.0051525898468556004
 0.0030696132441016908
 0.0026373905872448772
 0.0031453684069972518
 0.0032474320267642529
 0.010276049431876592
 0.0066210222657816179
 0.010036278686374227
 0.0066392626529065933
 0.0088258220535779846
 0.0056343504092804982
 0.020427295713085596
 0.022795840011826309
 0.029259885556962142
 0.027642269608897232
 0.033441676871045149
 0.021854676093206245
 0.018684680624190438
 0.019382842450003959
 0.023267035624256256
 0.027147740054615635
 0.015317746941202581
 0.0192539248321793
 0.012391818927669064
 0.033355837647024773
 0.026482944249336074
 0.028647161862234018
 0.0053147205208099475
 0.0018591271188061153
 0.014331759606259204
 0.0096436379303237851
 0.0063770478370360701
 0.0082864102366216191
 0.011627321972261248
 0.023680179478372344
 0.017580226797948764
 0.018828337699412223
 0.01844158746184538
 0.015139654830966335
 0.0073071562805843487
 0.011003163037032811
 0.0099795381334279107
 0.01197926158171795
 0.0090254426302800311
 0.0026654587071689843
 0.0050821917918589081
 0.00038844683128244498
 0.00096141992735200002
 0.0047165028923924933
 0.0027698448646386051
 0.0044312096704244783
 0.0023852612244746642
 0.0063842892115662389
 0.0041565474760052795
 0.0018573437282270798
 0.00089889818405439485
 0.004876437141086435
 0.0026985172178139844
 0.0056944356897397786
 -0.16701125885814461
 -0.16701125885814463
 0
 0
 -0.099383135600707467
 -0.11894543530954205
 0
 -0.11894543530954205
 -0.1175313705457247
 -0.14819627657275147
 -0.1288866206998098
 -0.14441119468629118
 -0.14819627657275147
 -0.14441119468629118
 -0.15116918675628077
 -0.12140090391012803
 -0.07489052775824516
 -0.071165289257548267
 0
 -0.06936960929981334
 0
 -0.071165289257548253
 -0.07489052775824516
 -0.12140090391012803
 -0.15116918675628077
 -0.1619753166663388
 -0.14764940308594637
 -0.15901470375139168
 -0.11887438460067999
 -0.12842877875616651
 -0.11415367513764053
 -0.13053976025700201
 -0.13394109266659407
 -0.12806243935069825
 -0.11415367513764051
 -0.12842877875616651
 -0.15901470375139168
 -0.14764940308594637
 -0.1619753166663388
 -0.13394109266659407
 -0.13053976025700201
 -0.16206931703159977
 -0.15157909701283842
 -0.12318178910157211
 -0.13980918633417061
 -0.13661079202075208
 -0.13615427099949198
 -0.11828188513941065
 -0.098945715614985205
 -0.10119988268920573
 -0.038241405674859244
 -0.073079584080340168
 -0.045160830867869546
 -0.099692109696992937
 -0.097727726891538275
 0
 -0.037060048320040249
 -0.036507020740769315
 -0.036725376825790967
 0
 -0.069944394889900063
 -0.096906886528984146
 0
 -0.036725376825790967
 -0.038241405674859244
 -0.037060048320040249
 0
 -0.069944394889900063
 -0.097727726891538275
 -0.045160830867869546
 -0.073079584080340168
 -0.12318178910157211
 -0.10119988268920573
 -0.098945715614985205
