# Created by Octave 5.1.0, Tue Apr 21 17:35:24 2020 GMT <unknown@Thomas-PC>
# name: u_sol
# type: matrix
# rows: 2178
# columns: 1
 0.0069541347207324146
 -0.0069541347207324475
 0
 0
 -1.7056947026338852e-17
 -0.022938727788258482
 0
 0.022938727788258468
 -6.2275494206574293e-18
 0.0085103633115684221
 -1.189205830447168e-17
 -0.0013879623017200914
 -0.0085103633115684533
 0.0013879623017200688
 -0.0067242105349537553
 -0.009199510380516026
 -0.035028094394405372
 -0.014348883056202201
 0
 -1.6897328122353932e-18
 0
 0.014348883056202197
 0.035028094394405365
 0.0091995103805160138
 0.0067242105349537328
 0.0073639820331869617
 -0.0023105193751120794
 0.0014153293320623677
 -1.46183364641359e-17
 -0.0034520889529055208
 0.0035600392702081801
 0.00081854702609674237
 -0.0022626650891967
 -8.9084487883226902e-18
 -0.0035600392702082131
 0.0034520889529054931
 -0.0014153293320623948
 0.0023105193751120521
 -0.0073639820331869946
 0.002262665089196677
 -0.00081854702609675983
 -0.0043938270002342366
 -0.0022178512243680179
 -0.01577682765079914
 -0.0081087223527734169
 -0.013865286881859212
 -0.0034788653257943909
 -0.0039994474801417169
 -0.031041163173340793
 -0.022176989428206024
 -0.017735670900685094
 -0.024257684885130946
 -0.03009080914444999
 -0.01353765680761989
 -0.0062440857572409964
 0
 -0.0097041994764946651
 -8.8421323926147066e-19
 -0.0043119129673356927
 0
 -0.0065389839091186657
 -4.0143134365367517e-18
 0
 0.0043119129673356909
 0.017735670900685091
 0.0097041994764946633
 0
 0.0065389839091186614
 0.0062440857572409886
 0.030090809144449986
 0.024257684885130942
 0.01577682765079913
 0.022176989428206017
 0.031041163173340783
 0.013537656807619881
 0.0039994474801417048
 0.013865286881859193
 0.0081087223527733995
 0.0022178512243679958
 0.0043938270002342088
 0.0034788653257943735
 0.0069063694900665853
 0.003718367477157977
 0.0045480039840011142
 0.00067957283096205104
 0.0025028093767289765
 0.0081284649720451581
 -0.00093811116598869278
 -0.00039177923878269721
 -0.0026299814415984041
 -1.5654403763230259e-17
 -0.0010991057620467709
 0.0013575448574353484
 -0.0019491240628081604
 -0.0020223778691334216
 -1.3453689849317692e-17
 0.006795439885716
 -0.0017376641902405543
 -0.0012781316735229744
 0.0011076654331897734
 0.00026019587560566963
 -7.3987994491799324e-18
 -0.0022950265956320475
 -0.00080762089945212627
 -0.00037334362917845477
 -1.0286468845165492e-17
 -0.00059637889414879792
 -0.0013803022143306668
 -0.0036229255290411194
 -0.0033006651037200824
 -0.0035674879656499656
 -0.0013575448574353808
 0.0010991057620467393
 0.0012781316735229449
 0.0017376641902405242
 -0.0067954398857160321
 0.0020223778691333925
 0.0019491240628081339
 -0.0045480039840011437
 -0.0037183674771580069
 -0.0069063694900666182
 0.0026299814415983794
 0.00039177923878267026
 0.00093811116598866806
 -0.008128464972045191
 -0.002502809376729006
 -0.00067957283096208032
 -0.00026019587560568741
 -0.0011076654331897882
 0.0013803022143306436
 0.00059637889414877743
 0.00037334362917843482
 0.000807620899452106
 0.0022950265956320245
 0.0036229255290410917
 0.0035674879656499405
 0.0033006651037200568
 -0.0053011395777364436
 -0.0029416117760504719
 -0.0043731884333654989
 -0.0028630911647853667
 -0.004827852360539904
 -0.00097510973259032395
 -0.0002287444825804846
 -0.019353235156489876
 -0.015062852756147726
 -0.018354265590271552
 -0.0089751151965493971
 -0.011908241362287575
 -0.012350282183263776
 -0.0098581885131923119
 -0.010883117998791528
 -0.0071825551419607211
 -0.0024619286073647466
 -0.0019059926892080778
 -0.00078661080629140439
 -0.0018672475000560433
 -0.0064100031798855909
 -0.0041942864441061991
 -0.0063734363426078472
 -0.0047421017819467368
 -0.0056011420224606548
 -0.0025592755630099088
 -0.027302232176661695
 -0.023350523333336603
 -0.029003066464013086
 -0.026698562792980694
 -0.033778794008437134
 -0.019309781164919573
 -0.015365817455123885
 -0.013972255982574591
 -0.023536994431901916
 -0.021117772054307978
 -0.019038170102978261
 -0.022402416903906461
 -0.017196058334900077
 -0.03413068068676612
 -0.028283856545051521
 -0.029761563371818903
 -0.0053148121403638234
 -0.002595251907284941
 -0.011671597633432633
 -0.0083174313562723017
 -0.010401073961327934
 -0.0097108961680795556
 -0.014522292869773967
 -0.023984418230726057
 -0.019078745942106134
 -0.017725435520572201
 0
 -0.0099100297175032884
 -0.005285198383523787
 -0.0072670977819178084
 0
 -0.013245248691464736
 -0.012778091913186723
 -5.2950146682933849e-19
 -0.0011286267705799249
 0
 -0.0027938029997455977
 -0.002090894692246382
 -8.4910619802429207e-19
 0
 -0.0023327804291622387
 -0.0036871591784849193
 -0.0030535424794950273
 -5.2108169028944206e-18
 -0.010212896157829016
 -0.0066839774169183946
 -2.8528846213947732e-18
 -0.0032653501895910072
 -0.0031876023305979673
 -0.0067969818174050973
 -0.0057465857820401499
 -0.009018832095225247
 0
 0.0011286267705799238
 0.0036871591784849189
 0.0023327804291622374
 0
 0.0020908946922463803
 0.0027938029997455951
 0.013972255982574589
 0.0099100297175032884
 0
 0.012778091913186721
 0.013245248691464734
 0.017196058334900073
 0
 0.0072670977819178076
 0.005285198383523787
 0.003053542479495019
 0.002595251907284931
 0.0031876023305979634
 0.0032653501895910019
 0.010401073961327927
 0.0066839774169183885
 0.010212896157829011
 0.0067969818174050955
 0.0090188320952252436
 0.0057465857820401482
 0.021117772054307978
 0.023536994431901916
 0.029761563371818896
 0.028283856545051517
 0.034130680686766113
 0.022402416903906458
 0.019038170102978258
 0.019353235156489863
 0.023350523333336592
 0.027302232176661684
 0.015365817455123876
 0.019309781164919566
 0.012350282183263764
 0.033778794008437127
 0.026698562792980687
 0.029003066464013079
 0.0053148121403638138
 0.0019059926892080654
 0.01452229286977396
 0.0097108961680795469
 0.0064100031798855787
 0.008317431356272293
 0.011671597633432623
 0.023984418230726053
 0.017725435520572194
 0.019078745942106127
 0.018354265590271535
 0.01506285275614771
 0.0071825551419607012
 0.010883117998791509
 0.0098581885131922911
 0.011908241362287561
 0.0089751151965493815
 0.0029416117760504446
 0.0053011395777364141
 0.00022874448258046218
 0.00097510973259029923
 0.0048278523605398797
 0.002863091164785342
 0.0043731884333654764
 0.0024619286073647318
 0.0063734363426078333
 0.0041942864441061843
 0.0018672475000560257
 0.00078661080629138433
 0.0047421017819467169
 0.0025592755630098885
 0.0056011420224606374
 0.0068803960785690935
 0.0057238433462792468
 0.0058775415834681367
 0.0054573312988302923
 0.005591715372882413
 0.007072993697476047
 0.002996957553741404
 0.0041634716991183372
 0.0023411424342977163
 0.0037910878021075872
 0.0045251369981257799
 0.0084405448860778807
 -0.00024037135815562893
 0.0016690292659409754
 -0.0012505174157735046
 0.007737140534194927
 0.0049933376271283948
 0.0052781905479110224
 -0.001408675353171632
 -0.0018402091134652808
 -0.0021577921295354687
 0.00054659277405819941
 -0.0009176509500546324
 3.7550898483348964e-05
 -0.0027186687049611776
 -0.0018594471682010544
 -0.0013670116682085018
 0.0031767787169577383
 0.00072249687993600914
 0.0015867657618660719
 -1.6149005911707026e-17
 -7.1375053297102964e-05
 0.00064458384233123526
 -0.00089425956616982565
 -0.0005784152130444086
 -1.5182910540468606e-17
 0.0022988363354118453
 -8.0087152062194848e-05
 4.6028052149959725e-05
 -0.0008900517712685076
 -0.0010145173994998734
 -1.264208648785052e-17
 -0.0028513085266173967
 -0.0020735525951127332
 -0.0029175511729863392
 -1.412909601383758e-17
 -0.0010767165028920372
 -0.0010482338824735458
 0.008053053044368038
 0.001621655597586926
 0.0027566921490763618
 0.00035201457708790898
 0.00085210445014713518
 0.0051333226405120645
 -0.0031066591730386488
 -0.0017108807194745072
 -0.002921131235688428
 -0.0017241009822392152
 -0.0024259690719417777
 -0.0015051938532106921
 0.0007306768478301857
 0.00053193585164866813
 -6.7155695591790526e-18
