# Created by Octave 5.1.0, Sun Feb 16 06:25:24 2020 GMT <unknown@Thomas-PC>
# name: contactConvergence
# type: matrix
# rows: 2
# columns: 1
 2.5262001959841007
 1.4476702549142159e-19


