# Created by Octave 5.1.0, Fri Feb 14 12:56:32 2020 GMT <unknown@Thomas-PC>
# name: contactConvergence
# type: matrix
# rows: 2
# columns: 1
 1.3750565722419896
 1.1175700191704681e-19


