# Created by Octave 5.1.0, Sat Feb 15 17:58:43 2020 GMT <unknown@Thomas-PC>
# name: contactConvergence
# type: matrix
# rows: 2
# columns: 1
 1.841341163681967
 1.3347691281510182e-19


