# Created by Octave 5.1.0, Sun Feb 16 06:25:24 2020 GMT <unknown@Thomas-PC>
# name: equilibriumConvergence
# type: matrix
# rows: 2
# columns: 1
 0.31470137273574084
 2.7723478767726254e-12


