# Created by Octave 5.1.0, Sat Feb 15 17:58:43 2020 GMT <unknown@Thomas-PC>
# name: equilibriumConvergence
# type: matrix
# rows: 2
# columns: 1
 0.45997542998840552
 2.6736586137431249e-14


