# Created by Octave 5.1.0, Fri Feb 14 12:27:53 2020 GMT <unknown@Thomas-PC>
# name: equilibriumConvergence
# type: matrix
# rows: 2
# columns: 1
 1.0298831285721033
 6.8520561758984016e-15


