# Created by Octave 5.1.0, Fri Feb 14 12:56:32 2020 GMT <unknown@Thomas-PC>
# name: equilibriumConvergence
# type: matrix
# rows: 2
# columns: 1
 0.68194855788810171
 1.2917027321374256e-14


