# Created by Octave 5.1.0, Fri Feb 14 12:27:07 2020 GMT <unknown@Thomas-PC>
# name: lambda_sol
# type: matrix
# rows: 5
# columns: 1
 0
 0
 -5.9148070853356929
 0
 0


