# Created by Octave 5.1.0, Fri Feb 14 12:27:20 2020 GMT <unknown@Thomas-PC>
# name: lambda_sol
# type: matrix
# rows: 9
# columns: 1
 0
 0
 0
 -5.5135696746864848
 -3.6941460201425529
 -5.5135696746864875
 0
 0
 0


