# Created by Octave 5.1.0, Fri Feb 14 12:56:32 2020 GMT <unknown@Thomas-PC>
# name: lambda_sol
# type: matrix
# rows: 33
# columns: 1
 0
 0
 0
 0
 0
 0
 0
 0
 0
 -9.7272527694826891
 -4.7164813597337023
 -3.8833532557990056
 -3.5466021012928892
 -3.3728359867403106
 -3.2759319594103347
 -3.2297788983140938
 -3.2043146566654772
 -3.2297788983140947
 -3.2759319594103355
 -3.372835986740311
 -3.5466021012928906
 -3.8833532557990091
 -4.7164813597337023
 -9.727252769482698
 0
 0
 0
 0
 0
 0
 0
 0
 0


