# Created by Octave 5.1.0, Sat Feb 15 17:58:43 2020 GMT <unknown@Thomas-PC>
# name: lambda_sol
# type: matrix
# rows: 65
# columns: 1
 0
 0
 0
 0
 0
 0
 0
 0
 0
 0
 0
 0
 0
 0
 0
 0
 0
 -13.370924225040223
 -6.1484789135126512
 -4.8618903182780207
 -4.2942592874224621
 -3.9659014102826866
 -3.7482971090765234
 -3.5936495587290223
 -3.4794529396045388
 -3.393301160630485
 -3.3276563323098789
 -3.2776737114837982
 -3.2401622136044392
 -3.2130609915720312
 -3.1952506788613868
 -3.186898132736109
 -3.1681759809973111
 -3.1868981327361077
 -3.1952506788613855
 -3.2130609915720294
 -3.2401622136044361
 -3.2776737114837942
 -3.3276563323098745
 -3.3933011606304797
 -3.4794529396045331
 -3.5936495587290147
 -3.7482971090765158
 -3.9659014102826777
 -4.2942592874224523
 -4.8618903182780082
 -6.148478913512637
 -13.370924225040188
 0
 0
 0
 0
 0
 0
 0
 0
 0
 0
 0
 0
 0
 0
 0
 0
 0


