# Created by Octave 5.1.0, Sun Feb 16 06:25:24 2020 GMT <unknown@Thomas-PC>
# name: lambda_sol
# type: matrix
# rows: 129
# columns: 1
 0
 0
 0
 0
 0
 0
 0
 0
 0
 0
 0
 0
 0
 0
 0
 0
 0
 0
 0
 0
 0
 0
 0
 0
 0
 0
 0
 0
 0
 0
 0
 0
 0
 -18.62967693983985
 -8.3168160362099854
 -6.4175845785083592
 -5.5478864516209265
 -5.0249743908922646
 -4.6647365630889164
 -4.3980509197014346
 -4.1919703102983537
 -4.0280536495695838
 -3.8948674770582929
 -3.7848414243146733
 -3.6927323657455426
 -3.6147859713577466
 -3.548242129998763
 -3.4910269470097184
 -3.4415531271884054
 -3.3985865012227503
 -3.3611544497803516
 -3.3284816747648058
 -3.2999442825023171
 -3.2750364131042735
 -3.2533456542750949
 -3.2345347443617158
 -3.2183278987276811
 -3.204500669782322
 -3.1928727101723808
 -3.183303309618283
 -3.1756904676204099
 -3.1699767355540822
 -3.1661745551654072
 -3.1644749775030139
 -3.15335398129689
 -3.1644749775028398
 -3.1661745551650542
 -3.1699767355535475
 -3.17569046761969
 -3.1833033096173731
 -3.1928727101712733
 -3.2045006697810088
 -3.2183278987261517
 -3.2345347443599577
 -3.2533456542730912
 -3.2750364131020082
 -3.2999442824997667
 -3.3284816747619463
 -3.3611544497771533
 -3.3985865012191785
 -3.4415531271844175
 -3.4910269470052655
 -3.5482421299937861
 -3.6147859713521751
 -3.6927323657392894
 -3.7848414243076323
 -3.8948674770503362
 -4.0280536495605466
 -4.1919703102880277
 -4.3980509196895463
 -4.6647365630750928
 -5.0249743908759594
 -5.5478864516012516
 -6.4175845784835328
 -8.3168160361749184
 -18.629676939754354
 0
 0
 0
 0
 0
 0
 0
 0
 0
 0
 0
 0
 0
 0
 0
 0
 0
 0
 0
 0
 0
 0
 0
 0
 0
 0
 0
 0
 0
 0
 0
 0
 0


