# Created by Octave 5.1.0, Fri Feb 14 12:27:53 2020 GMT <unknown@Thomas-PC>
# name: u_sol
# type: matrix
# rows: 578
# columns: 1
 0.011322483071930069
 -0.011322483071930057
 0
 0
 1.1308564808845732e-19
 -0.020116302896111091
 0
 0.020116302896111098
 6.4118474965321821e-18
 0.012303761320170817
 6.8169188206094536e-18
 -0.0019847197643025165
 -0.01230376132017081
 0.0019847197643025278
 -0.0049749830867791833
 -0.007599575497287122
 -0.032148570231048751
 -0.012937762004694644
 0
 1.2634994907018465e-18
 0
 0.012937762004694646
 0.032148570231048758
 0.0075995754972871298
 0.0049749830867791929
 0.011612659024440992
 -0.0014496307887065709
 0.0015000899948104721
 2.9935537797213344e-18
 -0.00027413486548267412
 0.0073147260681051957
 0.00033750498105890412
 -0.0016606612627128228
 7.400589936844393e-18
 -0.0073147260681051939
 0.00027413486548268301
 -0.0015000899948104619
 0.001449630788706583
 -0.011612659024440978
 0.0016606612627128362
 -0.00033750498105889089
 -0.0044481590873167789
 -0.00073983728725018536
 -0.013493670305272485
 -0.0059807264910584478
 -0.011366738102737819
 -0.0021061851283454753
 -0.0032111392341536808
 -0.028048880863521666
 -0.019841929429638142
 -0.01610767298034646
 -0.022081992145256083
 -0.02775869698129407
 -0.01196117013683321
 -0.0055047422197654671
 0
 -0.0088121368569072846
 -5.7855369102908513e-19
 -0.0039068089773595886
 0
 -0.0058727256072465747
 3.6365838206400329e-18
 0
 0.0039068089773595877
 0.01610767298034646
 0.0088121368569072846
 0
 0.0058727256072465773
 0.005504742219765474
 0.027758696981294066
 0.022081992145256087
 0.013493670305272492
 0.019841929429638146
 0.028048880863521669
 0.011961170136833215
 0.0032111392341536917
 0.01136673810273783
 0.0059807264910584582
 0.00073983728725019685
 0.0044481590873167876
 0.0021061851283454879
 0.011219516850269309
 0.0053547543570187806
 0.0062764030782190908
 0.0026014939565757941
 0.0041000447086981546
 0.012204253958405853
 -0.001469473892239815
 -8.4085640924412737e-05
 -0.0025883157437149073
 7.5120493159998959e-19
 0.001912118273498842
 0.0032961247882097068
 -0.00067172140107865869
 0.00028449994092643325
 5.3097460708659553e-18
 0.013048579029206461
 0.0033326712352827891
 0.0020834739034474451
 0.00074363688773449626
 5.7408568593917727e-05
 7.129474847342248e-18
 -0.0022372011699687026
 -0.00087664149189726679
 -0.00089810478769513876
 7.0776185455090446e-18
 -0.00051802914683798159
 -0.00083819783941743123
 -0.0016514603649506962
 -0.0016556628833950609
 -0.002684426723079419
 -0.0032961247882097068
 -0.0019121182734988407
 -0.0020834739034474373
 -0.0033326712352827856
 -0.013048579029206461
 -0.00028449994092642674
 0.00067172140107866975
 -0.0062764030782190795
 -0.0053547543570187693
 -0.011219516850269295
 0.0025883157437149203
 8.408564092442423e-05
 0.0014694738922398265
 -0.012204253958405841
 -0.0041000447086981433
 -0.0026014939565757837
 -5.7408568593903443e-05
 -0.00074363688773448271
 0.00083819783941744479
 0.00051802914683799536
 0.0008981047876951508
 0.00087664149189727925
 0.0022372011699687152
 0.0016514603649507064
 0.0026844267230794324
 0.0016556628833950733
 -0.007119523441642555
 -0.0029578317983568643
 -0.0026920347351041323
 -0.0018311517458208478
 -0.0037761939849632448
 -0.0001064495289395651
 0.00089129543034073729
 -0.016790011836756817
 -0.01254989514873555
 -0.015671404851293997
 -0.0070366960042081411
 -0.0096444748658765442
 -0.010386466616429184
 -0.0076557597437526157
 -0.0085220598074081111
 -0.0050862519410488742
 -0.0017563401686218399
 -0.0015136947756641331
 0.00027622036004742783
 -0.00096415686142885195
 -0.00520989465059168
 -0.0030780005697191573
 -0.0048271808398641603
 -0.0028663225120506728
 -0.0038062588211539533
 -0.0010303072449457419
 -0.024350561588177465
 -0.020706080183054965
 -0.026368009296023346
 -0.024030488733633573
 -0.030809262541888455
 -0.016976592652247359
 -0.013378261630958828
 -0.012503867102176778
 -0.021519359985306147
 -0.01942484879280899
 -0.017241500219111951
 -0.020428446154743152
 -0.015607201506813965
 -0.031437052056466214
 -0.025928206031365177
 -0.02722161548693568
 -0.0045638377281070966
 -0.0022651325319935529
 -0.010071562466202239
 -0.0071367780654577051
 -0.0092832703974899036
 -0.0085511591044162387
 -0.013001739047226514
 -0.021697897605471493
 -0.017165415389593514
 -0.015753854274952014
 0
 -0.0090043692339552839
 -0.0048253767191306952
 -0.0066327399821618106
 0
 -0.012029580440509021
 -0.01156473256505916
 -2.8044484137966411e-19
 -0.0010220588322133975
 0
 -0.0025191916238266453
 -0.0018909840893666305
 3.247349627011782e-19
 0
 -0.0021213843506323613
 -0.0033616153386804562
 -0.0027100972704040228
 4.8974502095106143e-18
 -0.0091827518573219941
 -0.0059629766367135613
 2.578502445201879e-18
 -0.0029197177515979836
 -0.0028637917460003805
 -0.0061667836348556528
 -0.0051852382068628428
 -0.0081474392247641182
 0
 0.0010220588322133973
 0.0033616153386804553
 0.0021213843506323608
 0
 0.00189098408936663
 0.0025191916238266462
 0.012503867102176772
 0.0090043692339552821
 0
 0.011564732565059164
 0.012029580440509023
 0.015607201506813967
 0
 0.0066327399821618088
 0.0048253767191306935
 0.0027100972704040293
 0.0022651325319935633
 0.0028637917460003831
 0.0029197177515979879
 0.0092832703974899088
 0.0059629766367135656
 0.0091827518573219975
 0.0061667836348556536
 0.0081474392247641182
 0.0051852382068628428
 0.019424848792808987
 0.021519359985306147
 0.027221615486935687
 0.025928206031365177
 0.031437052056466214
 0.020428446154743155
 0.017241500219111954
 0.016790011836756824
 0.020706080183054972
 0.024350561588177472
 0.013378261630958833
 0.016976592652247362
 0.010386466616429191
 0.030809262541888458
 0.024030488733633577
 0.026368009296023349
 0.0045638377281071061
 0.0015136947756641457
 0.013001739047226518
 0.0085511591044162456
 0.0052098946505916895
 0.0071367780654577129
 0.010071562466202246
 0.021697897605471497
 0.015753854274952017
 0.01716541538959352
 0.015671404851294007
 0.012549895148735559
 0.0050862519410488846
 0.0085220598074081215
 0.007655759743752627
 0.0096444748658765546
 0.0070366960042081506
 0.002957831798356873
 0.0071195234416425654
 -0.00089129543034072558
 0.00010644952893957681
 0.0037761939849632539
 0.0018311517458208587
 0.0026920347351041423
 0.0017563401686218529
 0.0048271808398641716
 0.0030780005697191694
 0.00096415686142886496
 -0.00027622036004741591
 0.0028663225120506832
 0.0010303072449457536
 0.0038062588211539659
 -0.16028308859465198
 -0.16028308859465201
 0
 0
 -0.10000000000000001
 -0.1129182005481621
 0
 -0.1129182005481621
 -0.11048870430240146
 -0.12974084591074797
 -0.11919536311854095
 -0.13283789301934837
 -0.129740845910748
 -0.1328378930193484
 -0.14395218860609227
 -0.1145348636987559
 -0.071334815030170196
 -0.067997305778438072
 0
 -0.066154306440278185
 0
 -0.067997305778438086
 -0.071334815030170209
 -0.11453486369875589
 -0.14395218860609224
 -0.15140006602460448
 -0.13263683233916407
 -0.1487973443099537
 -0.11148094425655232
 -0.11485419990180863
 -0.10000000000000001
 -0.12148084388304067
 -0.12278613868022729
 -0.11924704058599093
 -0.10000000000000001
 -0.11485419990180865
 -0.14879734430995373
 -0.1326368323391641
 -0.15140006602460448
 -0.12278613868022729
 -0.12148084388304067
 -0.15506613228675206
 -0.14237939066886257
 -0.1168120630988673
 -0.13197114618582054
 -0.12973554783188651
 -0.12717645540998987
 -0.11126102955545356
 -0.09405993989782549
 -0.096376751933544752
 -0.036690365003185919
 -0.069867010416570757
 -0.043103260411607128
 -0.094729069666651858
 -0.092664250164097448
 0
 -0.035572517686592017
 -0.035001684213054517
 -0.035224494641344063
 0
 -0.066739392089173177
 -0.091823435804927106
 0
 -0.035224494641344063
 -0.036690365003185919
 -0.035572517686592017
 0
 -0.066739392089173177
 -0.092664250164097448
 -0.043103260411607135
 -0.069867010416570743
 -0.1168120630988673
 -0.096376751933544752
 -0.09405993989782549
 -0.094729069666651858
