# Created by Octave 5.1.0, Fri Feb 14 12:56:32 2020 GMT <unknown@Thomas-PC>
# name: u_sol
# type: matrix
# rows: 2178
# columns: 1
 0.010778512065142101
 -0.01077851206514209
 0
 0
 3.1848371745068704e-19
 -0.019490213702403711
 0
 0.019490213702403721
 1.0035246235733936e-17
 0.013613412978177631
 6.7320945881792373e-18
 -0.0021597430471239276
 -0.013613412978177633
 0.0021597430471239449
 -0.0038814634877623287
 -0.0074656599808398836
 -0.032196663343814144
 -0.013034073055737783
 0
 5.2934877948770225e-18
 0
 0.013034073055737793
 0.032196663343814151
 0.0074656599808399018
 0.0038814634877623435
 0.011715235518718206
 -0.001946888148206212
 0.0006510271825133498
 3.0075727218655068e-18
 0.00019969273416654398
 0.0052988734679603067
 0.00048390092613893876
 -0.0013458189068264875
 9.5855172432995572e-18
 -0.0052988734679603067
 -0.00019969273416653585
 -0.00065102718251333679
 0.0019468881482062233
 -0.0117152355187182
 0.0013458189068265021
 -0.00048390092613892
 -0.0037081162816587836
 0.00014409814191357481
 -0.013059362878771687
 -0.0053764056854351747
 -0.010443119873113429
 -0.0019848719471167149
 -0.0032498062618611327
 -0.027773500804530126
 -0.019670103916634232
 -0.016497402791081781
 -0.022193172988272811
 -0.028103737925270815
 -0.011894943508201078
 -0.0054571479079075814
 0
 -0.0089636370341920884
 2.6433280685226005e-18
 -0.0039588349304993621
 0
 -0.0059053526510933268
 8.1575478615406234e-18
 0
 0.0039588349304993681
 0.016497402791081785
 0.0089636370341920936
 0
 0.0059053526510933372
 0.0054571479079075979
 0.028103737925270818
 0.022193172988272818
 0.013059362878771703
 0.019670103916634245
 0.027773500804530137
 0.011894943508201092
 0.0032498062618611522
 0.010443119873113443
 0.005376405685435192
 -0.00014409814191355713
 0.0037081162816587974
 0.0019848719471167349
 0.010833721086246169
 0.0049223378971397372
 0.0058821778894986819
 0.0017928807443788979
 0.0034320145221447421
 0.013116846422523247
 -0.0022520612440462087
 -0.00099867316266966533
 -0.0028549211210382444
 8.9875866203255034e-19
 0.0016594517772408578
 0.0024027947833469834
 -0.0004397750644180462
 0.00039089943808658388
 4.9900671247769444e-18
 0.0098856992248538139
 0.0030508131549654826
 0.0029475811495033944
 0.00084935175729962072
 0.00017964566423815084
 1.0362143995264759e-17
 -0.001988702589084419
 -0.00066543039818077248
 -0.00075981322143679362
 8.2536765568863231e-18
 -0.00036483619843641736
 -0.00063639121675892855
 -0.00099395407138745499
 -0.0012092135971682007
 -0.0022619888714701755
 -0.0024027947833469825
 -0.0016594517772408556
 -0.0029475811495033892
 -0.0030508131549654791
 -0.0098856992248538139
 -0.00039089943808657759
 0.00043977506441805639
 -0.0058821778894986715
 -0.0049223378971397277
 -0.010833721086246161
 0.0028549211210382596
 0.00099867316266967791
 0.002252061244046223
 -0.013116846422523244
 -0.0034320145221447321
 -0.0017928807443788881
 -0.00017964566423813184
 -0.00084935175729959991
 0.00063639121675894232
 0.00036483619843643384
 0.00075981322143681097
 0.00066543039818078896
 0.0019887025890844351
 0.00099395407138746584
 0.0022619888714701898
 0.0012092135971682127
 -0.0066889008565890647
 -0.0022003481588296785
 -0.0016715487359327114
 -0.00084085538145190711
 -0.0027684094754671677
 0.00084596518743144695
 0.0015087404562476091
 -0.016239105527061787
 -0.011904362902525469
 -0.014878617440254219
 -0.0067319983416390906
 -0.009155090257768464
 -0.010100808989327815
 -0.0066150502448498157
 -0.0077419379002889033
 -0.0041632314871945641
 -0.0018529398734221235
 -0.0015560278130235762
 0.0004156065428101903
 -0.0010369764784363003
 -0.0051921132794375867
 -0.0031049132567813865
 -0.0047109502501395551
 -0.002118565884269832
 -0.0034317076005074831
 -0.00055013016134948967
 -0.023912909634005084
 -0.020316438337895634
 -0.026287111178004585
 -0.023795054049393548
 -0.030692672378652103
 -0.016674352724460217
 -0.013175038915764128
 -0.013106104466979697
 -0.021952884803832024
 -0.019838381350844533
 -0.01735675026816268
 -0.020690670834986238
 -0.015828925322249197
 -0.031651896445274968
 -0.026191654512822158
 -0.02730675585243017
 -0.0045155931279946653
 -0.0022064478554791227
 -0.0099539579332338125
 -0.0070723129714369672
 -0.0092892774536013113
 -0.0085043637499860845
 -0.013013164855111085
 -0.02166245019155601
 -0.017163054693248598
 -0.015643442467706173
 0
 -0.0092683893080615296
 -0.0049061297268630562
 -0.0067718477327529765
 0
 -0.012278582566790354
 -0.011720566752936205
 1.675744566620342e-18
 -0.0010388861211358337
 0
 -0.002543375101956776
 -0.0019163057229501898
 4.461257799242665e-18
 0
 -0.0021514567505779379
 -0.0034104789841341576
 -0.0026662986271048001
 9.0439043873126697e-18
 -0.0092467263019375637
 -0.0059550450877136696
 6.9770184226247524e-18
 -0.0029051745967383011
 -0.0028742032412590107
 -0.0062573082256283203
 -0.0052401672289490372
 -0.0082454627907725606
 0
 0.0010388861211358368
 0.0034104789841341611
 0.0021514567505779413
 0
 0.0019163057229501955
 0.0025433751019567842
 0.013106104466979697
 0.0092683893080615313
 0
 0.011720566752936213
 0.012278582566790359
 0.015828925322249204
 0
 0.0067718477327529791
 0.0049061297268630597
 0.0026662986271048161
 0.0022064478554791409
 0.002874203241259022
 0.0029051745967383154
 0.0092892774536013235
 0.0059550450877136826
 0.0092467263019375724
 0.0062573082256283255
 0.0082454627907725692
 0.0052401672289490451
 0.019838381350844533
 0.021952884803832028
 0.027306755852430181
 0.026191654512822165
 0.031651896445274975
 0.020690670834986245
 0.017356750268162687
 0.016239105527061797
 0.020316438337895645
 0.023912909634005095
 0.013175038915764143
 0.016674352724460235
 0.010100808989327834
 0.030692672378652114
 0.023795054049393558
 0.026287111178004596
 0.0045155931279946835
 0.0015560278130235963
 0.013013164855111097
 0.0085043637499861002
 0.0051921132794376058
 0.0070723129714369845
 0.0099539579332338281
 0.021662450191556024
 0.015643442467706187
 0.017163054693248612
 0.014878617440254231
 0.011904362902525483
 0.0041632314871945797
 0.0077419379002889189
 0.0066150502448498304
 0.0091550902577684796
 0.006731998341639108
 0.002200348158829692
 0.0066889008565890759
 -0.0015087404562475917
 -0.00084596518743143101
 0.0027684094754671824
 0.00084085538145192359
 0.0016715487359327272
 0.0018529398734221437
 0.0047109502501395742
 0.0031049132567814068
 0.0010369764784363199
 -0.00041560654281017111
 0.0021185658842698494
 0.00055013016134950951
 0.0034317076005075022
 0.010723487913803887
 0.0083458250992060092
 0.008484078394721449
 0.008111668905993295
 0.0082368407688010788
 0.011170614011691308
 0.0031426116072236472
 0.0054506806247146189
 0.0024173139039822648
 0.0058951389207256939
 0.006785486588834491
 0.013637467340821071
 -9.8464036209211124e-05
 0.0025218713257685208
 -0.00057563191540827745
 0.0124033963373176
 0.0074810727214407215
 0.0078935995688037986
 -0.0024961466544610091
 -0.0026955102149411022
 -0.0026669745872229108
 -0.00018795874366018617
 -0.0019309926906841395
 -0.0012147214361514322
 -0.002649649293687027
 -0.0024531022063749297
 -0.0016497719394736713
 0.0042545302307382005
 0.00071027833817414532
 0.0015920121018928868
 5.019802327642198e-19
 0.0010799431027356974
 0.0011692129224116225
 0.00053470754484111541
 0.00084105017805897835
 1.8157337934651254e-18
 0.0037480230185560339
 0.0021840640211031772
 0.00332950849679407
 -0.00028922135126244577
 -0.00019458178944686521
 5.9367280754309987e-18
 0.00040690751991907754
 -0.00010613889150247786
 -0.0003165929405970019
 4.0220392698811487e-18
 -1.9488544293030176e-05
 0.00023165343417013372
 0.013935651310220119
 0.0066049173690230639
 0.0056619243865942363
 0.00452019842227404
 0.0057064379832785853
 0.0072300389412925043
 0.0012320250641425379
 0.0033594018683744567
 0.0014881199827494272
 0.0010113600778351645
 0.0013642628159792709
 0.0024224628210685519
 0.00057938804612583613
 0.00040940285996437224
 1.0412063401304124e-17
