# Created by Octave 5.1.0, Tue Apr 21 17:49:39 2020 GMT <unknown@Thomas-PC>
# name: contactConvergence
# type: matrix
# rows: 5
# columns: 1
 0.76381192707353718
 0.49060866754360283
 3.045548045799722e-18
 4.0208090867694106e-18
 4.7173270292253023e-18


