# Created by Octave 5.1.0, Sun Feb 16 19:42:59 2020 GMT <unknown@Thomas-PC>
# name: contactConvergence
# type: matrix
# rows: 5
# columns: 1
 0.45006034194763711
 2.0552923030384491e-18
 1.9906607802250508e-18
 1.9004947312106347e-18
 2.0499175694742663e-18


