# Created by Octave 5.1.0, Tue Apr 21 17:46:26 2020 GMT <unknown@Thomas-PC>
# name: contactConvergence
# type: matrix
# rows: 5
# columns: 1
 3.4705281183726782
 8.7467389753030724e-18
 6.9516744819641336e-18
 1.0329153060499825e-17
 1.1134776951133879e-17


