# Created by Octave 5.1.0, Sun Feb 16 21:29:50 2020 GMT <unknown@Thomas-PC>
# name: contactConvergence
# type: matrix
# rows: 5
# columns: 1
 0.2367659707492141
 1.1817445492950756e-18
 1.1739434137615284e-18
 1.0542322947985274e-18
 1.0937234899015241e-18


