# Created by Octave 5.1.0, Tue Apr 21 17:47:09 2020 GMT <unknown@Thomas-PC>
# name: contactConvergence
# type: matrix
# rows: 6
# columns: 1
 1.5393117705596335
 3.1338557002571408
 8.1824402579565463e-18
 6.3220127386922886e-18
 5.3418820319107483e-18
 4.2091375001271896e-18


