# Created by Octave 5.1.0, Tue Apr 21 17:46:15 2020 GMT <unknown@Thomas-PC>
# name: contactConvergence
# type: matrix
# rows: 7
# columns: 1
 0
 0.11667777348585019
 0.58092102344784979
 2.2551405187698492e-17
 0
 0
 5.2041704279304213e-18


