# Created by Octave 5.1.0, Tue Apr 21 17:58:41 2020 GMT <unknown@Thomas-PC>
# name: contactConvergence
# type: matrix
# rows: 5
# columns: 1
 0.82858058416244262
 2.7685407794633475e-18
 1.7095422976457336e-18
 3.1588545506004344e-18
 2.3564957067575721e-18


