# Created by Octave 5.1.0, Tue Apr 21 17:47:09 2020 GMT <unknown@Thomas-PC>
# name: equilibriumConvergence
# type: matrix
# rows: 6
# columns: 1
 2.4676228723285085
 0.28798518277817253
 0.05624093719194366
 0.00011599438332223536
 1.0813562375466591e-09
 6.354583425019048e-15


