# Created by Octave 5.1.0, Sun Feb 16 21:29:50 2020 GMT <unknown@Thomas-PC>
# name: equilibriumConvergence
# type: matrix
# rows: 5
# columns: 1
 0.35720098381038623
 0.037700946282198451
 0.0021828326461822826
 8.0724757245277437e-06
 1.0697162671146461e-10


