# Created by Octave 5.1.0, Tue Apr 21 17:58:41 2020 GMT <unknown@Thomas-PC>
# name: equilibriumConvergence
# type: matrix
# rows: 5
# columns: 1
 1.1136373704576721
 0.036489754081414014
 0.00015649282395729938
 7.7437438704066499e-09
 1.8673597826466072e-14


