# Created by Octave 5.1.0, Tue Apr 21 17:46:26 2020 GMT <unknown@Thomas-PC>
# name: equilibriumConvergence
# type: matrix
# rows: 5
# columns: 1
 4.253802055411751
 0.20148222739502789
 0.0005891507352871764
 8.7232290060651728e-09
 6.341894312235296e-15


