# Created by Octave 5.1.0, Sun Feb 16 19:42:59 2020 GMT <unknown@Thomas-PC>
# name: equilibriumConvergence
# type: matrix
# rows: 5
# columns: 1
 0.63167410207294439
 0.030481290480828625
 0.00039628661990446379
 1.1128179298339992e-07
 3.8828897769826664e-14


