# Created by Octave 5.1.0, Tue Apr 21 17:49:39 2020 GMT <unknown@Thomas-PC>
# name: equilibriumConvergence
# type: matrix
# rows: 5
# columns: 1
 1.7528721488274595
 0.084537333825557212
 0.00018761161572300854
 2.3236551808399873e-09
 1.1219153370561257e-14


