# Created by Octave 5.1.0, Tue Apr 21 17:46:15 2020 GMT <unknown@Thomas-PC>
# name: equilibriumConvergence
# type: matrix
# rows: 7
# columns: 1
 5.7282196186948102
 1.0813006340369069
 0.7992320672266463
 0.60994741648615636
 0.0040266628025172916
 7.372284961829784e-08
 2.1757320665495173e-15


