# Created by Octave 5.1.0, Tue Apr 21 17:46:15 2020 GMT <unknown@Thomas-PC>
# name: lambda_sol
# type: matrix
# rows: 3
# columns: 1
 0
 -9.8161078389400629
 0


