# Created by Octave 5.1.0, Tue Apr 21 17:46:26 2020 GMT <unknown@Thomas-PC>
# name: lambda_sol
# type: matrix
# rows: 5
# columns: 1
 0
 -3.5719717321728512
 -10.944226367916318
 -3.571971732172853
 0


