# Created by Octave 5.1.0, Tue Apr 21 17:47:09 2020 GMT <unknown@Thomas-PC>
# name: lambda_sol
# type: matrix
# rows: 9
# columns: 1
 0
 0
 -3.4071724659323994
 -9.0635529735333957
 -10.598088371100941
 -9.0635529735333975
 -3.4071724659323968
 0
 0


