# Created by Octave 5.1.0, Tue Apr 21 17:49:39 2020 GMT <unknown@Thomas-PC>
# name: lambda_sol
# type: matrix
# rows: 17
# columns: 1
 0
 0
 0
 0
 -4.0055985276210118
 -6.737770233063082
 -8.8687753246787686
 -10.232771510449599
 -10.738252812057807
 -10.232771510449604
 -8.8687753246787597
 -6.7377702330630926
 -4.0055985276210064
 0
 0
 0
 0


