# Created by Octave 5.1.0, Tue Apr 21 17:58:41 2020 GMT <unknown@Thomas-PC>
# name: lambda_sol
# type: matrix
# rows: 33
# columns: 1
 0
 0
 0
 0
 0
 0
 0
 -2.1612525364746418
 -3.8261336298446142
 -5.2263944411793251
 -6.5312743656388506
 -7.7311343106450652
 -8.7908791561717212
 -9.6682420357478449
 -10.320560326364921
 -10.707764145726987
 -10.867514434697657
 -10.707764145726967
 -10.320560326364951
 -9.6682420357478307
 -8.7908791561717283
 -7.7311343106450705
 -6.5312743656388283
 -5.2263944411793162
 -3.8261336298446498
 -2.1612525364746231
 0
 0
 0
 0
 0
 0
 0


