# Created by Octave 5.1.0, Sun Feb 16 19:42:59 2020 GMT <unknown@Thomas-PC>
# name: lambda_sol
# type: matrix
# rows: 65
# columns: 1
 0
 0
 0
 0
 0
 0
 0
 0
 0
 0
 0
 0
 0
 -1.1242156186454104
 -2.1721767340752609
 -2.9831208007028529
 -3.7374765989329215
 -4.4605129207166483
 -5.1587963276694069
 -5.8337792645055035
 -6.4844578196533185
 -7.108248835765262
 -7.7014597819650303
 -8.2596227518229366
 -8.7777677686597944
 -9.250664218457155
 -9.6730424017308518
 -10.039797458964113
 -10.34616887773679
 -10.587873009270545
 -10.761118022798366
 -10.86215977077714
 -10.91282660133931
 -10.862159770777172
 -10.761118022798343
 -10.587873009270556
 -10.346168877736773
 -10.039797458964149
 -9.6730424017308376
 -9.2506642184571515
 -8.7777677686598032
 -8.2596227518229366
 -7.7014597819650144
 -7.1082488357652966
 -6.48445781965329
 -5.8337792645054778
 -5.1587963276694015
 -4.4605129207166394
 -3.737476598932989
 -2.9831208007028094
 -2.1721767340752844
 -1.1242156186453918
 0
 0
 0
 0
 0
 0
 0
 0
 0
 0
 0
 0
 0


