# Created by Octave 5.1.0, Sun Feb 16 21:29:50 2020 GMT <unknown@Thomas-PC>
# name: lambda_sol
# type: matrix
# rows: 129
# columns: 1
 0
 0
 0
 0
 0
 0
 0
 0
 0
 0
 0
 0
 0
 0
 0
 0
 0
 0
 0
 0
 0
 0
 0
 0
 0
 -0.46634898432287109
 -1.1962345017700227
 -1.6931430617343068
 -2.1375826666875786
 -2.5556759639285147
 -2.9559870498615495
 -3.3429761603531905
 -3.7194393718524354
 -4.0872208497723941
 -4.4475354233678495
 -4.8011556007213709
 -5.1485315908994407
 -5.4898718761088841
 -5.8251989279955874
 -6.1543888205900963
 -6.4772002409624161
 -6.7932964303827905
 -7.1022623596036158
 -7.4036186614462585
 -7.6968333408708816
 -7.9813319529751299
 -8.2565067190805479
 -8.5217249007775902
 -8.776336647072883
 -9.0196824551334931
 -9.2511003307643698
 -9.4699326942126056
 -9.6755330457773194
 -9.8672723807169991
 -10.044545320995271
 -10.206775908520656
 -10.353422973355718
 -10.483984933948465
 -10.598003759863325
 -10.695067499877682
 -10.774809833719445
 -10.836902081493438
 -10.881022029013174
 -10.906722857999709
 -10.924014973483011
 -10.906722857999801
 -10.881022029013096
 -10.836902081493474
 -10.774809833719431
 -10.695067499877688
 -10.598003759863321
 -10.483984933948465
 -10.353422973355697
 -10.206775908520692
 -10.044545320995299
 -9.867272380716976
 -9.6755330457773194
 -9.4699326942125897
 -9.2511003307644177
 -9.0196824551334167
 -8.7763366470729043
 -8.5217249007776079
 -8.256506719080539
 -7.9813319529751734
 -7.696833340870735
 -7.403618661446421
 -7.1022623596035839
 -6.7932964303827461
 -6.4772002409624445
 -6.1543888205900883
 -5.8251989279956078
 -5.4898718761088867
 -5.1485315908993741
 -4.8011556007214189
 -4.4475354233677793
 -4.0872208497724154
 -3.7194393718525252
 -3.3429761603531523
 -2.9559870498615579
 -2.555675963928433
 -2.1375826666876172
 -1.6931430617343128
 -1.1962345017700624
 -0.4663489843228355
 0
 0
 0
 0
 0
 0
 0
 0
 0
 0
 0
 0
 0
 0
 0
 0
 0
 0
 0
 0
 0
 0
 0
 0
 0


