# Created by Octave 5.1.0, Tue Apr 21 17:46:15 2020 GMT <unknown@Thomas-PC>
# name: u_sol
# type: matrix
# rows: 18
# columns: 1
 0.019048640119710625
 -0.019048640119710525
 0
 0
 4.1204725021816906e-17
 -0.034143158742289209
 0
 0.034143158742289272
 9.463873000932668e-18
 -0.21160882909561493
 -0.21160882909561493
 0
 0
 -0.061508106686618436
 -0.15677187849371826
 0
 -0.15677187849371832
 -0.13140238680019278


