# Created by Octave 5.1.0, Tue Apr 21 17:46:26 2020 GMT <unknown@Thomas-PC>
# name: u_sol
# type: matrix
# rows: 50
# columns: 1
 -0.010373892485196172
 0.010373892485196205
 0
 0
 2.485181789345957e-17
 -0.024309491025400465
 0
 0.024309491025400472
 -1.1303217862006365e-17
 -0.010913471599959926
 -3.7114073119302665e-18
 -0.01074573098537349
 0.010913471599959947
 0.010745730985373479
 0.0057686669850340417
 -0.0092937460274578141
 -0.045724146222717588
 -0.019306295333058339
 0
 -1.3950057963966658e-18
 0
 0.019306295333058332
 0.045724146222717595
 0.0092937460274578176
 -0.0057686669850340036
 -0.20356315080315379
 -0.20356315080315371
 0
 0
 -0.088673877366670012
 -0.15841815476137619
 0
 -0.15841815476137619
 -0.16028154921171717
 -0.15710782361309678
 -0.14767297532344464
 -0.17931079907455622
 -0.15710782361309675
 -0.17931079907455619
 -0.19363324820113534
 -0.1637460577925858
 -0.10852200955896515
 -0.10156817267369921
 0
 -0.096032173316741687
 0
 -0.10156817267369922
 -0.10852200955896515
 -0.16374605779258583
 -0.19363324820113534


