# Created by Octave 5.1.0, Tue Apr 21 17:47:09 2020 GMT <unknown@Thomas-PC>
# name: u_sol
# type: matrix
# rows: 162
# columns: 1
 0.0027619828284959603
 -0.0027619828284960015
 0
 0
 -7.2176921105734134e-18
 -0.022110410615412485
 0
 0.022110410615412478
 -5.1821041479914667e-18
 -0.0017024817886772611
 -1.2919826010965485e-17
 -0.013310182686991212
 0.0017024817886772336
 0.013310182686991197
 0.0075005012482527618
 -0.0060923710098029433
 -0.049962385118584446
 -0.021894567036945312
 0
 1.2130552165990631e-19
 0
 0.021894567036945312
 0.049962385118584439
 0.0060923710098029406
 -0.0075005012482527774
 0.0021521968978315147
 -0.013989050714438673
 -0.012241390699640777
 -8.9735673906177913e-18
 -0.010310834248569781
 -0.0031435420253495233
 -0.0048222842505053374
 -0.0093580175992799709
 -4.9456707618630157e-18
 0.0031435420253495055
 0.010310834248569763
 0.012241390699640753
 0.013989050714438647
 -0.0021521968978315464
 0.0093580175992799518
 0.004822284250505327
 0.0094157055937680936
 0.012068662416150625
 -0.013110962590237179
 0.0021039482734784569
 -0.0048222327203246689
 0.0054716662232769499
 -0.0018036279915951375
 -0.037968158697898047
 -0.027177568518961082
 -0.029556826873057059
 -0.036020407529960781
 -0.049290593865975216
 -0.016768778127615191
 -0.0080902884949484877
 0
 -0.017465549159548677
 -1.1182867541083125e-18
 -0.0081353380180623006
 0
 -0.010359231317301676
 -7.2663319950654171e-18
 0
 0.0081353380180623006
 0.029556826873057052
 0.017465549159548677
 0
 0.010359231317301676
 0.0080902884949484877
 0.049290593865975216
 0.036020407529960774
 0.013110962590237172
 0.027177568518961085
 0.037968158697898047
 0.016768778127615187
 0.0018036279915951351
 0.0048222327203246559
 -0.002103948273478466
 -0.012068662416150637
 -0.0094157055937681266
 -0.0054716662232769586
 -0.22259785111125524
 -0.22259785111125524
 0
 0
 -0.097264852415610434
 -0.16574303480209568
 0
 -0.16574303480209568
 -0.16614006268132608
 -0.16085740212190491
 -0.15618215248650086
 -0.18467885902873657
 -0.16085740212190491
 -0.18467885902873657
 -0.205038706343557
 -0.17087230690882807
 -0.11052051099276107
 -0.10777093343094921
 0
 -0.10359927696633685
 0
 -0.10777093343094919
 -0.11052051099276107
 -0.17087230690882807
 -0.20503870634355698
 -0.20402044104751285
 -0.17709483797826275
 -0.20589239690431521
 -0.1318004675810544
 -0.14533127416701894
 -0.11377125046907328
 -0.17209948490761165
 -0.16483409430217158
 -0.16799579928542407
 -0.11377125046907327
 -0.14533127416701894
 -0.20589239690431521
 -0.17709483797826273
 -0.20402044104751288
 -0.16483409430217158
 -0.17209948490761165
 -0.21752274650789338
 -0.20207050673197488
 -0.17419664726622433
 -0.19194066244844543
 -0.18768942909400216
 -0.18321276802053382
 -0.16534296338036494
 -0.14200305923748777
 -0.14824969397790161
 -0.057619083785394432
 -0.11066428769471551
 -0.067873208294894169
 -0.14645111569202934
 -0.14328417708762409
 0
 -0.056460667103958376
 -0.054254380696524308
 -0.055830084478516361
 0
 -0.10556763613048313
 -0.14189460035910567
 0
 -0.055830084478516367
 -0.057619083785394438
 -0.056460667103958376
 0
 -0.10556763613048314
 -0.14328417708762409
 -0.067873208294894169
 -0.11066428769471551
 -0.17419664726622433
 -0.14824969397790161
 -0.14200305923748774
 -0.14645111569202934
 -0.16534296338036494
 -0.18768942909400213
 -0.19194066244844543
 -0.20207050673197488
 -0.21752274650789336
 -0.18321276802053382


