# Created by Octave 5.1.0, Tue Apr 21 17:49:39 2020 GMT <unknown@Thomas-PC>
# name: u_sol
# type: matrix
# rows: 578
# columns: 1
 0.012240591052598105
 -0.012240591052598133
 0
 0
 -5.020286932447865e-18
 -0.020829705663097529
 0
 0.020829705663097518
 1.4485625670234074e-18
 0.0026054822815160588
 -4.4332476105474139e-18
 -0.01445660278850304
 -0.0026054822815160823
 0.014456602788503033
 0.0084044601322192432
 -0.0050184455322520643
 -0.052197071580107092
 -0.023015040789641214
 0
 1.6715446035168345e-18
 0
 0.023015040789641214
 0.052197071580107099
 0.0050184455322520617
 -0.0084044601322192589
 0.01083879390521383
 -0.014065049394556656
 -0.01058542389994623
 -6.8190867504475069e-18
 -0.010031114227423438
 -0.0036308806858540836
 -0.0048856702548733498
 -0.0094275429349375481
 -1.586765596398133e-18
 0.003630880685854074
 0.010031114227423428
 0.010585423899946222
 0.014065049394556646
 -0.010838793905213848
 0.0094275429349375359
 0.0048856702548733437
 0.0061418873064256274
 0.013523645096068061
 -0.011473605702591609
 0.0040730366377700489
 -0.002873737414749574
 0.0066452721061865446
 -0.0014970902429018607
 -0.038760464105089196
 -0.027130554913517707
 -0.033123562546189506
 -0.037562672845541607
 -0.05231300775170538
 -0.016472357275913025
 -0.0076688936024164522
 0
 -0.019068421645809658
 2.6348062511173279e-18
 -0.0086880631257193423
 0
 -0.010737795147570169
 1.3222388633104533e-18
 0
 0.0086880631257193405
 0.033123562546189506
 0.019068421645809661
 0
 0.010737795147570176
 0.0076688936024164505
 0.052313007751705387
 0.037562672845541607
 0.011473605702591601
 0.027130554913517707
 0.038760464105089189
 0.016472357275913025
 0.0014970902429018577
 0.002873737414749564
 -0.0040730366377700611
 -0.013523645096068068
 -0.0061418873064256396
 -0.0066452721061865533
 0.011416210256279829
 -0.0024607657541319489
 -0.00034822338761607264
 -0.0087106999741204255
 -0.0054288184404741105
 0.0087036105332540803
 -0.015423299200087483
 -0.012745333476213982
 -0.015622495738465974
 -7.4327923777653595e-18
 -0.004459569975933486
 -0.002465113344869584
 -0.0055622370446976746
 -0.0054325746836158236
 -6.7342278774491743e-18
 -0.002048104340407789
 -0.0078988453229012785
 -0.009469555474238096
 -0.0011994927291632564
 -0.0027156940019497423
 9.2275393420507809e-20
 -0.012687686273720373
 -0.0074918293618789168
 -0.0099964284133789109
 -1.292333240341449e-18
 -0.0040342987985786238
 -0.005035634576794153
 -0.013099243715346511
 -0.010398034991509601
 -0.013908423880063529
 0.0024651133448695762
 0.0044595699759334747
 0.0094695554742380821
 0.0078988453229012628
 0.0020481043404077769
 0.005432574683615808
 0.0055622370446976608
 0.00034822338761605524
 0.0024607657541319311
 -0.011416210256279853
 0.015622495738465966
 0.012745333476213972
 0.015423299200087472
 -0.0087036105332540959
 0.0054288184404741001
 0.0087106999741204151
 0.0027156940019497379
 0.0011994927291632581
 0.0050356345767941435
 0.004034298798578616
 0.0099964284133789039
 0.007491829361878909
 0.012687686273720362
 0.013099243715346506
 0.013908423880063518
 0.01039803499150959
 -0.0014188939591190386
 0.008428193615551827
 0.011457671982619252
 0.012016127995865369
 0.0093586973624097732
 0.01402523779512815
 0.014628959524860112
 -0.015812589259692398
 -0.0068700162558901472
 -0.011430766332125704
 -0.00063636868504512631
 -0.0032802664602474352
 -0.0078652490830093142
 0.0040256715115480008
 0.0011523741621626976
 0.0075399067814081056
 0.0018268800459466938
 -0.0005926246924914298
 0.011275982638702149
 0.0062615361025679757
 -0.0029225353690789067
 0.0018416155468492937
 0.0010596650083689882
 0.0099277512839251111
 0.0059157153137361735
 0.011217784620008761
 -0.029936375612439548
 -0.024588015004674935
 -0.040076043911184703
 -0.032916944131061596
 -0.046474273137766565
 -0.019573863485668738
 -0.015038260673920716
 -0.0276565202975332
 -0.042621673369368021
 -0.041337068106941155
 -0.030055433780756643
 -0.038159081484390088
 -0.029996394600381702
 -0.054753689585577574
 -0.046745394231710619
 -0.045135142225799792
 -0.0048776120988021036
 -0.0024529462598145862
 -0.011071676122543462
 -0.007701310008371611
 -0.014950932618272865
 -0.011838736371413165
 -0.020673768823430496
 -0.033436785704542803
 -0.026881574401024715
 -0.021596364995206511
 0
 -0.020612519023742674
 -0.011542934990996867
 -0.015576003403578018
 0
 -0.025462804168042898
 -0.022727192080233403
 -6.8387984043223221e-19
 -0.0024997575685855324
 0
 -0.0051377047034599152
 -0.0042341172435385304
 4.0467158316588879e-18
 0
 -0.0051782971899563034
 -0.0081447529844394708
 -0.0038022045865549622
 2.0425572172229248e-18
 -0.016595560246354227
 -0.0096997173254226316
 4.1536275894868038e-19
 -0.0047843082234610848
 -0.0052785187157730635
 -0.013562362806829847
 -0.010489337520610337
 -0.016283628997510149
 0
 0.0024997575685855354
 0.0081447529844394725
 0.0051782971899563034
 0
 0.0042341172435385321
 0.005137704703459923
 0.027656520297533203
 0.020612519023742674
 0
 0.0227271920802334
 0.025462804168042905
 0.029996394600381702
 0
 0.015576003403578018
 0.011542934990996869
 0.0038022045865549652
 0.0024529462598145927
 0.0052785187157730704
 0.0047843082234610883
 0.014950932618272871
 0.0096997173254226368
 0.016595560246354227
 0.013562362806829849
 0.016283628997510152
 0.010489337520610343
 0.041337068106941162
 0.042621673369368028
 0.045135142225799799
 0.046745394231710626
 0.054753689585577574
 0.038159081484390088
 0.030055433780756643
 0.015812589259692394
 0.024588015004674932
 0.029936375612439545
 0.015038260673920712
 0.019573863485668731
 0.0078652490830093055
 0.046474273137766565
 0.032916944131061596
 0.040076043911184703
 0.0048776120988021036
 0.00059262469249143554
 0.020673768823430503
 0.011838736371413168
 0.0029225353690789054
 0.0077013100083716058
 0.011071676122543459
 0.033436785704542803
 0.021596364995206511
 0.026881574401024715
 0.011430766332125699
 0.0068700162558901368
 -0.0075399067814081152
 -0.0011523741621627089
 -0.0040256715115480112
 0.0032802664602474248
 0.00063636868504511645
 -0.0084281936155518392
 0.0014188939591190219
 -0.014628959524860119
 -0.014025237795128159
 -0.0093586973624097836
 -0.012016127995865379
 -0.011457671982619265
 -0.0018268800459466971
 -0.0010596650083689954
 -0.0018416155468492983
 -0.0062615361025679791
 -0.011275982638702159
 -0.0099277512839251198
 -0.011217784620008771
 -0.0059157153137361874
 -0.23417995789350587
 -0.2341799578935059
 0
 0
 -0.09929760180531523
 -0.16884645697430115
 0
 -0.16884645697430112
 -0.16745701936588478
 -0.16065821422250928
 -0.15957795874998654
 -0.18708356012679397
 -0.16065821422250928
 -0.18708356012679397
 -0.21152915525092544
 -0.17462742542440571
 -0.11100153286532222
 -0.11086489829500241
 0
 -0.10723034955067219
 0
 -0.1108648982950024
 -0.11100153286532222
 -0.17462742542440571
 -0.21152915525092544
 -0.21027395855803713
 -0.17868874662597961
 -0.21118845600142594
 -0.13515497177482899
 -0.14740039054579618
 -0.11588602234859331
 -0.17526457167637918
 -0.16760766977679639
 -0.17073747566866929
 -0.11588602234859333
 -0.14740039054579618
 -0.21118845600142594
 -0.17868874662597961
 -0.21027395855803716
 -0.16760766977679639
 -0.17526457167637918
 -0.22773932114834217
 -0.20626417864764834
 -0.17796541526464102
 -0.19567761610015832
 -0.19159596370804516
 -0.18638127674362967
 -0.16871511075485479
 -0.14330896513833502
 -0.15136409383705085
 -0.060109771035542339
 -0.11305180195926101
 -0.069108193660364234
 -0.15001043581626275
 -0.14659259300985966
 0
 -0.05828255795743615
 -0.056800672025294964
 -0.05759066437020606
 0
 -0.10858931925495395
 -0.14503657572383441
 0
 -0.05759066437020606
 -0.060109771035542339
 -0.05828255795743615
 0
 -0.10858931925495394
 -0.14659259300985966
 -0.069108193660364234
 -0.11305180195926101
 -0.17796541526464099
 -0.15136409383705085
 -0.14330896513833502
 -0.15001043581626275
 -0.16871511075485479
 -0.19159596370804516
 -0.19567761610015832
