# Created by Octave 5.1.0, Tue Apr 21 17:58:41 2020 GMT <unknown@Thomas-PC>
# name: u_sol
# type: matrix
# rows: 2178
# columns: 1
 0.013778332939103946
 -0.013778332939103964
 0
 0
 9.1471059843387319e-19
 -0.020350197975427507
 0
 0.020350197975427507
 -3.1577236138963074e-19
 0.0027699854421855599
 -2.8833295507586026e-18
 -0.014885315948279665
 -0.0027699854421855564
 0.014885315948279658
 0.0091821784504863054
 -0.004821006718794511
 -0.053004547855208833
 -0.023443715965960572
 0
 6.4980104452763869e-19
 0
 0.023443715965960576
 0.053004547855208833
 0.004821006718794511
 -0.0091821784504863106
 0.012759504731801853
 -0.014425367362099754
 -0.010830246307438595
 -2.1917823155175428e-18
 -0.010180435333173506
 -0.0045025222494830012
 -0.0048702618778007712
 -0.0094878669189987289
 -2.4218918857969228e-18
 0.0045025222494829891
 0.010180435333173499
 0.010830246307438587
 0.014425367362099746
 -0.012759504731801867
 0.0094878669189987237
 0.004870261877800766
 0.0057339772795301207
 0.014358970260181313
 -0.011037645067775105
 0.0047475482625045223
 -0.0020971709224399701
 0.0069580958910618563
 -0.0014879220759868093
 -0.039057451639591824
 -0.027191577666487166
 -0.034397490755306764
 -0.038158447129244398
 -0.053482075715120696
 -0.016458386906117832
 -0.0075757971665275153
 0
 -0.019705481110650003
 -1.5159500329848388e-18
 -0.0089361477249104287
 0
 -0.010919426466820023
 2.8387940724134796e-19
 0
 0.0089361477249104253
 0.034397490755306764
 0.019705481110650003
 0
 0.010919426466820023
 0.0075757971665275153
 0.053482075715120689
 0.038158447129244398
 0.011037645067775105
 0.027191577666487166
 0.039057451639591824
 0.016458386906117832
 0.0014879220759868089
 0.0020971709224399658
 -0.0047475482625045249
 -0.01435897026018132
 -0.0057339772795301294
 -0.0069580958910618589
 0.012946859120494571
 -0.0018443313599304271
 0.00070737180513346081
 -0.0089072737021994794
 -0.0055526582630548082
 0.010353384779603979
 -0.016094559907553981
 -0.013283282708484162
 -0.016046832358477672
 -2.456201629345969e-18
 -0.004687199766804661
 -0.00310192179279753
 -0.0055795571884072999
 -0.0055071373090364332
 -2.4199860825272908e-18
 -0.0027366288652407545
 -0.0082381075029459832
 -0.0097842250582634294
 -0.001079666145266493
 -0.0026383511824236454
 -1.0371240718024319e-18
 -0.012896823404096097
 -0.0075197143302985275
 -0.010172979918069114
 -1.7862838302685547e-18
 -0.0039969091386940873
 -0.0050257664740845668
 -0.013325426941724805
 -0.010485477529592658
 -0.01412672839245682
 0.0031019217927975239
 0.0046871997668046549
 0.0097842250582634155
 0.0082381075029459797
 0.0027366288652407303
 0.0055071373090364271
 0.0055795571884072939
 -0.00070737180513347198
 0.0018443313599304167
 -0.012946859120494586
 0.016046832358477665
 0.013283282708484154
 0.016094559907553974
 -0.010353384779603994
 0.0055526582630547961
 0.008907273702199469
 0.0026383511824236432
 0.00107966614526649
 0.0050257664740845625
 0.003996909138694083
 0.010172979918069111
 0.0075197143302985223
 0.012896823404096092
 0.013325426941724797
 0.014126728392456817
 0.010485477529592653
 -0.0027357120947967533
 0.0083089213314415915
 0.012315238716346936
 0.012574535197201224
 0.0097405325379099558
 0.014710770324250071
 0.015314658573414554
 -0.015318760109002821
 -0.0062602070955754463
 -0.010780704331095115
 -0.00023753522503007604
 -0.002749361609031381
 -0.0075393045377213381
 0.0048834108342812642
 0.0019143359684266738
 0.0084195623454735736
 0.0017905396290730405
 -0.00061100876119999335
 0.011660946118868528
 0.006390022995721817
 -0.002837660586110873
 0.0019313124337599537
 0.0013002407924770853
 0.010728574982170088
 0.0064274404637795516
 0.01183857148473472
 -0.02991922927896561
 -0.024436052593917668
 -0.040485361765366337
 -0.033056655774838427
 -0.047037793543274545
 -0.019385144982109595
 -0.014862642524475811
 -0.029591769723840856
 -0.043851670736291024
 -0.042397062964485352
 -0.030577037776474466
 -0.039057487673705392
 -0.030807688240348352
 -0.055779688513304393
 -0.047704706345804357
 -0.045815062424478949
 -0.0047366355407554945
 -0.0022965629164697632
 -0.010922261805152522
 -0.0075672035092917249
 -0.015066590767038462
 -0.011786931249777697
 -0.02086245633666375
 -0.033755871127395469
 -0.027134114376999103
 -0.021614892788733516
 0
 -0.021600794587138723
 -0.011872534315703339
 -0.016130519018939748
 0
 -0.026401582867889524
 -0.023357282780814625
 9.5209902516850725e-19
 -0.0025691518655442005
 0
 -0.0052590051609967669
 -0.0043528830325995039
 -1.7809781620685663e-18
 0
 -0.0053043184951458901
 -0.0083473740120787576
 -0.0037079781602575865
 -5.0177450678194585e-20
 -0.016902290386674144
 -0.0097423698821138636
 -2.7084045517896832e-21
 -0.004779349687873545
 -0.0053530041265936711
 -0.013974849309826379
 -0.010755180403956718
 -0.016720627419885233
 0
 0.0025691518655441979
 0.0083473740120787523
 0.0053043184951458875
 0
 0.0043528830325995039
 0.005259005160996766
 0.029591769723840852
 0.021600794587138719
 0
 0.023357282780814625
 0.026401582867889524
 0.030807688240348352
 0
 0.016130519018939748
 0.011872534315703339
 0.0037079781602575869
 0.0022965629164697636
 0.0053530041265936719
 0.0047793496878735459
 0.015066590767038465
 0.0097423698821138636
 0.016902290386674148
 0.013974849309826379
 0.016720627419885236
 0.010755180403956718
 0.042397062964485352
 0.043851670736291024
 0.045815062424478949
 0.04770470634580435
 0.055779688513304393
 0.039057487673705392
 0.030577037776474462
 0.015318760109002821
 0.024436052593917672
 0.02991922927896561
 0.014862642524475812
 0.019385144982109595
 0.0075393045377213372
 0.047037793543274538
 0.033056655774838427
 0.040485361765366337
 0.0047366355407554945
 0.00061100876119999379
 0.020862456336663754
 0.011786931249777701
 0.00283766058611087
 0.0075672035092917275
 0.010922261805152524
 0.033755871127395469
 0.021614892788733516
 0.027134114376999103
 0.010780704331095115
 0.0062602070955754454
 -0.0084195623454735788
 -0.0019143359684266773
 -0.0048834108342812686
 0.0027493616090313818
 0.00023753522503007276
 -0.0083089213314415985
 0.0027357120947967399
 -0.015314658573414559
 -0.014710770324250078
 -0.0097405325379099645
 -0.012574535197201231
 -0.012315238716346941
 -0.0017905396290730439
 -0.0013002407924770877
 -0.0019313124337599556
 -0.0063900229957218205
 -0.011660946118868535
 -0.010728574982170093
 -0.011838571484734724
 -0.0064274404637795525
 0.013221386562987556
 0.0066421797813231171
 0.0073501411465103691
 0.0047639214392999497
 0.0058404163226120839
 0.012884170673390228
 -0.0056087892878557265
 -0.00043737391106445604
 -0.007022940418444281
 -0.0040535932138838363
 -0.0017600497759832771
 0.0066386815248384917
 -0.011481878024462365
 -0.0075084593748801377
 -0.012254111592059124
 0.012128518949768933
 0.00097996271777024929
 0.0031981501007884885
 -0.016134626579479901
 -0.016293428911935706
 -0.015764176945351305
 -0.012121161246988577
 -0.015203527559928683
 -0.014386371381944991
 -0.01563893954187565
 -0.015662668414839657
 -0.014115279284749113
 -0.0035696641393748942
 -0.01015509283169363
 -0.0085821410077932606
 -2.7039886032731128e-19
 -0.0020789915062367128
 -0.0016431137154373696
 -0.0026605058058430837
 -0.0024174778963776148
 -3.6889580163641567e-18
 -0.0041239388393732278
 -0.0039850549772512279
 -0.0055397538242031542
 -0.0027261350324067589
 -0.0028338442117075667
 -2.5897665550845578e-18
 -0.0079954777774558991
 -0.0056306135440896549
 -0.0082100298357939052
 -2.1211870839414926e-18
 -0.0028639548787440139
 -0.0028082532108481338
 -0.00043794618504384785
 -0.0067326252938788109
 -0.0057349111637287646
 -0.006587820055119843
 -0.0070100501095813738
 -0.004076460931279338
 -0.010941362006541147
 -0.0092986260643901503
 -0.0094314329286367717
 -0.0051951686930981102
 -0.0074870091253579924
 -0.0066685556394529564
 -0.00017274600409048637
 -0.00057573431986961848
 -1.212194706726704e-18
 -0.0038256097492008292
 -0.0018770424383229491
 -0.0026880091697666381
