# Created by Octave 5.1.0, Tue Apr 21 12:58:34 2020 GMT <unknown@Thomas-PC>
# name: contactConvergence
# type: matrix
# rows: 8
# columns: 1
 0.11513737792973532
 0.00014633895741478703
 0.00016112770229307233
 0.00014710424243002888
 0.00016864624789489791
 0.00017055279585608717
 0.00016753585274059687
 7.043933952430385e-19


