# Created by Octave 5.1.0, Tue Apr 21 12:34:12 2020 GMT <unknown@Thomas-PC>
# name: contactConvergence
# type: matrix
# rows: 3
# columns: 1
 0.021858016765469432
 0.047030717616838767
 5.3643360920182466e-18


