# Created by Octave 5.1.0, Tue Apr 21 12:34:54 2020 GMT <unknown@Thomas-PC>
# name: contactConvergence
# type: matrix
# rows: 6
# columns: 1
 0.072150442235149659
 0.017134746071123114
 0.017144704075611812
 0.016810300706458833
 0.012915625642834362
 1.1435634942100043e-18


