# Created by Octave 5.1.0, Sun Apr 19 12:05:35 2020 GMT <unknown@Thomas-PC>
# name: contactConvergence
# type: matrix
# rows: 17
# columns: 1
 0.01748752701995036
 0.00048740869362673346
 0.00051991565902290626
 0.00048791677964383633
 0.00051123234778065413
 0.00048422652189345308
 0.00050416869414960351
 0.00043179441716217399
 0.00043293529065579556
 0.0003669713469108752
 0.00036363283133298793
 0.00030048340591151441
 0.00027391261555119028
 0.00022551496008175082
 0.00023832942757453216
 5.6523663473054194e-05
 3.9873510924572106e-19


