# Created by Octave 5.1.0, Tue Apr 21 11:56:02 2020 GMT <unknown@Thomas-PC>
# name: contactConvergence
# type: matrix
# rows: 3
# columns: 1
 0.053982927646086309
 1.2363963354910646e-05
 8.1476303972033983e-19


