# Created by Octave 5.1.0, Tue Apr 21 12:35:49 2020 GMT <unknown@Thomas-PC>
# name: contactConvergence
# type: matrix
# rows: 5
# columns: 1
 0.059855221380860683
 0.27831567344586988
 0.072025556127114351
 0.027361250368267625
 5.6920614055488983e-19


