# Created by Octave 5.1.0, Tue Apr 21 12:34:12 2020 GMT <unknown@Thomas-PC>
# name: equilibriumConvergence
# type: matrix
# rows: 3
# columns: 1
 1.7740571890277164
 1.6656253846859865e-15
 8.6687665751852009e-16


