# Created by Octave 5.1.0, Tue Apr 21 12:35:49 2020 GMT <unknown@Thomas-PC>
# name: equilibriumConvergence
# type: matrix
# rows: 5
# columns: 1
 3.0764495738647475
 8.7808879868783604e-16
 6.7920436356857686e-16
 7.160155680518476e-16
 7.6109098963460468e-16


