# Created by Octave 5.1.0, Tue Apr 21 11:56:02 2020 GMT <unknown@Thomas-PC>
# name: equilibriumConvergence
# type: matrix
# rows: 3
# columns: 1
 1.5297313283397924
 2.1466496956309281e-15
 2.0811755600121347e-15


