# Created by Octave 5.1.0, Sun Apr 19 12:05:35 2020 GMT <unknown@Thomas-PC>
# name: equilibriumConvergence
# type: matrix
# rows: 17
# columns: 1
 0.89131307939321147
 4.2863536193556419e-15
 5.9204933666309079e-15
 5.7288659234906459e-15
 7.2554460646115687e-15
 7.4701986351945883e-15
 8.8658293227040046e-15
 6.991669444511403e-14
 6.897090319410949e-14
 3.5831124721242099e-14
 3.5507752855743063e-14
 8.2587923290694114e-14
 4.1461706873542583e-14
 2.110638382185357e-14
 3.9731085125809476e-15
 4.096950321626645e-15
 4.1968848485682013e-15


