# Created by Octave 5.1.0, Tue Apr 21 12:34:54 2020 GMT <unknown@Thomas-PC>
# name: equilibriumConvergence
# type: matrix
# rows: 6
# columns: 1
 2.7096987285519258
 2.0601914337274035e-15
 2.1995999277800465e-15
 2.0129047047654827e-15
 1.2690871237409466e-15
 3.6759963571258216e-16


