# Created by Octave 5.1.0, Tue Apr 21 12:58:34 2020 GMT <unknown@Thomas-PC>
# name: equilibriumConvergence
# type: matrix
# rows: 8
# columns: 1
 2.3207751474464722
 1.4330670506538108e-15
 1.6463473294396525e-15
 1.7029469060257179e-15
 2.0394239648040063e-15
 1.4759975700017189e-15
 1.848096430923441e-15
 1.1610699546553433e-15


