# Created by Octave 5.1.0, Tue Apr 21 12:34:12 2020 GMT <unknown@Thomas-PC>
# name: lambda_sol
# type: matrix
# rows: 3
# columns: 1
 -0.58168281338992756
 -0.0034314787046740569
 0


