# Created by Octave 5.1.0, Tue Apr 21 12:34:54 2020 GMT <unknown@Thomas-PC>
# name: lambda_sol
# type: matrix
# rows: 5
# columns: 1
 -0.014793677615707372
 0
 -0.32171787010830566
 0
 0


