# Created by Octave 5.1.0, Tue Apr 21 12:35:49 2020 GMT <unknown@Thomas-PC>
# name: lambda_sol
# type: matrix
# rows: 9
# columns: 1
 0
 0
 0
 0
 -0.63074516529877211
 0
 0
 0
 0


