# Created by Octave 5.1.0, Tue Apr 21 12:58:34 2020 GMT <unknown@Thomas-PC>
# name: lambda_sol
# type: matrix
# rows: 17
# columns: 1
 0
 0
 0
 0
 0
 0
 0
 -0.29593377878153687
 -0.57813475278301296
 -0.18916415541634449
 0
 0
 -0.011523296207255547
 0
 0
 0
 -0.017248795464919562


