# Created by Octave 5.1.0, Tue Apr 21 11:56:02 2020 GMT <unknown@Thomas-PC>
# name: lambda_sol
# type: matrix
# rows: 33
# columns: 1
 0
 0
 0
 0
 0
 0
 0
 0
 0
 0
 0
 0
 -0.017359533134912904
 -0.16256949420120781
 -0.28783241445903274
 -0.38579172222214814
 -0.41860539853293077
 -0.36499378501103419
 -0.24525855018269505
 -0.10999334654432401
 0
 0
 0
 -0.018197935375880513
 -0.031753865223763826
 -0.0055833519016124603
 -0.0022505632950245587
 -0.0014098181954018156
 -0.0012837629437350694
 -0.0014215343246148837
 -0.0017118681619791611
 -0.0022076632806933691
 -0.0035370304615790337


