# Created by Octave 5.1.0, Sun Apr 19 12:05:35 2020 GMT <unknown@Thomas-PC>
# name: lambda_sol
# type: matrix
# rows: 65
# columns: 1
 0
 0
 0
 0
 0
 0
 0
 0
 0
 0
 0
 0
 0
 -0.00086499511145184181
 -0.0014470387507896862
 -0.00028890054376164051
 0
 0
 0
 0
 0
 0
 -0.012350110961781416
 -0.047815188170962267
 -0.084101487996166027
 -0.12473587047047652
 -0.16861255038476378
 -0.21382105101566723
 -0.25776740494994232
 -0.29722064954734445
 -0.32857311333091715
 -0.34838258496802244
 -0.35410283696466976
 -0.3447594908391925
 -0.32128177653852574
 -0.28632658536391337
 -0.24367226299081635
 -0.19745136117701892
 -0.15150740196583443
 -0.10902203371488133
 -0.072390573294405278
 -0.043230730385964949
 -0.022411687870614781
 -0.010043696661640091
 -0.0054097137931910276
 -0.0068149639427508377
 -0.011300585685946683
 -0.014168355354508491
 -0.0089303510582103146
 -0.0028071285061646314
 -0.0012831202779414982
 -0.0006108304156283356
 -0.00023331296850378873
 0
 0
 0
 0
 0
 0
 0
 0
 0
 0
 0
 0


