# Created by Octave 5.1.0, Tue Apr 21 12:34:12 2020 GMT <unknown@Thomas-PC>
# name: u_sol
# type: matrix
# rows: 24
# columns: 1
 0.043860608658349995
 0.078821923342878047
 0.11832984731842275
 -0.081707174280396519
 -0.083367242019168716
 -0.088798808553207653
 -0.12242094180747176
 -0.11453949801796458
 -0.10109008499554323
 0
 0
 0
 -0.0093013661436327638
 0.020441989894819077
 0.05856139292175383
 -0.046146215678881199
 0.023114347903983364
 0.054972235942588168
 -0.0037790631968437696
 0.049801183171019031
 0.00777720813608993
 0
 0
 0


