# Created by Octave 5.1.0, Tue Apr 21 12:34:54 2020 GMT <unknown@Thomas-PC>
# name: u_sol
# type: matrix
# rows: 70
# columns: 1
 0.0088226108253451965
 -0.014815567813403523
 0.0057297880830877246
 -0.0041610860173723089
 0.0098700914230226248
 -0.00051696707733619573
 -0.0027522711233664118
 0.0063610551313487479
 0.00082266294875045693
 0
 0
 0
 0.0097403462106401516
 -0.0029802384868955391
 -0.0020392752779030509
 0.010191697087499873
 -0.0027006260181746855
 0.0051317762661285517
 -0.00039245816567871211
 -0.0016832415877439614
 -0.00084301928532426115
 0.0035300102368841652
 0.0033806272300836507
 -0.014431461659453798
 -0.0055050186897689073
 0.0090062326861207395
 0.0067804375268767317
 0.001197767155690732
 -0.00049888451102171149
 -0.0013220487271945352
 0.0060175981735896165
 0
 -0.0044980570087623292
 -0.00061121836251925785
 0
 -8.0731264125248603e-19
 0.039793674958129147
 0.0025045890444378464
 0.0015717167575692789
 0.043362402008800857
 0.0014107213270093087
 0.0013505919641294821
 0.073816126780713656
 0.0038761014527893311
 0
 0
 0
 0.0077155927443049331
 0.0058673758697047164
 -4.3853659726023324e-05
 0.039739018013463343
 -0.0015121479351100277
 0.00046211952522154896
 -0.0026999599111095177
 0.0020629919645826734
 0.0043524338240120176
 0.0039255218923300948
 0.001696067827488202
 0.050097056435225711
 0.009338170323361197
 0.0072521078302172299
 0.0035553985872728332
 0.0077166211721249947
 0.011344949585916503
 0.0019899967770309673
 0.068581360938688662
 0
 0.012376229854766885
 0.00194177149084449
 0


