# Created by Octave 5.1.0, Tue Apr 21 12:35:49 2020 GMT <unknown@Thomas-PC>
# name: u_sol
# type: matrix
# rows: 234
# columns: 1
 0.0035933617781758313
 -0.0052308631940916782
 7.0139795630378299e-05
 -1.9287280303926005e-05
 0.0039623492073814224
 0.0015724920714123526
 -0.00037445405081514325
 0.0021434681119153289
 0.0019774411341043543
 0
 0
 0
 0.004214989592545345
 0.00053681244404820251
 0.00034335538541581411
 0.0043054461237149941
 -0.00023161991597567017
 0.00037929207534682886
 0.0015637123671351717
 0.0020538155623661221
 0.0016043848563824408
 -6.5707353951875323e-05
 -0.00062053460146811886
 -0.0047511238098426056
 -0.00084973768997883929
 0.0023136850437429014
 0.0013838734126849933
 0.0016660846112401086
 0.00063506183951682804
 0.0010579616641971509
 0.0015313230322935127
 0
 -0.00038665505998102543
 0.0012289114378855326
 0
 0.0036988541333495464
 0.0012986369906030633
 0.0014722267165349625
 -0.020540256035517641
 0.0011955454830909699
 -0.0024575051897861334
 4.7748164262325331e-05
 0.00022856427532624434
 5.1239659481922863e-05
 -0.00055532261129980377
 -0.022215789306102563
 0.021090139211709494
 -0.0017342308166211106
 0.0068404393805297919
 -5.960433199007323e-05
 -1.4679334565366269e-05
 0.011604014354555756
 0.025718438879324929
 0.0015861600174014263
 0.001944146061656831
 2.1852673766130717e-06
 0.022679316641384846
 -0.00053451681104979966
 0.0015065310477176273
 0.0020093889313566814
 0.0015713133818404655
 0.0018745668164589625
 0.0019467804669154229
 0.0013483236430880765
 -0.021228255978071431
 -0.00021540236026659299
 -0.00026901490388260498
 0.02322639392380748
 -7.801116882681636e-05
 -0.00073336182192845322
 -0.00050286158400422861
 -0.00062421643620333856
 -0.0016953563142749328
 0.0022443697686981849
 -0.023766060308601625
 -0.021157518849727865
 -0.002556556774574966
 -0.00043417721951420916
 -0.00035166955599194512
 -0.018833850378171948
 0.001384126940848844
 0.0020687039492470641
 0.0041244304212507479
 0.024393943694304185
 0.0013214097707105093
 0.0014210336130458558
 0.0018484927954522466
 0.0016092112741659804
 0.0016849316847922864
 0.0021490114587306842
 0.021089404376409285
 0.00032270301369883935
 0.00037465121606144699
 -0.0028687580220605764
 -0.00060119506668193624
 0.00091421641565717679
 0.0010618114432343645
 0.0011221091059775818
 0.0041483771783675386
 0.021252922642872395
 0
 0.025191877604857856
 -0.0019178696345931298
 0.0018645014209428268
 0
 -0.0034618725800763701
 0.0018731376421528578
 0.000909200123236553
 -0.025715676671730345
 -0.023424259364201727
 0.0019339100342184905
 0.001072143505418842
 0
 -0.00094406250755845822
 -0.00028300778783714356
 -0.0020991969532841502
 0
 0.00048746369451043629
 0.039524833184419197
 0.0023327894226687876
 0.0015520783449587858
 0.043392546940416749
 0.0027065941327046403
 0.0012844020114168805
 0.077096769159754316
 0.0024971982949968273
 0
 0
 0
 0.0044889914797468459
 0.0020430640652538165
 0.001061602837725308
 0.03912607864099911
 0.0031230022440616573
 0.0031253002700060537
 0.0045860580298606934
 0.0027562265925991352
 0.0016736760838261724
 0.0024056625080157543
 0.001401671719518602
 0.046796998496190872
 0.0047454716115096557
 0.0045037119378949549
 0.0026759613013971001
 0.0098422725873205975
 0.014129272530106009
 0.0012080273708606831
 0.070217027189375628
 0
 0.010955732290738814
 0.001975038161795882
 0
 0.0020811369802827312
 0.001931291589928152
 0.00059295604968415063
 0.018076384818493586
 0.0035865137724298999
 0.016077709015672181
 0.001421268884439737
 0.0018910601413804891
 0.0018552359865050634
 0.033890292790239689
 0.01541387003099764
 0.011847349023942324
 0.011541514235194863
 0.043610587412935407
 0.0022415334251054157
 0.0019832579711847142
 0.018877506035107045
 0.013930275326648903
 0.0034488217690807487
 0.0049047260857794928
 0.0032426572851058256
 0.010230335719426165
 0.013163060767415887
 0.0025595180918440647
 0.0032587863880167442
 0.0024164048601742773
 0.0027608265375419073
 0.0027716957447099294
 0.0029053013413153648
 0.020749277016190133
 0.001938231025701679
 0.0015262057167337393
 0.01897147094738063
 0.0032273133612589471
 0.0012906970273781917
 0.0015300408023509061
 0.00099512685841174949
 0.04207617229574584
 0.030260230970517211
 0.046393049700804372
 0.040506070685142982
 0.060443454022649702
 0.0022499565482442308
 0.00074424784566039779
 0.02799201542976865
 0.0024885212894809835
 0.0022378473069377476
 0.032019123649135825
 0.034742301683703618
 0.0026742775201654555
 0.00280961122295502
 0.0027520174096519242
 0.002987506084743431
 0.00262450809505675
 0.0073527901531257956
 0.039888246502295402
 0.0010096014390615893
 0.0013318777156778143
 0.047290622464909698
 0.0099681539413396768
 0.00069786179502175061
 0.0016127066592193141
 0.0016485966098329615
 0.084362249611381349
 0.040994644926744227
 0
 0.021635259578660287
 0.03226728920700745
 0.010329492297508399
 0
 0.046548163951959841
 0.0022718783948590241
 0.011485573018443902
 0.045413569162391809
 0.024870564990181001
 0.0023442756035023595
 0.001797670642605766
 0
 0.00091040900853141162
 0.00087651380606561951
 0.0055648607202292795
 0


