# Created by Octave 5.1.0, Tue Apr 21 12:58:34 2020 GMT <unknown@Thomas-PC>
# name: u_sol
# type: matrix
# rows: 850
# columns: 1
 -0.0014657027353020874
 -0.0049739600204219241
 -0.0022706992437722404
 -0.0014347300736019288
 1.7170145949129317e-06
 -0.0011450281631531411
 -0.00070070092166337882
 0.00041299164461536286
 1.3710897209762193e-05
 0
 0
 0
 -0.00057854536236889658
 -0.0021619548425351001
 -0.0020343582664531824
 -0.00049440089613379931
 -0.0014124371987654352
 -0.0028716558014060868
 -0.0014647979969474776
 -0.001410158795866631
 -0.001328752276072443
 -0.00082439294486000628
 -0.0011703190940978202
 -0.0028913877722585267
 -0.0009815316227322398
 -0.00019768930489893246
 -0.000652071747621765
 0.00013608795237082021
 0.00018417074258513498
 0.00013077199463676736
 0.00045958617344601173
 0
 -0.00048880333799627724
 8.5171762244414033e-05
 0
 -0.0013273987025290619
 -0.0020641646400969163
 -0.0019441617060731459
 -0.02520677536138077
 -0.0021329256079103006
 -0.0049065142049290952
 -0.00175848451430428
 -0.0021222488056521884
 -0.0017795556906155623
 -0.0028959475742158492
 -0.025435276376932794
 0.021730353752594314
 -0.0022281941913091666
 0.00085356037049579101
 -0.0019093532358354867
 -0.0013956506470307816
 0.0024605006225996272
 0.022369518075372987
 -0.0017547744290628095
 -0.0014229029884473775
 -0.0023882292349531884
 0.021564019222409341
 -0.001994379817397154
 -0.0018036260203373065
 -0.0014011524934635722
 -0.0011865461927975619
 -0.0012805194077834545
 -0.0012370533961876212
 -0.0015436332442009654
 -0.024747877037154944
 -0.001163243771256798
 -0.0012495120501512759
 0.022658094883727341
 -0.00096192439901344128
 -0.0010310355403815761
 -0.0010875271784170522
 -0.0010033495577589614
 -0.0019646268200601506
 -0.00022000163460213568
 -0.024496203918571463
 -0.023878102473264884
 -0.0017275164345836901
 -0.0009472524533689602
 -0.00072019302185596717
 -0.023715431487288371
 -0.00095840751959039251
 -0.00079143844075886711
 0.00031295699145654157
 0.02349551536111041
 -0.0009679899632126566
 -0.00059032951850858113
 5.0726254246019828e-05
 -0.00021363103581012539
 -0.00028175230169844408
 0.00014449160568583562
 0.022716059814018051
 -0.00023193936144790672
 -0.00023185276889080761
 -0.0012114173200652391
 -0.00058903680439850151
 0.00011207841807482279
 0.00021566620021701749
 0.00027934141058068789
 0.001415454082870029
 0.023120137315751389
 0
 0.024649437848780088
 -0.00091661559237284215
 0.00068963126107434727
 0
 -0.0013371398846028749
 0.00018333033581882679
 -0.00011376220961316724
 -0.024776168102286722
 -0.024090881976839347
 0.00015107402194981345
 0.00011229655360732172
 0
 -0.00036858132252179626
 -0.00018515906908528879
 -0.00081531752183777468
 0
 -0.0014479139482922799
 -0.0017533728220995603
 -0.001731251472350524
 -0.0017805011467113374
 -0.0017623367629565948
 -0.0010429290017208493
 -0.0020501309303985189
 -0.0019991343760748198
 -0.0021108053554233027
 -0.017390716766568556
 -0.016047377891589103
 -0.0076835283238107449
 -0.0021840416577403048
 -0.0085260995317751574
 -0.010013395313549424
 -0.00092485381952575878
 -0.0054039962701533384
 -0.0018202477017698309
 -0.0015855427202924729
 -0.0017692395770906322
 -0.0015799093091220095
 -0.0020821873783319089
 -0.0019514231420107849
 -0.0019223963921586572
 -0.0020040900728273306
 -0.0019743654215307314
 -0.0021516612027501457
 -0.0021471667245057647
 -0.0022218586765985677
 -0.0021727246630132966
 -0.0037368717770711627
 -0.025541036872879064
 -0.023863694291022024
 -0.02813990813062768
 -0.0017137873951479825
 -0.028831047948453276
 -0.0094107583192721989
 0.022208324093495459
 0.012882077503371015
 0.00068287477037189852
 0.0015160576941873661
 0.011472886889285536
 0.0050322203209023017
 0.00043514365280810556
 -0.00024219345733192526
 -0.013677616070107914
 -0.0015767316898541619
 -0.0014151038324916861
 -0.002074313595564376
 -0.0018092915059085277
 -0.0013830268001207328
 -0.0015928986327984858
 -0.0016774860549801211
 -0.015725066597173869
 -0.0028032749967701232
 -0.0067913210566124876
 0.00085560535367009251
 0.011377013417394109
 0.0035966040827612989
 0.013279804222014694
 -0.00075443648501327524
 0.020725069580862451
 0.024740883977201193
 -0.0020810184181577407
 -0.002054335713096407
 -0.0022920923657793152
 -0.0014073593724455598
 -0.0016441316145069684
 -0.0014838248199713988
 -0.0025732988920474232
 -0.0019652268713319437
 -0.0016697799491441345
 -0.00013698138703341342
 -0.013331718920438787
 0.021859181247822469
 0.012753248668463871
 0.001652812791139427
 0.011495649904876252
 0.0049854861440452973
 0.0061407806487516472
 0.0066299534899491499
 0.025517665642315931
 -0.0020619466162681934
 -0.0018001210091659486
 -0.0014036173715175927
 -0.0015665798540141613
 -0.0015769872150841384
 -0.0015384457458565994
 -0.001410556831983351
 -0.0011597356480703091
 -0.0012077688986654703
 -0.0011926586073522174
 -0.0013251494863723789
 -0.0012431020168808076
 -0.0012437581793827541
 -0.0013020378725408556
 -0.0012473830688905245
 -0.0013040353648935449
 -0.015271395015512787
 -0.023263212737000181
 -0.0015262369261545017
 -0.0024627987377134806
 -0.0086253367434815376
 -0.0062358640141334104
 -0.0014829827368942785
 -0.0013238082655822572
 -0.0013638783119404184
 -0.0013821342607836145
 -0.0012920974757222911
 -0.0013222136538438036
 -0.0012056382310825563
 -0.0012554979751695573
 -0.0012056219118534847
 -0.0012138226299640432
 -0.0011702608872027926
 0.025263270423557412
 0.025816833916858673
 -0.00084826671930884965
 0.0064335232502178812
 0.0039860587880471378
 0.0068242740673486631
 -0.0011596160056924591
 -0.00089174058095029896
 -0.0010223303160644343
 -0.00089108923629861085
 -0.0011409324508954201
 -0.001099945351960147
 -0.0011194335864180536
 -0.00097944717233454793
 -0.0010603200634668941
 -0.00098114253200953512
 -0.001078471354645856
 -0.0010068209222984493
 -0.0011132217038047924
 -0.00097724760695843478
 0.021251609454328007
 -0.0019906233381085515
 0.011269218098907199
 -0.0026723214476481278
 0.013120714539311115
 0.00015969416794571608
 -0.022960559194414809
 -0.027081696641279344
 -0.00064378193340268593
 -0.0089584286481154893
 -0.027814193624585107
 -0.0083696714435265492
 -0.0025488019107781181
 -0.024147607163584897
 -0.014959046550308755
 -0.00089368296298508851
 -0.00070195864954453505
 -0.00087086176946813061
 -0.00097169137410261423
 -0.00081581287693878761
 -0.00092627912614763564
 -0.0010016132443841769
 -0.013769840732215589
 -0.0073450661921862946
 -0.0039970427621929374
 -0.027237628541295061
 -0.0089566286525032818
 -0.027851016131737048
 -0.024159201024855557
 -0.014825308410556239
 -0.0010832833968530812
 -0.001093815942213641
 -0.0004798485829412942
 -0.00093155679692431131
 -0.00072022501811100717
 -0.0011108541853193374
 -0.0010884610139209594
 0.021770121223910775
 0.025859487656696573
 -0.0017142011476022183
 0.01167747720640078
 0.0048795744877302739
 0.013818616548280626
 0.00084480270450506265
 -0.0071049656840938271
 -0.0035302604553026063
 -0.013417138917134615
 -0.0010741667538449
 -0.00096765514137987904
 -0.00063081128764433565
 -0.00081324608405698609
 -0.00082461514259437121
 -0.00078549127962258261
 -0.00049954420444709964
 3.7210111808903612e-05
 -9.0295501146034341e-05
 -0.00011791240334588961
 3.2786385106876646e-05
 -6.3977396083184779e-05
 0.00013560730716198057
 -0.0004652537098260424
 -0.00025207582731592756
 -0.00043753994299219423
 0.026754890969658645
 0.022841934178715776
 1.7601556506589102e-05
 0.0075181448712407029
 0.0063896558455914894
 0.0080694565210055486
 0.00017990689196225159
 -0.00039333374217373729
 -0.00011044501367544079
 -0.00029094188650732894
 -0.00046729530620401305
 -0.00047198536449699001
 -0.00062722032435057163
 -0.00049105835711840326
 -1.6686031497504087e-05
 -0.00021319827604052342
 2.2275389984929342e-05
 -0.012866917455747555
 -0.014777006243528389
 -0.00022462404831699795
 -0.0015938649628920746
 0.0028885629709315005
 -0.0056932413537937538
