# Created by Octave 5.1.0, Tue Apr 21 11:56:02 2020 GMT <unknown@Thomas-PC>
# name: u_sol
# type: matrix
# rows: 3234
# columns: 1
 -0.00088765040879975861
 -0.001668921118904312
 -0.00069314920600531285
 -0.00054360749930471789
 -0.00020132524852345315
 -0.00058760110754624674
 -0.00027416130991575976
 3.7271212360786246e-05
 -0.0001254699589410013
 0
 0
 0
 -0.00045450266705709063
 -0.00090002523348577394
 -0.00083409791451358531
 -0.00037344294357584558
 -0.00054540209275521882
 -0.00099097668204865537
 -0.00064127124001346159
 -0.00060008037543652986
 -0.00066250770158366194
 -0.00035466908051871881
 -0.00044055733115356611
 -0.0010058671066073231
 -0.00038204890937697602
 -0.00025416237251748035
 -0.00039154701592821991
 -6.0707188338371022e-05
 5.2610126948354633e-05
 2.4668040645091054e-05
 9.8626015986862239e-05
 0
 -0.00021557806744986906
 -6.8667684768063255e-05
 0
 -0.00084746026251409029
 -0.00093318078004134102
 -0.00089573073787178566
 -0.025004862471861289
 -0.00097794575531163705
 -0.0022154386021078377
 -0.0006837330717683667
 -0.00086549925908259678
 -0.00069421261820036475
 -0.0011185894545913452
 -0.02501915249602479
 0.023515169324374991
 -0.00086074878547747315
 3.5057377225675569e-05
 -0.00074949882141933102
 -0.00053391562200689341
 0.00097486031129488801
 0.023691760400079285
 -0.00064540533116892035
 -0.00057169115488107252
 -0.00072816702388597203
 0.023395820612202588
 -0.00083467431431226229
 -0.00064407785520726585
 -0.00061061602095815537
 -0.00061162974567953909
 -0.00062291860766519711
 -0.00059685921312379263
 -0.00070707546151483117
 -0.024813872171902542
 -0.00044616425882926822
 -0.00046848054976306804
 0.0238140862761161
 -0.00039091260236393324
 -0.00039286534706343035
 -0.00042535467890847552
 -0.00039746474021596972
 -0.00076016387172912737
 -0.00019091911960016387
 -0.024587091160812265
 -0.024427255826404679
 -0.00062941594598178491
 -0.00039539796703983956
 -0.00029145847106174069
 -0.024484526740034891
 -0.00052694770773126318
 -0.00048180734992228446
 -8.3945455432272146e-05
 0.024071377419221711
 -0.00052212610253054507
 -0.00037200861049560736
 -0.00010336980634878739
 -0.00021130385334334966
 -0.0002405198262531454
 -9.4501558089737112e-05
 0.0238804776206488
 -0.00010870853873341205
 -0.00010406174777443727
 -0.00041656395085380525
 -0.00021778335419868743
 2.58458641289494e-05
 5.269307943585105e-05
 7.3982596796888517e-05
 0.0003638680606425757
 0.024062383821230847
 0
 0.024549541900309342
 -0.000311492376254006
 0.00019980624172793735
 0
 -0.00045471666522113954
 -5.1212201063280781e-05
 -0.00012039019790947064
 -0.024611718237282951
 -0.024389422399069782
 -7.0164568628376008e-05
 -4.5823249990442597e-05
 0
 -0.00013805551158360731
 -9.9942665822916346e-05
 -0.00027452389827615012
 0
 -0.00088363929883257476
 -0.00089335492401281229
 -0.00088947197852642728
 -0.00090363416081376579
 -0.00089424395317399868
 -0.00073116356735507845
 -0.00088047094436174479
 -0.0009108852231183008
 -0.00089868096036523743
 -0.015282396065537876
 -0.015090878544768684
 -0.0031879636750539861
 -0.00094725665171775696
 -0.0079913370130690001
 -0.0091930857927218883
 -0.00057428447198543987
 -0.0049137726260525235
 -0.00092936354947586585
 -0.00060719117843523662
 -0.00068793879883312316
 -0.00060599035087073442
 -0.00084939233698692017
 -0.00077384853832605761
 -0.00076384358764145454
 -0.00080155188007946206
 -0.00078475372341667087
 -0.00088331027681145407
 -0.00096712097193020106
 -0.00094455628420713324
 -0.00092079487480077246
 -0.0014165674028940652
 -0.024688453629692825
 -0.024133627495026629
 -0.028020735463428124
 -0.00074328517463445598
 -0.028715403677478119
 -0.0081832035062054925
 0.023230937375930377
 0.013339932344442348
 -8.6130325428235388e-06
 0.0032554381310309841
 0.013172157849512027
 0.0064900904450493693
 -9.3773464344431963e-05
 -0.00027996182137903956
 -0.013990576306784639
 -0.00060730951917402625
 -0.00053799722327437785
 -0.00083531057507877943
 -0.00070881715070396888
 -0.00053234153985973545
 -0.00061571787794195481
 -0.00064827746154759404
 -0.014834192551126855
 -0.0010192042251505921
 -0.0052001086897088371
 0.00057964844697221878
 0.012999561499477681
 0.003916653955080316
 0.013827375229376911
 -0.00042346921071767041
 0.022779931450418314
 0.026545895856225049
 -0.00068573871987339253
 -0.00069133865927409918
 -0.00070543135586929992
 -0.00059769324873749669
 -0.00062468010599745058
 -0.00061041900059930919
 -0.00078494006775753453
 -0.00068363025258856265
 -0.00062146746258954079
 -0.00027209358081145644
 -0.013897395475772855
 0.023080324526393782
 0.013265580696364873
 0.0032211227275744836
 0.013119445534134102
 0.0063936670596970811
 0.0067905020170316464
 0.0076954300046811518
 0.027249624038230461
 -0.00067586282595701757
 -0.00064887443739083885
 -0.00060517103414560469
 -0.00061953559725642785
 -0.00061605306348253778
 -0.00061859988242155223
 -0.00061884303386967464
 -0.00059882006014191208
 -0.0006085506984075832
 -0.00059667455733381544
 -0.00065302779772514498
 -0.00062440345225393183
 -0.00063251465032527826
 -0.00059550792344432025
 -0.00060746946436424001
 -0.00060347640674740836
 -0.014722963612512636
 -0.023948283888384575
 -0.00068220719822745354
 -0.00097622350162330585
 -0.0079525647833004372
 -0.0050696611130432896
 -0.00070344319511082105
 -0.00061506502708600405
 -0.0006518217485159953
 -0.00063652203436446141
 -0.00048896400039032562
 -0.0004974493552531153
 -0.00046672860812079013
 -0.00047971050632263161
 -0.00045223800124903607
 -0.00045913915463442328
 -0.00044435717153412825
 0.026752921433834731
 0.027406770730023677
 -0.00035709241533959626
 0.0069241624137329821
 0.0040285777024219706
 0.0078289525762164219
 -0.00045559454708815551
 -0.00034331758229186934
 -0.00039650332911874613
 -0.00034946189820897
 -0.00043610076547684183
 -0.0004232807105990651
 -0.00042353845910156503
 -0.00040223147154383677
 -0.00041779686588570315
 -0.0003995312614266181
 -0.00042344468972006717
 -0.00040254366987460712
 -0.00043062419173984433
 -0.00048030948083416106
 0.022972005038723823
 -0.00072632871700258278
 0.012910700780318625
 -0.00095587474249859386
 0.013709360242135555
 -7.2874710114642673e-05
 -0.023724563536975544
 -0.027563592475856481
 -0.00029203831876836354
 -0.0086937104297375601
 -0.028250335778518612
 -0.0077080642011398389
 -0.00088878530181682165
 -0.024102718385366408
 -0.014276949978023125
 -0.00035731496103593872
 -0.00027993434880091862
 -0.00037325758380011708
 -0.00039726139204753581
 -0.00032596646619404194
 -0.00037528213214356953
 -0.00040387718411008267
 -0.014153268017279889
 -0.0074309187899931238
 -0.0042713387962864174
 -0.027719740206726781
 -0.0088406517600998023
 -0.028391408673466463
 -0.02418949339853272
 -0.01429230475932027
 -0.00057243331006216194
 -0.00057966411889982773
 -0.00036654485254683131
 -0.00052066384052114811
 -0.00043740078344893724
 -0.00058749443647417422
 -0.00058553858722117883
 0.023161613220889249
 0.026996464731806693
 -0.00066980762436916967
 0.013036749546818277
 0.0042482269861981769
 0.013894695770399404
 5.7154929831318524e-05
 -0.0074835961147705467
 -0.0042319811931468025
 -0.014127713489010171
 -0.00056380880020016953
 -0.00052650816078095492
 -0.00038522798629141982
 -0.00046216141275713793
 -0.00046313455623665551
 -0.00045525993417084383
 -0.00034419389990795253
 -0.00011244024507235378
 -0.00016200210159625418
 -0.00017595701297270442
 -0.00011464339262421536
 -0.00014756941901513892
 -7.0309784355295402e-05
 -0.00031473039006833998
 -0.00022733261460539992
 -0.00030423628281275509
 0.027725350278233835
 0.023516142414576651
 -0.00015940217492075583
 0.0072296919673647247
 0.0069387644518541141
 0.0082121809932688469
 -6.2575725231369265e-05
 -0.00028823664258201953
 -0.00017768737583547507
 -0.00025418979196596215
 -0.00019371569449108493
 -0.00019110346982191098
 -0.00024823671377746366
 -0.00020538896384692939
 -2.750745647206435e-05
 -0.00010045535968963948
 -1.6291125785725128e-05
