# Created by Octave 5.1.0, Fri Feb 14 12:27:08 2020 GMT <unknown@Thomas-PC>
# name: contactConvergence
# type: matrix
# rows: 3
# columns: 1
 2.6303106147292072
 1.7684771788939015
 1.7347234759768071e-18


