# Created by Octave 5.1.0, Fri Feb 14 13:04:19 2020 GMT <unknown@Thomas-PC>
# name: contactConvergence
# type: matrix
# rows: 10
# columns: 1
 1.3750565722419896
 0.0033525131197294526
 0.0016762565598647263
 0.0016238735423689536
 0.0008945528746049996
 0.01333727631323978
 0.00080410031720686015
 0.0007826870922008739
 1.918674999383173e-05
 5.4690240712291136e-19


