# Created by Octave 5.1.0, Fri Feb 14 12:28:01 2020 GMT <unknown@Thomas-PC>
# name: contactConvergence
# type: matrix
# rows: 2
# columns: 1
 1.0601974220230246
 4.5998802500501228e-19


