# Created by Octave 5.1.0, Sun Feb 16 08:37:21 2020 GMT <unknown@Thomas-PC>
# name: contactConvergence
# type: matrix
# rows: 11
# columns: 1
 12.616520471137051
 6.3082602355685253
 5.5197277061224597
 5.3472573577941631
 4.0104430183456223
 3.5138297181840987
 3.6155092458180498e-05
 8.3047280227453438e-06
 8.4834219521820655e-06
 7.4317826370158405e-06
 1.0978189114881649e-19


