# Created by Octave 5.1.0, Fri Feb 14 12:27:22 2020 GMT <unknown@Thomas-PC>
# name: contactConvergence
# type: matrix
# rows: 2
# columns: 1
 1.0976636690423665
 4.1774209179313969e-18


