# Created by Octave 5.1.0, Sat Feb 15 18:08:38 2020 GMT <unknown@Thomas-PC>
# name: contactConvergence
# type: matrix
# rows: 5
# columns: 1
 7.4704345673147134
 7.2369834870861292
 7.137119585119148
 4.8491170946070277
 2.9147234797326948e-19


