# Created by Octave 5.1.0, Fri Feb 14 12:27:08 2020 GMT <unknown@Thomas-PC>
# name: equilibriumConvergence
# type: matrix
# rows: 3
# columns: 1
 2.9620681663719375
 1.4810340831859685
 1.5978947338034958e-15


