# Created by Octave 5.1.0, Fri Feb 14 12:27:22 2020 GMT <unknown@Thomas-PC>
# name: equilibriumConvergence
# type: matrix
# rows: 2
# columns: 1
 1.6285858201806247
 3.3759853664836895e-15


