# Created by Octave 5.1.0, Sat Feb 15 18:08:38 2020 GMT <unknown@Thomas-PC>
# name: equilibriumConvergence
# type: matrix
# rows: 5
# columns: 1
 1.2265015019192722
 1.1881733299843105
 1.1696081217033101
 0.58480406085165559
 1.2555437970939962e-13


