# Created by Octave 5.1.0, Sun Feb 16 08:37:21 2020 GMT <unknown@Thomas-PC>
# name: equilibriumConvergence
# type: matrix
# rows: 11
# columns: 1
 1.0446955012488737
 0.52234775062452465
 0.45705428179644364
 0.44277133549029868
 0.33207850161770097
 0.29056868891548815
 5.21559870976695e-11
 2.8083391452560651e-12
 8.8500172248590742e-14
 9.4220845295703545e-14
 4.4415214956246535e-14


