# Created by Octave 5.1.0, Fri Feb 14 13:04:19 2020 GMT <unknown@Thomas-PC>
# name: equilibriumConvergence
# type: matrix
# rows: 10
# columns: 1
 0.68194855788810171
 1.2917027321374256e-14
 1.5227861891437235e-14
 2.1470816263359128e-14
 1.856203725948454e-14
 2.1786322531079615e-14
 1.4483289345853837e-14
 1.4064265241767165e-14
 1.7375682786144525e-14
 1.0586669521149915e-14


