# Created by Octave 5.1.0, Fri Feb 14 12:27:04 2020 GMT <unknown@Thomas-PC>
# name: equilibriumConvergence
# type: matrix
# rows: 2
# columns: 1
 3.8188130791298658
 6.5586459327932706e-16


