# Created by Octave 5.1.0, Fri Feb 14 12:27:04 2020 GMT <unknown@Thomas-PC>
# name: lambda_sol
# type: matrix
# rows: 3
# columns: 1
 0
 -7.4365725614692799
 0


