# Created by Octave 5.1.0, Fri Feb 14 12:28:01 2020 GMT <unknown@Thomas-PC>
# name: lambda_sol
# type: matrix
# rows: 17
# columns: 1
 0
 0
 0
 0
 0
 -7.2397098998556046
 -3.8251387617938186
 -3.3421740945942382
 -3.2976043978256935
 -3.3421740945942382
 -3.8251387617938195
 -7.23970989985561
 0
 0
 0
 0
 0


