# Created by Octave 5.1.0, Fri Feb 14 13:04:19 2020 GMT <unknown@Thomas-PC>
# name: lambda_sol
# type: matrix
# rows: 33
# columns: 1
 0
 0
 0
 0
 0
 0
 0
 0
 -28.853633897757952
 0
 0
 -0.64725388340376266
 -2.1450440598382454
 -2.4507285176674403
 -2.5694163284195985
 -2.6201684389330873
 -2.5545207544562891
 -2.6201684389330868
 -2.5694163284195981
 -2.4507285176674398
 -2.1450440598382405
 -0.64725388340376988
 0
 0
 -28.853633897757948
 0
 0
 0
 0
 0
 0
 0
 0


