# Created by Octave 5.1.0, Sat Feb 15 18:08:38 2020 GMT <unknown@Thomas-PC>
# name: lambda_sol
# type: matrix
# rows: 65
# columns: 1
 0
 0
 0
 0
 0
 0
 0
 0
 0
 0
 0
 0
 0
 0
 0
 0
 -48.85702165808604
 0
 0
 0
 0
 -1.4616538266739001
 -2.188867852146863
 -2.4335824682169545
 -2.5608723359238428
 -2.6372521432020206
 -2.6865611756989543
 -2.7196220046868413
 -2.7421236391419872
 -2.7573060306334001
 -2.7670187714851902
 -2.772008581748604
 -2.7445267981421333
 -2.7720085817486049
 -2.7670187714851919
 -2.757306030633405
 -2.7421236391419965
 -2.7196220046868564
 -2.6865611756989782
 -2.6372521432020561
 -2.5608723359238938
 -2.4335824682170264
 -2.1888678521469687
 -1.4616538266741521
 0
 0
 0
 0
 -48.857021658086765
 0
 0
 0
 0
 0
 0
 0
 0
 0
 0
 0
 0
 0
 0
 0
 0


