# Created by Octave 5.1.0, Sun Feb 16 08:37:21 2020 GMT <unknown@Thomas-PC>
# name: lambda_sol
# type: matrix
# rows: 129
# columns: 1
 0
 0
 0
 0
 0
 0
 0
 0
 0
 0
 0
 0
 0
 0
 0
 0
 0
 0
 0
 0
 0
 0
 0
 0
 0
 0
 0
 0
 0
 0
 0
 -83.533592757443117
 0
 0
 0
 0
 0
 0
 -0.51635395408355289
 -1.7603343656737391
 -2.1484823277393401
 -2.3613729638182583
 -2.4967092727986127
 -2.5891161811940924
 -2.6548278060325678
 -2.7028248046156778
 -2.7385804096330046
 -2.7656334186645162
 -2.7863634791593537
 -2.8024172145381958
 -2.8149599688636457
 -2.8248319942971638
 -2.8326488328074331
 -2.8388676137801827
 -2.8438318268821097
 -2.8478021333471526
 -2.8509779114557308
 -2.8535125208921905
 -2.8555242141737551
 -2.85710394362478
 -2.8583208371484172
 -2.8592256954953594
 -2.8598522051990538
 -2.8602132906912257
 -2.8472925451039548
 -2.8602132906912257
 -2.8598522051990538
 -2.8592256954953594
 -2.8583208371484168
 -2.8571039436247796
 -2.855524214173756
 -2.8535125208921914
 -2.8509779114557312
 -2.8478021333471535
 -2.8438318268821097
 -2.8388676137801832
 -2.832648832807434
 -2.8248319942971634
 -2.8149599688636457
 -2.8024172145381958
 -2.7863634791593532
 -2.7656334186645162
 -2.7385804096330046
 -2.7028248046156778
 -2.6548278060325665
 -2.5891161811940799
 -2.4967092727986469
 -2.3613729638182317
 -2.148482327739369
 -1.7603343656736954
 -0.5163539540835862
 0
 0
 0
 0
 0
 0
 -83.533592757443117
 0
 0
 0
 0
 0
 0
 0
 0
 0
 0
 0
 0
 0
 0
 0
 0
 0
 0
 0
 0
 0
 0
 0
 0
 0
 0
 0
 0
 0
 0
 0


