# Created by Octave 5.1.0, Fri Feb 14 12:27:04 2020 GMT <unknown@Thomas-PC>
# name: u_sol
# type: matrix
# rows: 18
# columns: 1
 -0.015952269012455417
 0.015952269012455413
 0
 0
 9.0130633334388072e-19
 -0.014245004098626111
 0
 0.014245004098626109
 -2.4005951975063317e-18
 -0.11165628895270614
 -0.11165628895270613
 0
 0
 0.0098076211353316095
 -0.080856567553803937
 0
 -0.080856567553803937
 -0.067785999122393817


