# Created by Octave 5.1.0, Fri Feb 14 12:27:08 2020 GMT <unknown@Thomas-PC>
# name: u_sol
# type: matrix
# rows: 50
# columns: 1
 0.0072805964368726989
 -0.0072805964368726659
 0
 0
 1.3302616748093665e-17
 -0.025747057950300911
 0
 0.025747057950300925
 8.5082122034623077e-18
 0.0026455082166645834
 1.2475708829334451e-17
 0.0023231272066503105
 -0.002645508216664553
 -0.0023231272066502849
 -0.011234374368222388
 -0.011909821427063434
 -0.032696789039083934
 -0.012865041079241768
 0
 3.0195885662606174e-18
 0
 0.012865041079241774
 0.032696789039083941
 0.01190982142706345
 0.011234374368222411
 -0.17163599152821443
 -0.1716359915282144
 0
 0
 -0.10000000000000002
 -0.12208371676374605
 0
 -0.12208371676374606
 -0.11949203761515843
 -0.15871918806515753
 -0.1288793944583202
 -0.15272753889377039
 -0.15871918806515753
 -0.15272753889377039
 -0.1563895947794478
 -0.12455308526541219
 -0.077127364892251624
 -0.071279118575746619
 0
 -0.06812750852659287
 0
 -0.071279118575746619
 -0.077127364892251637
 -0.12455308526541219
 -0.15638959477944783


