# Created by Octave 5.1.0, Fri Feb 14 12:27:22 2020 GMT <unknown@Thomas-PC>
# name: u_sol
# type: matrix
# rows: 162
# columns: 1
 0.011084787194415947
 -0.011084787194415921
 0
 0
 1.0777687720721109e-17
 -0.021821287250052189
 0
 0.021821287250052213
 1.5807467425214733e-17
 0.0096976418714961599
 1.5175510904417739e-17
 -0.00091453429583769228
 -0.0096976418714961373
 0.00091453429583772264
 -0.0071458111581212567
 -0.0084167729066252171
 -0.032073756826598999
 -0.012783066158816218
 0
 8.4725190889198529e-18
 0
 0.012783066158816232
 0.032073756826599013
 0.0084167729066252465
 0.0071458111581212862
 0.0104166610192577
 -0.00050547645322521813
 0.0025330086474130483
 1.2486523772050392e-17
 -0.0019855239139297421
 0.010128681685232467
 0.00012490603411781224
 -0.0022558648681129316
 1.649016189236549e-17
 -0.010128681685232446
 0.0019855239139297664
 -0.0025330086474130184
 0.00050547645322524632
 -0.010416661019257676
 0.0022558648681129624
 -0.00012490603411778015
 -0.005436326186453253
 -0.0026274735693841188
 -0.014980961353778936
 -0.0077552143191331416
 -0.013670648079325165
 -0.0029656227214754725
 -0.0032528793256375757
 -0.028788255337857883
 -0.020468205628411333
 -0.015170261619217841
 -0.021896204671071878
 -0.027074060182436376
 -0.012333500403397443
 -0.0057807176132189941
 0
 -0.0085206314346540305
 4.1319559682526588e-18
 -0.0038462770629411457
 0
 -0.0058869323455754833
 1.1897878809173766e-17
 0
 0.0038462770629411522
 0.015170261619217841
 0.008520631434654034
 0
 0.005886932345575498
 0.0057807176132190184
 0.027074060182436379
 0.021896204671071888
 0.014980961353778964
 0.020468205628411354
 0.028788255337857904
 0.012333500403397465
 0.0032528793256376078
 0.013670648079325196
 0.0077552143191331729
 0.0026274735693841492
 0.0054363261864532816
 0.0029656227214755063
 -0.16493516674848646
 -0.16493516674848649
 0
 0
 -0.10000000000000001
 -0.1165485602533126
 0
 -0.1165485602533126
 -0.11363468797532224
 -0.1420989009138659
 -0.12128275229834676
 -0.13968554828478472
 -0.1420989009138659
 -0.13968554828478472
 -0.14892428971726251
 -0.11750503373813423
 -0.073468431026017703
 -0.069032137114237599
 0
 -0.066846538203667205
 0
 -0.069032137114237585
 -0.073468431026017703
 -0.11750503373813423
 -0.14892428971726251
 -0.15781543622032893
 -0.14252359440336643
 -0.15512903594780147
 -0.11168174630046064
 -0.11894760519635822
 -0.10000000000000002
 -0.12447988286494305
 -0.12634506417811597
 -0.12200679960448739
 -0.10000000000000002
 -0.11894760519635822
 -0.15512903594780147
 -0.14252359440336645
 -0.15781543622032893
 -0.12634506417811597
 -0.12447988286494305
 -0.15965243943124013
 -0.1480903786120594
 -0.1200165760056517
 -0.13649800321584679
 -0.1343900957353456
 -0.13177158891567536
 -0.11360441073812054
 -0.097302564715027351
 -0.098645011319115988
 -0.036940899852844704
 -0.071225943625921204
 -0.043295806752480001
 -0.09659832431807519
 -0.094309878630963379
 0
 -0.036025882369449057
 -0.035190903814154684
 -0.035622815726110917
 0
 -0.067650673840753198
 -0.093490888566503019
 0
 -0.03562281572611091
 -0.036940899852844711
 -0.03602588236944905
 0
 -0.067650673840753198
 -0.094309878630963379
 -0.043295806752480008
 -0.071225943625921218
 -0.1200165760056517
 -0.098645011319115988
 -0.097302564715027351
 -0.09659832431807519
 -0.11360441073812054
 -0.1343900957353456
 -0.13649800321584679
 -0.14809037861205937
 -0.15965243943124013
 -0.13177158891567536


