# Created by Octave 5.1.0, Fri Feb 14 13:04:19 2020 GMT <unknown@Thomas-PC>
# name: u_sol
# type: matrix
# rows: 2178
# columns: 1
 0.0069797262921656991
 -0.0069797262921656965
 0
 0
 2.6268309774946035e-18
 -0.016772372955988504
 0
 0.016772372955988508
 1.1728608632934156e-18
 0.0099033419807761872
 9.1148923462601883e-19
 -0.0020527551123684425
 -0.009903341980776182
 0.0020527551123684447
 0.0013002899474591414
 -0.0072350579510258896
 -0.029886648528712763
 -0.012506366803419201
 0
 6.2420715245212676e-19
 0
 0.012506366803419204
 0.029886648528712763
 0.0072350579510258922
 -0.0013002899474591388
 0.0086684936234421254
 -0.0024636708701132725
 -0.0053500337986491734
 1.5351161078290723e-18
 0.0014383148931205886
 -0.0014383078950167491
 0.0012357163226853428
 0.00021061064525546835
 9.6009316860843237e-19
 0.0014383078950167558
 -0.0014383148931205857
 0.005350033798649176
 0.0024636708701132755
 -0.0086684936234421237
 -0.00021061064525546626
 -0.0012357163226853409
 0.0028949652675846335
 0.0036013878019425672
 -0.011695527679663557
 -0.0035118933821934465
 -0.0069655237791488795
 -0.0019887689116812476
 -0.0034943273209229581
 -0.02530506176020066
 -0.018342465223408839
 -0.01560980292319844
 -0.02090165583709816
 -0.026291144660507491
 -0.011442355468476618
 -0.005418359131772057
 0
 -0.0086231291012598479
 -7.3265087562567018e-19
 -0.0038678733180478849
 0
 -0.0057677880045749865
 1.0215669635201974e-18
 0
 0.0038678733180478849
 0.015609802923198444
 0.0086231291012598479
 0
 0.0057677880045749891
 0.0054183591317720596
 0.026291144660507495
 0.02090165583709816
 0.011695527679663559
 0.018342465223408842
 0.025305061760200663
 0.01144235546847662
 0.0034943273209229603
 0.0069655237791488812
 0.0035118933821934482
 -0.0036013878019425646
 -0.0028949652675846309
 0.0019887689116812493
 0.0072635233453416876
 -0.0013452532862625831
 -3.5650119696597624e-05
 -0.00062483851500368592
 -0.0029835680187865581
 0.009701387011575165
 -0.005093582100985595
 -0.0054619111527375993
 -0.0028533972479601964
 2.1996397048446978e-18
 0.00018293513470639763
 -0.00044238300964926719
 0.00047915339120202765
 0.0006137676538108789
 1.0315335252733694e-18
 -0.0034554580877261421
 0.0010994230340617352
 0.0038191169959486231
 0.0011625217817534078
 0.00067263380735310728
 1.1322606443383033e-18
 -0.0005805031049276408
 0.00046376900072036642
 0.0001983041575498482
 8.8767326645256611e-19
 0.00035210521773158934
 0.00029154776284666232
 0.0013202599289255292
 0.00062168010953618101
 -0.00032835172328085237
 0.00044238300964927245
 -0.00018293513470639346
 -0.0038191169959486187
 -0.0010994230340617324
 0.003455458087726146
 -0.00061376765381087608
 -0.00047915339120202548
 3.5650119696600294e-05
 0.0013452532862625857
 -0.007263523345341685
 0.002853397247960199
 0.0054619111527376028
 0.0050935821009855976
 -0.0097013870115751615
 0.0029835680187865607
 0.00062483851500368939
 -0.00067263380735310533
 -0.0011625217817534056
 -0.00029154776284666043
 -0.0003521052177315875
 -0.00019830415754984622
 -0.00046376900072036458
 0.00058050310492764297
 -0.001320259928925526
 0.00032835172328085486
 -0.00062168010953617874
 -0.00087046465993126777
 0.0042547744072328952
 0.0028442595597287599
 0.0048442352873237704
 0.0033805653247523256
 0.0055700516822189405
 0.0033381157484132051
 -0.014215957847879756
 -0.0096461134243369905
 -0.011887401938179696
 -0.0059666379729115347
 -0.0076393469968231613
 -0.0093534599771867132
 -0.0023960680318913163
 -0.005026731304362206
 -0.00069644149306023252
 -0.0023128673758328034
 -0.0017385625456353704
 0.0003334391995505312
 -0.0016414699993297075
 -0.0053054579178978666
 -0.0034343148228028635
 -0.0046060747045688615
 0.00037421801352298753
 -0.002527233953166111
 0.00067990368679520408
 -0.02136194378919791
 -0.018399499624410686
 -0.024431822568620767
 -0.021914596401820328
 -0.028287388419019021
 -0.015355723957867919
 -0.012393220708758545
 -0.012343163381588345
 -0.020636751209799142
 -0.018591720770847555
 -0.016493384949360087
 -0.019535198972406503
 -0.015065003246210382
 -0.029519215074703942
 -0.024562313254634
 -0.025518132579575858
 -0.004591251590945717
 -0.0022809700778588121
 -0.0096057091233158337
 -0.0070147476632635508
 -0.0090261716821704325
 -0.0083199310553104186
 -0.012494514937896968
 -0.020327889260463666
 -0.01628304779412466
 -0.014802336260166462
 0
 -0.0087923743802051039
 -0.0047382082537397998
 -0.0064798736621077217
 0
 -0.011710613045379998
 -0.011252592779983079
 6.4221968739322092e-20
 -0.0010250259272709904
 0
 -0.0024929905436171045
 -0.0018812606578152964
 2.6264430524967657e-19
 0
 -0.0021121342122719386
 -0.0033231967839144117
 -0.0026739498227163812
 7.5528001366832316e-19
 -0.0089576021384771085
 -0.005846423208867968
 1.4711670318558722e-18
 -0.0028722426868282172
 -0.0028228962468650892
 -0.0060703260817665155
 -0.0051111428069035734
 -0.0079841649531638952
 0
 0.00102502592727099
 0.0033231967839144113
 0.0021121342122719382
 0
 0.001881260657815296
 0.0024929905436171049
 0.012343163381588347
 0.0087923743802051074
 0
 0.01125259277998308
 0.01171061304538
 0.015065003246210384
 0
 0.0064798736621077225
 0.0047382082537398007
 0.002673949822716383
 0.0022809700778588142
 0.0028228962468650914
 0.0028722426868282194
 0.0090261716821704342
 0.0058464232088679706
 0.008957602138477112
 0.0060703260817665163
 0.007984164953163897
 0.0051111428069035751
 0.018591720770847558
 0.020636751209799145
 0.025518132579575862
 0.024562313254634004
 0.029519215074703946
 0.019535198972406503
 0.016493384949360087
 0.014215957847879757
 0.01839949962441069
 0.021361943789197913
 0.012393220708758547
 0.01535572395786792
 0.009353459977186715
 0.028287388419019024
 0.021914596401820328
 0.024431822568620771
 0.0045912515909457188
 0.0017385625456353725
 0.01249451493789697
 0.0083199310553104221
 0.0053054579178978684
 0.0070147476632635526
 0.0096057091233158354
 0.02032788926046367
 0.014802336260166466
 0.016283047794124664
 0.011887401938179696
 0.0096461134243369922
 0.00069644149306023479
 0.0050267313043622086
 0.0023960680318913189
 0.0076393469968231631
 0.0059666379729115364
 -0.0042547744072328926
 0.00087046465993127059
 -0.0033381157484132025
 -0.0055700516822189379
 -0.003380565324752323
 -0.0048442352873237678
 -0.0028442595597287577
 0.0023128673758328051
 0.0046060747045688624
 0.0034343148228028653
 0.001641469999329709
 -0.00033343919955052914
 -0.00037421801352298525
 -0.00067990368679520191
 0.0025272339531661127
 0.00697987308154846
 0.0034252556859605192
 0.0035921879746556155
 0.0028295710224238309
 0.0032112479908968168
 0.0078637481868701793
 -0.0032726035119588011
 -0.0006043908916833797
 -0.0039600633836199464
 0.0014953316742470726
 1.64511962346027e-05
 0.0087755144612223068
 -0.0040478093248380934
 -0.0029209062844188249
 -0.0017586027738551704
 0.0094351712494143772
 0.001044793756770271
 0.0021307744206383364
 -0.0036072024650441871
 -0.0041778667035376818
 -0.0025867721427354604
 -0.0056449200196361446
 -0.0054970740229361818
 -0.005884346655458869
 -0.0028206597651549148
 -0.0044758910961908357
 -0.0044633516293766046
 -0.0022206033249307787
 -0.0047818291599808424
 -0.0045679663318256456
 2.4778798944352055e-18
 -0.00010268439261120977
 -0.00019455898850432221
 0.00020598001688044827
 6.1128035068688094e-05
 1.8474880619579876e-18
 -0.00080927493216115471
 -0.00019649391990239778
 -0.00025087189994885942
 0.00020404932610994012
 0.0002536374768024458
 9.5604071745650622e-19
 0.0010131927824582959
 0.000587330090045002
 0.00086341631277209109
 1.0383266480987791e-18
 0.00029145402095151273
 0.00028405035385219168
 -0.0020077216337933577
 0.0026518531725313699
 0.0057554857822690111
 -0.00014120071617211533
 0.00069609998596278423
 -0.0026300953331171986
 0.0023708282065604456
 0.0023333794442337678
 0.0015779325955232733
 0.00048449772631783218
 0.00091797601968860733
 0.00046118656218921747
 0.00071080550142095858
 0.00057766239108980339
 1.257144204109209e-18
