# Created by Octave 5.1.0, Fri Feb 21 21:08:40 2020 GMT <unknown@Thomas-PC>
# name: contactConvergence
# type: matrix
# rows: 53
# columns: 1
 0.92662191586759124
 2.3957709635677721e-20
 1.4374625781406634e-20
 4.8864331573324237e-20
 1.3488850090464349e-19
 1.007364002010099e-19
 3.9657065848415962e-20
 8.571370772892337e-20
 2.3957709635677721e-20
 1.3953180707456683e-19
 1.221608289333106e-19
 1.2874900798265365e-19
 3.6016334950014362e-20
 6.9104600427290975e-20
 3.1237031656011372e-20
 1.3450499151750565e-19
 2.7939250479261703e-20
 1.3636967394546788e-19
 1.0973572542119816e-19
 4.8864331573324237e-20
 1.2017126016999288e-19
 3.8332335417084355e-20
 1.6940658945086007e-20
 9.438243018340409e-20
 1.9166167708542177e-20
 6.0608743975763504e-20
 1.0863176909312428e-19
 1.5332934166833742e-19
 1.0714213466115422e-19
 8.1877904342584128e-20
 7.7261292056691804e-20
 1.2216082893331059e-20
 1.1697644603739972e-19
 1.4772410018186831e-19
 1.3674795393413009e-19
 1.1519648082658485e-19
 1.7889849191946796e-19
 1.6831889544771939e-19
 7.1793225459421009e-20
 6.7762635780344027e-21
 2.0609201093946101e-20
 9.3711094968034129e-20
 9.0406632268109724e-20
 8.6247754688439802e-20
 1.2332985871704912e-19
 1.4772410018186831e-19
 6.7762635780344027e-20
 1.2735950890650135e-19
 1.5095258356252657e-19
 1.150469073194516e-19
 1.9166167708542177e-20
 1.2659105055085635e-19
 1.1180834903756764e-19


