# Created by Octave 5.1.0, Fri Feb 14 12:55:39 2020 GMT <unknown@Thomas-PC>
# name: contactConvergence
# type: matrix
# rows: 5
# columns: 1
 0.66644109027263088
 1.1514679432154234e-18
 7.6664670834168709e-20
 4.9832036042209665e-19
 2.571411231867701e-19


