# Created by Octave 5.1.0, Fri Feb 14 13:17:21 2020 GMT <unknown@Thomas-PC>
# name: contactConvergence
# type: matrix
# rows: 6
# columns: 1
 0.79222082250394776
 3.0904516822676727e-19
 2.1082784479396395e-19
 1.5332934166833742e-19
 1.9166167708542177e-20
 7.6664670834168709e-20


