# Created by Octave 5.1.0, Fri Feb 14 12:27:15 2020 GMT <unknown@Thomas-PC>
# name: equilibriumConvergence
# type: matrix
# rows: 6
# columns: 1
 2.5565390012055231
 1.3678853601821135
 0.61840881565035821
 0.016142431499395486
 1.2005248315175923e-05
 9.656647097169188e-12


