# Created by Octave 5.1.0, Fri Feb 14 12:55:39 2020 GMT <unknown@Thomas-PC>
# name: equilibriumConvergence
# type: matrix
# rows: 5
# columns: 1
 0.81027944794213891
 0.083255330346818965
 0.0016343310315224246
 1.2578184332120501e-06
 1.0551698056373887e-12


