# Created by Octave 5.1.0, Fri Feb 14 13:17:21 2020 GMT <unknown@Thomas-PC>
# name: equilibriumConvergence
# type: matrix
# rows: 6
# columns: 1
 0.50870268527163121
 0.079289713317019825
 0.0031702594781685346
 9.2591257821200023e-06
 1.2276328977221666e-10
 1.2137625984658086e-14


