# Created by Octave 5.1.0, Fri Feb 21 21:08:40 2020 GMT <unknown@Thomas-PC>
# name: equilibriumConvergence
# type: matrix
# rows: 53
# columns: 1
 0.32408182757400045
 0.081668980548353518
 0.0090310985352500314
 0.0036080814040385148
 0.0034150036954970096
 0.0033742844887124511
 0.0033600655158218477
 0.003591252407761343
 0.0033885876080910404
 0.049096089965393816
 0.031458446957694494
 0.0057776172307187051
 0.0056809369942861275
 0.0055100618072066749
 0.004444626411510731
 0.0041113723777514268
 0.0040047497035638896
 0.0039087554503272528
 0.0039127972223667647
 0.003886416409451361
 0.0045774964568707733
 0.0038197986213867798
 0.0037349840002951539
 0.0037437031079875956
 0.003925188067081406
 0.0037597377059729953
 0.0036659267775080015
 0.0036593968950967472
 0.0036594439866435035
 0.0042762954466532051
 0.0042449539716383307
 0.0041482610093102864
 0.0039772168678504386
 0.0038036595980191898
 0.0036077737098918045
 0.0036761256749923837
 0.0036638972724974761
 0.003615088070936712
 0.0036130674763575669
 0.0049697546317290248
 0.0048110153034801673
 0.0053656852351590071
 0.0048741793555272814
 0.0050801761658921755
 0.0043924302074709633
 0.0041523364048012277
 0.0041678228096850359
 0.0042471636972042839
 0.0041599824393078943
 0.0038062982789335825
 0.0036462841754554072
 0.0036309707378530511
 0.0036235999853517242


