# Created by Octave 5.1.0, Fri Feb 14 12:27:15 2020 GMT <unknown@Thomas-PC>
# name: lambda_sol
# type: matrix
# rows: 5
# columns: 1
 0
 0
 -3.459580973029631
 0
 0


