# Created by Octave 5.1.0, Fri Feb 14 13:17:21 2020 GMT <unknown@Thomas-PC>
# name: lambda_sol
# type: matrix
# rows: 33
# columns: 1
 0
 0
 0
 0
 0
 0
 0
 0
 0
 -4.8157653309886657
 -3.4072571562452936
 -2.8744219462648535
 -2.6286754785143254
 -2.4977583162909482
 -2.4241537923202423
 -2.3881845780492004
 -2.3468460921468943
 -2.3881845780491999
 -2.4241537923202423
 -2.4977583162909482
 -2.6286754785143258
 -2.8744219462648535
 -3.407257156245294
 -4.8157653309886657
 0
 0
 0
 0
 0
 0
 0
 0
 0


