# Created by Octave 5.1.0, Fri Feb 21 21:08:40 2020 GMT <unknown@Thomas-PC>
# name: lambda_sol
# type: matrix
# rows: 65
# columns: 1
 0
 0
 0
 0
 0
 0
 0
 0
 0
 0
 0
 0
 0
 0
 0
 0
 0
 -4.3088813424110413
 -4.4760016873478889
 -3.7322564572095871
 -3.280153576633893
 -3.0011246651411057
 -2.8173483610153198
 -2.6895917654037476
 -2.5971748878267533
 -2.5284963727380614
 -2.4766748877696045
 -2.4374425068683649
 -2.4080766705828296
 -2.3868506981303881
 -2.3728012520348329
 -2.36589467112492
 -2.34367912080927
 -2.3660400338169438
 -2.3730980923273819
 -2.3873114910361437
 -2.4087230866603022
 -2.4383089889524854
 -2.4778151110672297
 -2.5299951171932662
 -2.5991696395458348
 -2.6923113728844328
 -2.8211779594421387
 -3.0066947937011719
 -3.2883524894714355
 -3.7435908317565918
 -4.4868459701538086
 -4.2302703857421875
 0
 0
 0
 0
 0
 0
 0
 0
 0
 0
 0
 0
 0
 0
 0
 0
 0


