# Created by Octave 5.1.0, Fri Feb 14 12:27:05 2020 GMT <unknown@Thomas-PC>
# name: u_sol
# type: matrix
# rows: 18
# columns: 1
 -0.0025299126356718104
 0.0025299126356718091
 0
 0
 -8.5333657947273168e-19
 -0.01721225801079743
 0
 0.01721225801079743
 1.3469946607973542e-18
 -0.11501634260838985
 -0.11501634260838985
 0
 0
 0.0098076211353315956
 -0.078591148476556988
 0
 -0.078591148476557002
 -0.069710667485248359


