# Created by Octave 5.1.0, Fri Feb 14 12:55:39 2020 GMT <unknown@Thomas-PC>
# name: u_sol
# type: matrix
# rows: 578
# columns: 1
 0.010475445655028439
 -0.010475445655028384
 0
 0
 2.5324998026801742e-17
 -0.023080751230913465
 0
 0.023080751230913486
 1.0009459412496431e-17
 0.01045570992056951
 1.873281607271148e-17
 0.0028221887896034349
 -0.010455709920569455
 -0.0028221887896033981
 -0.011122404683526396
 -0.0096553968026982344
 -0.028600283872033672
 -0.010567941336467468
 0
 2.9000864682425963e-18
 0
 0.010567941336467475
 0.028600283872033685
 0.0096553968026982552
 0.011122404683526432
 0.01036080346236563
 0.0018993979423755569
 0.0054539232479104771
 2.3131848134684318e-17
 0.00069847260988212224
 0.0051183707864179131
 0.0025215036167512569
 0.00078368159292140267
 1.4357114960828794e-17
 -0.0051183707864178619
 -0.00069847260988207681
 -0.0054539232479104312
 -0.0018993979423755115
 -0.010360803462365575
 -0.00078368159292136537
 -0.0025215036167512287
 -0.0083760413631582074
 -0.0066884028322282754
 -0.016222906631418538
 -0.011178134668299276
 -0.016916529934896112
 -0.0061686079061106739
 -0.0043095297971302666
 -0.027745185434119558
 -0.019377030048117205
 -0.011939722938822216
 -0.018700655495309804
 -0.022789094251634209
 -0.011525931732105938
 -0.0052635167442222977
 0
 -0.0063366563268468607
 1.3251359841789159e-18
 -0.0027850224573515371
 0
 -0.0047263621872625505
 6.0502316512307488e-18
 0
 0.0027850224573515389
 0.011939722938822219
 0.0063366563268468625
 0
 0.0047263621872625557
 0.0052635167442223098
 0.022789094251634216
 0.018700655495309811
 0.016222906631418559
 0.019377030048117218
 0.027745185434119576
 0.01152593173210595
 0.0043095297971302874
 0.016916529934896143
 0.011178134668299306
 0.0066884028322283127
 0.0083760413631582542
 0.0061686079061107034
 0.010253689516749808
 0.0070678052281943843
 0.0080061035825608733
 0.0039384481661920764
 0.0057595674214221508
 0.010609327767488923
 0.0035849610838979964
 0.0037296295746949266
 0.0018409096852513773
 2.4512301458155065e-17
 0.0015182072747929763
 0.0023913546688353665
 0.00022639220663767649
 0.00060115395048618628
 2.0920721154746521e-17
 0.0085154990237352284
 0.0026044076963998419
 0.0020284288228042901
 0.0016293378670015437
 0.0011687456479942302
 1.2023993383832567e-17
 0.0014995646075422111
 0.0015805250812458234
 0.0027424288450485796
 1.6508629805177243e-17
 0.00071245079479431012
 0.00034771532395366317
 0.00059817249563533389
 0.00035489626179473866
 0.00066162021891357837
 -0.0023913546688353153
 -0.0015182072747929268
 -0.0020284288228042411
 -0.0026044076963997924
 -0.0085154990237351763
 -0.00060115395048614031
 -0.00022639220663763483
 -0.008006103582560823
 -0.007067805228194334
 -0.010253689516749752
 -0.0018409096852513359
 -0.003729629574694881
 -0.0035849610838979552
 -0.010609327767488868
 -0.0057595674214221005
 -0.0039384481661920261
 -0.0011687456479942016
 -0.0016293378670015196
 -0.00034771532395362587
 -0.00071245079479427716
 -0.0027424288450485466
 -0.0015805250812457906
 -0.001499564607542174
 -0.00059817249563528878
 -0.00066162021891353695
 -0.0003548962617946973
 -0.0088453794733517974
 -0.0069358204626835535
 -0.0088315013638988124
 -0.0072929558309969469
 -0.009200703131748162
 -0.0054596780302996117
 -0.0046383553051299172
 -0.019700040859668526
 -0.016901643317947045
 -0.020125329590155897
 -0.010757218335431789
 -0.013760847419817484
 -0.012823521112794441
 -0.013809258051176138
 -0.013977670009940499
 -0.011181438505083513
 -0.0034678729105711366
 -0.0020740760178411823
 -0.0043666820016439126
 -0.0041560154247247778
 -0.0068134235812842983
 -0.0055645160900271873
 -0.0079967079322834055
 -0.0087181387557445662
 -0.0085431386683200716
 -0.0064100605910269049
 -0.025776631736015531
 -0.022025335576461406
 -0.024289255830805628
 -0.023640574967805212
 -0.028784252237320621
 -0.018145407399710128
 -0.01437059148083652
 -0.0088932261276017492
 -0.01663095530795769
 -0.015367752267455235
 -0.014293842207558971
 -0.016205524126312865
 -0.012088647377330671
 -0.026799828324668012
 -0.021295657296794331
 -0.023649554939470074
 -0.0049643263360594552
 -0.002451680968279931
 -0.010875736634278217
 -0.0077440233650767788
 -0.0081135933591501182
 -0.0082042576921914391
 -0.011457826701005487
 -0.019656421073926868
 -0.015310855605481528
 -0.015271888613135817
 0
 -0.0062450960070821893
 -0.0032927882812000793
 -0.0045500192063360556
 0
 -0.0087425508799276134
 -0.0088312579437601277
 4.1886059935989084e-19
 -0.00069630090930671788
 0
 -0.0018942906326099554
 -0.0013463892584437552
 2.0494797131537285e-18
 0
 -0.0014438227003780268
 -0.0022887761525668265
 -0.0025835121120482648
 7.9577445389449869e-18
 -0.0074310342180556486
 -0.0051847294550646673
 4.5570405557032118e-18
 -0.0025309837041771316
 -0.0022978463086305513
 -0.0044088765722265005
 -0.0039085339615983336
 -0.0061701319003548824
 0
 0.00069630090930671918
 0.002288776152566827
 0.0014438227003780275
 0
 0.0013463892584437576
 0.0018942906326099595
 0.0088932261276017509
 0.0062450960070821911
 0
 0.0088312579437601312
 0.0087425508799276151
 0.012088647377330676
 0
 0.0045500192063360565
 0.0032927882812000798
 0.002583512112048277
 0.0024516809682799466
 0.002297846308630557
 0.0025309837041771399
 0.0081135933591501268
 0.0051847294550646759
 0.0074310342180556538
 0.0044088765722265022
 0.006170131900354885
 0.0039085339615983362
 0.015367752267455239
 0.016630955307957693
 0.023649554939470085
 0.021295657296794338
 0.026799828324668019
 0.016205524126312872
 0.014293842207558978
 0.019700040859668547
 0.022025335576461424
 0.025776631736015552
 0.014370591480836536
 0.018145407399710146
 0.012823521112794462
 0.028784252237320635
 0.023640574967805226
 0.024289255830805639
 0.0049643263360594717
 0.0020740760178412027
 0.011457826701005498
 0.0082042576921914512
 0.0068134235812843192
 0.0077440233650767961
 0.010875736634278233
 0.019656421073926879
 0.015271888613135829
 0.015310855605481538
 0.020125329590155921
 0.016901643317947069
 0.011181438505083548
 0.013977670009940529
 0.013809258051176171
 0.013760847419817509
 0.010757218335431813
 0.0069358204626835994
 0.0088453794733518477
 0.0046383553051299545
 0.0054596780302996533
 0.0092007031317482037
 0.0072929558309969894
 0.0088315013638988488
 0.0034678729105711613
 0.0079967079322834297
 0.0055645160900272116
 0.0041560154247248064
 0.0043666820016439456
 0.0087181387557445991
 0.0064100605910269387
 0.0085431386683200994
 -0.13863961470498889
 -0.13863961470498887
 0
 0
 -0.10000000000000001
 -0.096018874413022051
 0
 -0.096018874413022079
 -0.093776761046241289
 -0.12187814370246954
 -0.11081081866364743
 -0.11956186035589979
 -0.12187814370246952
 -0.11956186035589977
 -0.12416403526152299
 -0.096586850889875148
 -0.058244042130650424
 -0.054216192787098889
 0
 -0.053096422982139853
 0
 -0.054216192787098896
 -0.058244042130650438
 -0.096586850889875162
 -0.12416403526152302
 -0.1348523926792928
 -0.12302639969023453
 -0.13203833569946877
 -0.10843734418990528
 -0.11117032505229385
 -0.10000000000000001
 -0.10711587582054863
 -0.11322682373894029
 -0.10568313939153984
 -0.10000000000000001
 -0.11117032505229384
 -0.13203833569946874
 -0.12302639969023452
 -0.13485239267929278
 -0.11322682373894029
 -0.10711587582054863
 -0.13399127819757956
 -0.12475924944141224
 -0.098339309477705847
 -0.11353761592533972
 -0.11135314033684215
 -0.11075073119653921
 -0.094325441586504549
 -0.078732882906006718
 -0.079114411963355558
 -0.028504914047442608
 -0.05574334686124284
 -0.033587813518252602
 -0.077503763442306348
 -0.076029988814487096
 0
 -0.027907331652761411
 -0.027664059916951155
 -0.027759804981437885
 0
 -0.053427505005406953
 -0.075478645727447002
 0
 -0.027759804981437885
 -0.028504914047442612
 -0.027907331652761415
 0
 -0.053427505005406953
 -0.076029988814487096
 -0.033587813518252609
 -0.055743346861242847
 -0.098339309477705861
 -0.079114411963355571
 -0.078732882906006732
