# Created by Octave 5.1.0, Fri Feb 14 13:17:21 2020 GMT <unknown@Thomas-PC>
# name: u_sol
# type: matrix
# rows: 2178
# columns: 1
 0.0096806401737961328
 -0.0096806401737961449
 0
 0
 -5.8897934667884761e-18
 -0.02277686158715797
 0
 0.022776861587157967
 -2.2647491155929759e-18
 0.011228827040658954
 -4.202709723163275e-18
 0.0025631635427392253
 -0.011228827040658966
 -0.0025631635427392336
 -0.010339043211579867
 -0.0095443955115322547
 -0.02875775173188266
 -0.010667257758847162
 0
 -5.2224748723831819e-19
 0
 0.01066725775884716
 0.02875775173188266
 0.0095443955115322495
 0.010339043211579859
 0.010173241624712642
 0.001314292356165027
 0.0047812485381525304
 -5.5059671488404311e-18
 0.00097631506664486644
 0.0040478055453520463
 0.0025757592849709153
 0.00090911342585372047
 -3.0219708988356233e-18
 -0.0040478055453520585
 -0.0009763150666448775
 -0.0047812485381525409
 -0.0013142923561650375
 -0.010173241624712654
 -0.00090911342585372871
 -0.0025757592849709214
 -0.0077425780471514771
 -0.0060372088258340059
 -0.015941279186281423
 -0.010752906640810285
 -0.016305939664681027
 -0.0060249541213913231
 -0.0043221068312265694
 -0.027643644184009473
 -0.019318552054615318
 -0.01226510677702399
 -0.018864876486028147
 -0.023169099359080236
 -0.011512643202268051
 -0.0052427306649109303
 0
 -0.0064445481468052117
 -6.3595128775895977e-19
 -0.0028183095199980661
 0
 -0.0047546825313003792
 -1.6728270382890398e-18
 0
 0.0028183095199980652
 0.01226510677702399
 0.0064445481468052099
 0
 0.0047546825313003766
 0.0052427306649109268
 0.023169099359080233
 0.018864876486028144
 0.015941279186281417
 0.019318552054615315
 0.027643644184009469
 0.011512643202268049
 0.004322106831226565
 0.016305939664681024
 0.010752906640810278
 0.0060372088258339972
 0.0077425780471514676
 0.006024954121391317
 0.0096386011252281197
 0.0066259844008415454
 0.0075500255691584557
 0.0030532152314244969
 0.0051605459253415229
 0.011066689417133459
 0.0029343052434276148
 0.0029706322005283617
 0.0014691674950370302
 -5.8317068332579998e-18
 0.0014111060847302225
 0.0019166045641325243
 0.00035306323877134832
 0.00067582755110140067
 -4.8223076809775187e-18
 0.0068524229255551511
 0.0025302085998471155
 0.0025548387687398112
 0.0016838792818391422
 0.0012286387090139378
 -2.7575796442775973e-18
 0.0015300245200525295
 0.0016585622877424316
 0.0027419680850170858
 -3.5077170979885981e-18
 0.00078502691834801729
 0.00044655785997812879
 0.00083633439347624561
 0.00056060072401370063
 0.00076273620928744303
 -0.0019166045641325362
 -0.0014111060847302342
 -0.0025548387687398225
 -0.0025302085998471268
 -0.0068524229255551624
 -0.00067582755110141162
 -0.00035306323877135797
 -0.007550025569158467
 -0.0066259844008415567
 -0.0096386011252281318
 -0.0014691674950370395
 -0.0029706322005283721
 -0.0029343052434276243
 -0.011066689417133471
 -0.0051605459253415342
 -0.0030532152314245086
 -0.0012286387090139439
 -0.0016838792818391476
 -0.00044655785997813714
 -0.00078502691834802444
 -0.0027419680850170928
 -0.0016585622877424387
 -0.0015300245200525378
 -0.00083633439347625667
 -0.00076273620928745246
 -0.00056060072401371028
 -0.0083217265523307764
 -0.0063208461680431408
 -0.0081050104929747627
 -0.0065634596293952623
 -0.0084401750812152249
 -0.0047442472832741498
 -0.0041243879227227742
 -0.019380195601203538
 -0.01649478055220072
 -0.019639254660137707
 -0.010529030005465395
 -0.013432420280245556
 -0.012619484426857818
 -0.013090523181504008
 -0.013454495680950028
 -0.010539991744839015
 -0.0035036550912745956
 -0.0020963409956049595
 -0.0041759261822593473
 -0.0041442773889225053
 -0.0067816749477074365
 -0.0055450126863695274
 -0.0078815322131990384
 -0.0081764401108386318
 -0.0082467041623060424
 -0.0060162011260343233
 -0.025560126995456754
 -0.02181465638180094
 -0.024329701767059873
 -0.023551685856316281
 -0.028809203750656848
 -0.01797591419400946
 -0.014254420170218914
 -0.0093762194197914012
 -0.01703495487335141
 -0.015828885242354141
 -0.014431065447955211
 -0.016467453609924122
 -0.012285644462266264
 -0.027085258309826912
 -0.021603272207073053
 -0.023825796641984209
 -0.0049366115505192045
 -0.002413083837731356
 -0.010808920866636115
 -0.0077085657539060683
 -0.0081403122316426723
 -0.0081934758485355218
 -0.011504005934211747
 -0.019710308559619701
 -0.015366526978861912
 -0.01524107368938574
 0
 -0.0064349231296935367
 -0.0033490957804675268
 -0.0046484850510291088
 0
 -0.008930900196900347
 -0.0089567245505805231
 -4.9450678588472033e-19
 -0.00070624591300143193
 0
 -0.001910215946986661
 -0.001361957882866936
 -4.4738415903559796e-19
 0
 -0.0014627874200084771
 -0.002321586010138839
 -0.0025572057874562234
 -2.0133570532450398e-18
 -0.007490706220880953
 -0.0051901871428111377
 -9.3969364398402678e-19
 -0.0025245880856709672
 -0.0023066098573703013
 -0.0044700521011965255
 -0.0039465373780227814
 -0.00624298430200468
 0
 0.00070624591300143095
 0.0023215860101388386
 0.0014627874200084762
 0
 0.001361957882866935
 0.0019102159469866599
 0.0093762194197913994
 0.0064349231296935367
 0
 0.0089567245505805214
 0.0089309001969003453
 0.012285644462266262
 0
 0.0046484850510291088
 0.0033490957804675264
 0.0025572057874562204
 0.0024130838377313521
 0.0023066098573703005
 0.002524588085670965
 0.0081403122316426706
 0.0051901871428111359
 0.0074907062208809513
 0.0044700521011965247
 0.0062429843020046782
 0.0039465373780227797
 0.015828885242354141
 0.01703495487335141
 0.023825796641984205
 0.021603272207073053
 0.027085258309826912
 0.016467453609924118
 0.014431065447955209
 0.019380195601203531
 0.021814656381800936
 0.025560126995456747
 0.01425442017021891
 0.01797591419400946
 0.012619484426857813
 0.028809203750656844
 0.023551685856316278
 0.024329701767059869
 0.004936611550519201
 0.0020963409956049547
 0.011504005934211746
 0.0081934758485355183
 0.0067816749477074322
 0.0077085657539060649
 0.010808920866636111
 0.019710308559619701
 0.015241073689385737
 0.01536652697886191
 0.019639254660137703
 0.016494780552200716
 0.010539991744839007
 0.013454495680950021
 0.013090523181503999
 0.013432420280245551
 0.01052903000546539
 0.0063208461680431304
 0.008321726552330766
 0.0041243879227227656
 0.0047442472832741403
 0.0084401750812152163
 0.0065634596293952527
 0.0081050104929747541
 0.0035036550912745904
 0.0078815322131990332
 0.0055450126863695213
 0.0041442773889224993
 0.0041759261822593404
 0.0081764401108386248
 0.0060162011260343163
 0.0082467041623060355
 0.009602348918221813
 0.0085829700627822712
 0.0087450890345002856
 0.0082631798343791776
 0.0084344174277991846
 0.009833895183129061
 0.006155075829481888
 0.0071325212052528071
 0.0054558234741146749
 0.0055716482581139671
 0.0067903549162068779
 0.011384323226975379
 0.0027247675215869398
 0.0041484188965988742
 0.001834084364141991
 0.010611374081378681
 0.0075580084656248301
 0.0080041329019920598
 0.0026051459660041453
 0.0021266193370257144
 0.0019301322535159478
 0.0039004029710069761
 0.0027551817734636154
 0.0036607426299078982
 0.0012369233975203101
 0.001915094899362754
 0.0020650126030722451
 0.0059830652913479493
 0.0037109801458148598
 0.0046399248111083854
 -5.7476192233620958e-18
 0.000882267179971894
 0.00094165648552239369
 0.00053008753036048063
 0.00072025172595917568
 -5.6757477517704426e-18
 0.0029392602758433681
 0.0017668843598846002
 0.0026502794023796194
 0.00018511803533969735
 0.0001894050893457744
 -4.5120330821901008e-18
 0.0008929810197009086
 0.00045369352011432592
 0.00058984415723621359
 -5.1869930683583417e-18
 0.00024711866604847397
 0.00036320903292823227
 0.0087807194358082655
 0.0047066572628435034
 0.0040717675415997134
 0.0035118364728848684
 0.0042790985264062444
 0.005312291329550382
 0.0015959576088366006
 0.0027633518023694723
 0.0016119816185992644
 0.0010117969065598037
 0.0013949197707077133
 0.0020370547338295609
 0.0009324495181296411
 0.00082922068340563534
 -2.5593731107632946e-18
 0.0018810607290088784
 0.001459182051333353
