# Created by Octave 5.1.0, Tue Apr 21 22:16:06 2020 GMT <unknown@Thomas-PC>
# name: contactConvergence
# type: matrix
# rows: 4
# columns: 1
 0
 0.17285297317689519
 0.16305825151292203
 5.1608023410310011e-17


