# Created by Octave 5.1.0, Tue Apr 21 23:22:45 2020 GMT <unknown@Thomas-PC>
# name: contactConvergence
# type: matrix
# rows: 3
# columns: 1
 0.41466679895816494
 0.55206361558860528
 3.2041766513527898e-18


