# Created by Octave 5.1.0, Tue Apr 21 22:16:36 2020 GMT <unknown@Thomas-PC>
# name: contactConvergence
# type: matrix
# rows: 3
# columns: 1
 2.3825402068610844
 1.9809399700416996
 4.8580062212879748e-18


