# Created by Octave 5.1.0, Wed Feb 19 12:29:26 2020 GMT <unknown@Thomas-PC>
# name: contactConvergence
# type: matrix
# rows: 3
# columns: 1
 0.10930702630377188
 0.13795334603208204
 1.3074621669173321e-18


