# Created by Octave 5.1.0, Tue Apr 21 22:16:14 2020 GMT <unknown@Thomas-PC>
# name: contactConvergence
# type: matrix
# rows: 2
# columns: 1
 4.3491662567969716
 1.5890014444755206e-17


