# Created by Octave 5.1.0, Wed Feb 19 09:22:09 2020 GMT <unknown@Thomas-PC>
# name: contactConvergence
# type: matrix
# rows: 2
# columns: 1
 0.46888885166522393
 2.3831546106402322e-18


