# Created by Octave 5.1.0, Tue Apr 21 22:17:52 2020 GMT <unknown@Thomas-PC>
# name: contactConvergence
# type: matrix
# rows: 2
# columns: 1
 1.3194665191592085
 5.4118134260144971e-18


