# Created by Octave 5.1.0, Wed Feb 19 09:22:09 2020 GMT <unknown@Thomas-PC>
# name: equilibriumConvergence
# type: matrix
# rows: 2
# columns: 1
 0.65401206756406238
 3.8364210404574496e-14


