# Created by Octave 5.1.0, Wed Feb 19 12:29:26 2020 GMT <unknown@Thomas-PC>
# name: equilibriumConvergence
# type: matrix
# rows: 3
# columns: 1
 0.36401756431261517
 0.3185153687735337
 8.6988199103413721e-13


