# Created by Octave 5.1.0, Tue Apr 21 22:17:52 2020 GMT <unknown@Thomas-PC>
# name: equilibriumConvergence
# type: matrix
# rows: 2
# columns: 1
 1.9118198670157744
 9.5078865508704155e-15


