# Created by Octave 5.1.0, Tue Apr 21 23:22:45 2020 GMT <unknown@Thomas-PC>
# name: equilibriumConvergence
# type: matrix
# rows: 3
# columns: 1
 1.148614929894578
 0.57430746494728668
 1.8850383120046849e-14


