# Created by Octave 5.1.0, Tue Apr 21 22:16:36 2020 GMT <unknown@Thomas-PC>
# name: equilibriumConvergence
# type: matrix
# rows: 3
# columns: 1
 2.7833198339780876
 4.2651796332375101e-15
 4.4448029690050612e-15


