# Created by Octave 5.1.0, Tue Apr 21 22:16:06 2020 GMT <unknown@Thomas-PC>
# name: equilibriumConvergence
# type: matrix
# rows: 4
# columns: 1
 7.6376261582597467
 3.5785928408324265e-15
 3.786520119808425e-15
 9.0686467593174083e-16


