# Created by Octave 5.1.0, Tue Apr 21 22:16:14 2020 GMT <unknown@Thomas-PC>
# name: equilibriumConvergence
# type: matrix
# rows: 2
# columns: 1
 5.4403818843450953
 2.2707385903584199e-15


