# Created by Octave 5.1.0, Tue Apr 21 22:16:14 2020 GMT <unknown@Thomas-PC>
# name: lambda_sol
# type: matrix
# rows: 5
# columns: 1
 0
 -5.8745758321415531
 -12.098620017758293
 -5.874575832141554
 0


