# Created by Octave 5.1.0, Tue Apr 21 22:16:36 2020 GMT <unknown@Thomas-PC>
# name: lambda_sol
# type: matrix
# rows: 9
# columns: 1
 0
 0
 -6.2596090313609283
 -10.945838806794328
 -11.749389720086473
 -10.945838806794328
 -6.2596090313609247
 0
 0


