# Created by Octave 5.1.0, Tue Apr 21 22:17:52 2020 GMT <unknown@Thomas-PC>
# name: lambda_sol
# type: matrix
# rows: 17
# columns: 1
 0
 0
 0
 -1.7518529483055989
 -6.5359796819189349
 -8.9069802652190901
 -10.719602668058766
 -11.828266870107269
 -11.960268540105895
 -11.828266870107266
 -10.719602668058767
 -8.9069802652190866
 -6.5359796819189349
 -1.7518529483056013
 0
 0
 0


