# Created by Octave 5.1.0, Tue Apr 21 23:22:45 2020 GMT <unknown@Thomas-PC>
# name: lambda_sol
# type: matrix
# rows: 33
# columns: 1
 0
 0
 0
 0
 0
 0
 -2.1918763354900501
 -4.7597246088436602
 -6.2166477152912432
 -7.5111253733193539
 -8.6851036084865871
 -9.7307379181468576
 -10.628041519442769
 -11.352955854738978
 -11.881502406600898
 -12.193430011814586
 -12.153758054028479
 -12.193430011814582
 -11.881502406600896
 -11.35295585473898
 -10.628041519442762
 -9.730737918146863
 -8.6851036084865818
 -7.5111253733193495
 -6.2166477152912369
 -4.759724608843662
 -2.1918763354900506
 0
 0
 0
 0
 0
 0


