# Created by Octave 5.1.0, Wed Feb 19 09:22:09 2020 GMT <unknown@Thomas-PC>
# name: lambda_sol
# type: matrix
# rows: 65
# columns: 1
 0
 0
 0
 0
 0
 0
 0
 0
 0
 0
 0
 -0.37599151392954755
 -2.8054375012588593
 -3.7886513498132328
 -4.6247305137788679
 -5.3919959138752027
 -6.1113965011593887
 -6.7920032151428629
 -7.4382878225028897
 -8.0521423510395458
 -8.6337763800746377
 -9.1822392660436005
 -9.6957687350959461
 -10.172045315675835
 -10.608392260006008
 -11.001942440417462
 -11.349783502664051
 -11.64908608595127
 -11.897215593420386
 -12.091826628646144
 -12.230952157424884
 -12.313278505924444
 -12.25793787604519
 -12.313278505924442
 -12.230952157424902
 -12.091826628646116
 -11.897215593420396
 -11.649086085951295
 -11.349783502664021
 -11.001942440417508
 -10.608392260005987
 -10.172045315675829
 -9.6957687350959851
 -9.1822392660435934
 -8.6337763800746377
 -8.0521423510395209
 -7.438287822502943
 -6.7920032151428398
 -6.1113965011594349
 -5.3919959138752134
 -4.6247305137788137
 -3.7886513498133176
 -2.8054375012588006
 -0.37599151392960306
 0
 0
 0
 0
 0
 0
 0
 0
 0
 0
 0


