# Created by Octave 5.1.0, Wed Feb 19 12:29:26 2020 GMT <unknown@Thomas-PC>
# name: lambda_sol
# type: matrix
# rows: 129
# columns: 1
 0
 0
 0
 0
 0
 0
 0
 0
 0
 0
 0
 0
 0
 0
 0
 0
 0
 0
 0
 0
 0
 0
 -0.55780095256782958
 -2.0597826724473993
 -2.6934053372740832
 -3.2239462037837328
 -3.7040256918640018
 -4.1501084429376371
 -4.5707550702264852
 -4.9713908097912425
 -5.3557027248296594
 -5.7262715924237142
 -6.0849296286173411
 -6.4329834947651365
 -6.7713600177388802
 -7.1007044060883056
 -7.421448192997862
 -7.7338574020436823
 -8.0380675231902856
 -8.3341095278523643
 -8.6219296927852369
 -8.9014050813846701
 -9.1723559381097797
 -9.4345558627974118
 -9.6877403716039669
 -9.9316142740993083
 -10.165858173019242
 -10.390134306175398
 -10.604091887391455
 -10.807372057482326
 -10.999612522185522
 -11.18045192822508
 -11.349534008990831
 -11.506511515935722
 -11.65104993921403
 -11.782831009511472
 -11.901555959484005
 -12.00694850211382
 -12.098757444771165
 -12.176758792577219
 -12.24075714739724
 -12.290586631858869
 -12.326115595163268
 -12.347308402747352
 -12.309386048068655
 -12.34730840274735
 -12.326115595163273
 -12.290586631858874
 -12.240757147397195
 -12.176758792577273
 -12.098757444771131
 -12.006948502113859
 -11.901555959484016
 -11.782831009511462
 -11.651049939214007
 -11.506511515935809
 -11.349534008990751
 -11.180451928225136
 -10.999612522185515
 -10.807372057482324
 -10.604091887391492
 -10.390134306175412
 -10.16585817301922
 -9.9316142740993438
 -9.6877403716040078
 -9.4345558627973958
 -9.1723559381097957
 -8.9014050813847359
 -8.6219296927852653
 -8.3341095278523873
 -8.038067523190298
 -7.7338574020437525
 -7.4214481929979135
 -7.1007044060883882
 -6.7713600177388837
 -6.4329834947652866
 -6.0849296286174495
 -5.7262715924238066
 -5.3557027248297393
 -4.9713908097914583
 -4.5707550702265634
 -4.1501084429378077
 -3.7040256918641341
 -3.2239462037839406
 -2.6934053372741764
 -2.0597826724474801
 -0.55780095256783402
 0
 0
 0
 0
 0
 0
 0
 0
 0
 0
 0
 0
 0
 0
 0
 0
 0
 0
 0
 0
 0
 0


