# Created by Octave 5.1.0, Tue Apr 21 22:16:06 2020 GMT <unknown@Thomas-PC>
# name: u_sol
# type: matrix
# rows: 18
# columns: 1
 0.017934767469550625
 -0.017934767469550555
 0
 0
 3.4806492132115945e-17
 -0.040859895517776322
 0
 0.040859895517776357
 1.147145058390219e-17
 -0.26804396765798078
 -0.26804396765798078
 0
 0
 -0.061322461244925186
 -0.1905130609941911
 0
 -0.19051306099419113
 -0.16016735658802914


