# Created by Octave 5.1.0, Tue Apr 21 22:16:14 2020 GMT <unknown@Thomas-PC>
# name: u_sol
# type: matrix
# rows: 50
# columns: 1
 -0.028092878255674907
 0.028092878255674851
 0
 0
 -2.625524079699861e-17
 -0.024312759270533627
 0
 0.024312759270533561
 -3.3006677176515118e-17
 -0.028844833994262822
 -3.3774251705776569e-17
 -0.017115975272760604
 0.028844833994262773
 0.017115975272760535
 0.012100799872571875
 -0.0080450475008546057
 -0.045389296655875495
 -0.018098026159748329
 0
 -2.4369635449100452e-17
 0
 0.018098026159748294
 0.045389296655875461
 0.008045047500854538
 -0.012100799872571941
 -0.2269728790143937
 -0.22697287901439364
 0
 0
 -0.087179597167144754
 -0.17620827348787216
 0
 -0.17620827348787216
 -0.18490604939605687
 -0.16533521373647833
 -0.1726174995098341
 -0.20113443098052777
 -0.16533521373647828
 -0.20113443098052775
 -0.21629562179696951
 -0.18359109016413777
 -0.11782574581169813
 -0.11290547532011899
 0
 -0.11060383559535311
 0
 -0.11290547532011902
 -0.11782574581169813
 -0.1835910901641378
 -0.21629562179696954


