# Created by Octave 5.1.0, Tue Apr 21 22:16:36 2020 GMT <unknown@Thomas-PC>
# name: u_sol
# type: matrix
# rows: 162
# columns: 1
 -0.016952957806611955
 0.016952957806611997
 0
 0
 1.965946764237984e-17
 -0.024097896475209379
 0
 0.024097896475209397
 1.0860026810672538e-17
 -0.020740082350982996
 2.1051989762027986e-17
 -0.019037724727959764
 0.020740082350983038
 0.019037724727959799
 0.013523150095927599
 -0.006773968924811781
 -0.050378989597598824
 -0.020001226896665215
 0
 2.2533695376012632e-18
 0
 0.020001226896665222
 0.050378989597598831
 0.0067739689248118018
 -0.013523150095927566
 -0.017397283329229674
 -0.025944509901676179
 -0.026151309647238826
 2.4596256109925172e-17
 -0.016491738655433588
 -0.014117494917282774
 -0.0057031642925878907
 -0.012378261332634803
 1.5849925945625374e-17
 0.014117494917282819
 0.016491738655433633
 0.026151309647238861
 0.025944509901676217
 0.017397283329229716
 0.012378261332634843
 0.0057031642925879211
 0.023163192411852322
 0.018463493918010977
 -0.014992517462945946
 0.0029350782883566843
 -0.0043594965685131853
 0.0068298524307399177
 -0.0018626915946796379
 -0.04080831265513022
 -0.028655234722859246
 -0.025098920704098724
 -0.03438620468294766
 -0.044739467686296844
 -0.016952916040040386
 -0.0079535157941570591
 0
 -0.014118821876103893
 1.8287570154159276e-18
 -0.0063880859028554787
 0
 -0.0092237246756167492
 5.7763328046337341e-18
 0
 0.0063880859028554822
 0.025098920704098724
 0.014118821876103894
 0
 0.0092237246756167561
 0.0079535157941570712
 0.044739467686296851
 0.034386204682947667
 0.014992517462945965
 0.02865523472285926
 0.040808312655130234
 0.0169529160400404
 0.001862691594679658
 0.0043594965685132096
 -0.0029350782883566569
 -0.018463493918010943
 -0.023163192411852288
 -0.0068298524307398882
 -0.24531719820334963
 -0.2453171982033496
 0
 0
 -0.09680760437844653
 -0.18342732666122805
 0
 -0.18342732666122807
 -0.187574268363109
 -0.17019754558357592
 -0.18027308562565583
 -0.20742275764771417
 -0.17019754558357594
 -0.20742275764771417
 -0.22561766196092056
 -0.19054805812378434
 -0.12091312254067148
 -0.11735996167773836
 0
 -0.11484026823095632
 0
 -0.11735996167773836
 -0.12091312254067149
 -0.19054805812378434
 -0.22561766196092059
 -0.22868521586632853
 -0.1948293990741552
 -0.22977324793595802
 -0.14784304956435923
 -0.16137317376705487
 -0.1161181220136752
 -0.19631149177470489
 -0.18815958915681893
 -0.19313100255111859
 -0.11611812201367523
 -0.16137317376705487
 -0.22977324793595802
 -0.19482939907415522
 -0.22868521586632851
 -0.18815958915681893
 -0.19631149177470489
 -0.238740862357467
 -0.22594647848168822
 -0.19322465049994048
 -0.21432079236244825
 -0.20737879693805947
 -0.20623232220200513
 -0.18601762388937632
 -0.15681944909735274
 -0.1624911501137877
 -0.06310478907799455
 -0.11964853927615908
 -0.072529219079226923
 -0.16091125040615822
 -0.15850551927293124
 0
 -0.062268749623827009
 -0.061340741224258748
 -0.061997522856916329
 0
 -0.11591987753534068
 -0.1577868798237278
 0
 -0.061997522856916329
 -0.06310478907799455
 -0.062268749623827009
 0
 -0.11591987753534069
 -0.15850551927293124
 -0.072529219079226936
 -0.11964853927615909
 -0.1932246504999405
 -0.16249115011378773
 -0.15681944909735276
 -0.16091125040615825
 -0.18601762388937632
 -0.2073787969380595
 -0.21432079236244828
 -0.22594647848168825
 -0.238740862357467
 -0.20623232220200516


