# Created by Octave 5.1.0, Tue Apr 21 22:17:52 2020 GMT <unknown@Thomas-PC>
# name: u_sol
# type: matrix
# rows: 578
# columns: 1
 -0.014323401822407194
 0.014323401822407189
 0
 0
 5.1288874087205161e-18
 -0.023909333081298879
 0
 0.023909333081298882
 -3.6505491848446392e-18
 -0.02002285397542768
 -1.9623758241571763e-19
 -0.019940925532049618
 0.020022853975427687
 0.019940925532049614
 0.015458427185112429
 -0.0067969637425778304
 -0.052916860292002744
 -0.021157892312648429
 0
 2.7291765376746672e-18
 0
 0.021157892312648439
 0.052916860292002758
 0.006796963742577833
 -0.015458427185112427
 -0.014319352653298163
 -0.027230079226992998
 -0.027485621831176608
 3.1613771277994044e-18
 -0.01683166828778105
 -0.016492222143171208
 -0.0052429065666055813
 -0.012325284562636938
 -2.9527502715283225e-18
 0.016492222143171219
 0.016831668287781053
 0.027485621831176608
 0.027230079226992995
 0.014319352653298163
 0.012325284562636936
 0.0052429065666055779
 0.023688284277307351
 0.020343315288886991
 -0.01457623136774446
 0.0039933556253109641
 -0.0028744418438897668
 0.007023339890347282
 -0.0021711202226849858
 -0.042328082762299636
 -0.029609010479618461
 -0.027689082046813598
 -0.036350129473274782
 -0.047604092688070705
 -0.01741483543462085
 -0.0078435137294059088
 0
 -0.015137929753528581
 4.1865541545014434e-18
 -0.0066993072205747484
 0
 -0.0095407802595262135
 -8.3171802695760086e-19
 0
 0.0066993072205747545
 0.027689082046813605
 0.015137929753528586
 0
 0.0095407802595262204
 0.0078435137294059088
 0.047604092688070712
 0.036350129473274796
 0.014576231367744462
 0.029609010479618468
 0.042328082762299643
 0.017414835434620857
 0.0021711202226849836
 0.0028744418438897707
 -0.0039933556253109615
 -0.020343315288886991
 -0.023688284277307351
 -0.0070233398903472829
 -0.014329913814964483
 -0.02441002868940428
 -0.02276541877061166
 -0.026343389465040678
 -0.026188367231057552
 -0.016482163591532067
 -0.026131868855233251
 -0.028382349983217831
 -0.02468176289058862
 5.0290639954213461e-18
 -0.0092580334322279138
 -0.0090401966274575585
 -0.0079114633234229261
 -0.0088662945486293367
 1.6645592138863189e-18
 -0.020429619824166183
 -0.017299061753854518
 -0.023158280891811139
 -0.0010416346842437962
 -0.002913073888033212
 -3.1632101405773999e-18
 -0.016958916539120988
 -0.0089412899732304978
 -0.012077239922915282
 -1.8037852099625121e-18
 -0.0047737930989494711
 -0.0064942409844480301
 -0.023174494942415875
 -0.015077184523646051
 -0.020862049568182037
 0.0090401966274575689
 0.0092580334322279224
 0.023158280891811139
 0.017299061753854525
 0.02042961982416619
 0.0088662945486293419
 0.0079114633234229296
 0.022765418770611657
 0.024410028689404277
 0.014329913814964478
 0.024681762890588616
 0.028382349983217828
 0.026131868855233251
 0.016482163591532071
 0.026188367231057549
 0.026343389465040678
 0.0029130738880332068
 0.0010416346842437904
 0.0064942409844480284
 0.0047737930989494668
 0.012077239922915281
 0.0089412899732304943
 0.016958916539120988
 0.023174494942415871
 0.020862049568182037
 0.015077184523646051
 0.02137642237011397
 0.025830873758722332
 0.018406296153518711
 0.023967620037779941
 0.02137858261294235
 0.025639769164425539
 0.021002429576100771
 -0.01923207421603701
 -0.0091701726560673991
 -0.013468314630980057
 -0.0022029795242505591
 -0.0053282404582314716
 -0.01033761786370869
 0.0070446252867179104
 0.00090948690171942324
 0.010375872061243145
 0.001469282853126321
 -0.00089369045025778423
 0.013843873762941297
 0.0066920671867000603
 -0.0040850123200595308
 0.0011882899462815728
 -5.9850872733914736e-06
 0.012804446835098994
 0.0061035940995558752
 0.014054805180090554
 -0.033753383239741856
 -0.02835636352672043
 -0.041929509475462499
 -0.036143337065813325
 -0.048992302112329751
 -0.022784072918649496
 -0.017478188328670388
 -0.021761041555459992
 -0.036973196948682306
 -0.033727031188430706
 -0.02830063741968623
 -0.034489445446517886
 -0.026313363684532874
 -0.052996946145027285
 -0.043784659862576035
 -0.044863492590710159
 -0.0054631005092318462
 -0.0027162998227597537
 -0.012750441777663643
 -0.0087502818784267883
 -0.014442158003914135
 -0.012291814034933356
 -0.020359231044996852
 -0.034393978191521769
 -0.027060052294307767
 -0.023243081562395455
 0
 -0.015700063092094013
 -0.008427154381798958
 -0.011577990857629524
 0
 -0.020676774305530402
 -0.019460693564434025
 2.288098689208668e-18
 -0.0017824248163594569
 0
 -0.0042185685644753647
 -0.0032399262682736014
 4.2520277642826611e-18
 0
 -0.0037029342798364281
 -0.0058705692612366859
 -0.0038546083196014007
 -2.8149621870343902e-18
 -0.014961867362553416
 -0.0092320342199421895
 1.2145208221975849e-18
 -0.0045109270761322703
 -0.0046449444440002634
 -0.010584556272675218
 -0.008692927162027464
 -0.013682644655578887
 0
 0.0017824248163594606
 0.0058705692612366894
 0.003702934279836432
 0
 0.0032399262682736088
 0.0042185685644753734
 0.021761041555459992
 0.015700063092094013
 0
 0.019460693564434035
 0.020676774305530408
 0.026313363684532885
 0
 0.01157799085762953
 0.0084271543817989614
 0.0038546083196014003
 0.0027162998227597489
 0.0046449444440002695
 0.0045109270761322737
 0.01444215800391414
 0.0092320342199421947
 0.014961867362553423
 0.010584556272675225
 0.013682644655578897
 0.0086929271620274726
 0.033727031188430706
 0.036973196948682313
 0.044863492590710166
 0.043784659862576049
 0.052996946145027299
 0.0344894454465179
 0.028300637419686241
 0.019232074216037013
 0.028356363526720434
 0.033753383239741863
 0.017478188328670392
 0.022784072918649499
 0.010337617863708692
 0.048992302112329758
 0.036143337065813332
 0.041929509475462513
 0.0054631005092318453
 0.00089369045025777935
 0.020359231044996859
 0.01229181403493336
 0.0040850123200595317
 0.00875028187842679
 0.012750441777663647
 0.034393978191521776
 0.023243081562395462
 0.027060052294307774
 0.013468314630980062
 0.0091701726560674025
 -0.010375872061243145
 -0.00090948690171941998
 -0.0070446252867179086
 0.005328240458231475
 0.0022029795242505617
 -0.025830873758722336
 -0.021376422370113973
 -0.021002429576100774
 -0.025639769164425539
 -0.021378582612942346
 -0.023967620037779941
 -0.018406296153518707
 -0.0014692828531263247
 5.985087273391826e-06
 -0.0011882899462815747
 -0.006692067186700062
 -0.013843873762941298
 -0.012804446835098992
 -0.014054805180090554
 -0.0061035940995558743
 -0.25131104507143537
 -0.25131104507143537
 0
 0
 -0.099160620903594648
 -0.18465176962036367
 0
 -0.18465176962036367
 -0.18781521086435607
 -0.17190150465680379
 -0.18413573267915567
 -0.20982130444188987
 -0.17190150465680379
 -0.20982130444188987
 -0.22692827957725925
 -0.19343007189027397
 -0.12127552535794603
 -0.11907932092900841
 0
 -0.11672390103080443
 0
 -0.11907932092900841
 -0.12127552535794603
 -0.19343007189027397
 -0.22692827957725925
 -0.23160580319687149
 -0.19670907500588625
 -0.23120068409502997
 -0.15218237720602992
 -0.16451808990876532
 -0.11897837404416042
 -0.19938019532322199
 -0.19154710018491142
 -0.19553156135850783
 -0.11897837404416042
 -0.16451808990876532
 -0.23120068409502995
 -0.19670907500588625
 -0.23160580319687146
 -0.19154710018491142
 -0.19938019532322199
 -0.24263110389687595
 -0.22721455139179736
 -0.19543917014464102
 -0.21602117472728666
 -0.20798718564894092
 -0.20900030335321887
 -0.18858556649651176
 -0.15705513137830179
 -0.16431079495568923
 -0.064407247254234967
 -0.12100848728938333
 -0.07439743209853239
 -0.16327076736127041
 -0.16058605540017976
 0
 -0.063121619635287646
 -0.062546614699157788
 -0.0628564945933969
 0
 -0.11756249733932195
 -0.15942592263157379
 0
 -0.0628564945933969
 -0.064407247254234967
 -0.063121619635287646
 0
 -0.11756249733932193
 -0.16058605540017976
 -0.074397432098532376
 -0.12100848728938333
 -0.19543917014464102
 -0.16431079495568923
 -0.15705513137830179
 -0.16327076736127041
 -0.18858556649651176
 -0.20798718564894092
 -0.21602117472728669
 -0.22721455139179736
 -0.24263110389687595
