# Created by Octave 5.1.0, Tue Apr 21 23:22:45 2020 GMT <unknown@Thomas-PC>
# name: u_sol
# type: matrix
# rows: 2178
# columns: 1
 -0.013459935276971109
 0.013459935276971124
 0
 0
 7.4754186605616677e-18
 -0.023888478844280144
 0
 0.023888478844280157
 6.5929932882351845e-18
 -0.020197275679818969
 8.7040429954812552e-18
 -0.020189719407477179
 0.02019727567981898
 0.020189719407477193
 0.016281009946366966
 -0.0068273426792711187
 -0.053898537429139096
 -0.021614885404543167
 0
 3.0026572052220447e-18
 0
 0.021614885404543174
 0.05389853742913911
 0.0068273426792711343
 -0.016281009946366953
 -0.012257912063482652
 -0.027543809073976883
 -0.028087386675145137
 8.6656905369830974e-18
 -0.016929449917759038
 -0.017732541588431822
 -0.0050945923230059833
 -0.012280287804565698
 7.8178290128956246e-18
 0.017732541588431835
 0.016929449917759055
 0.028087386675145147
 0.027543809073976896
 0.012257912063482668
 0.012280287804565714
 0.0050945923230059989
 0.023792571902637144
 0.021100795486540556
 -0.014471584771861149
 0.0043491701602340754
 -0.0023384913010873914
 0.0070703905736694845
 -0.0022806062881126684
 -0.042843231306069575
 -0.029949285347023655
 -0.028739820844677286
 -0.037113675470942263
 -0.04888329401856515
 -0.017605416627211955
 -0.0078402222104857131
 0
 -0.015580627690252201
 1.6901029873010836e-18
 -0.0068579422735697065
 0
 -0.0097006305115467772
 6.0396235211440668e-18
 0
 0.0068579422735697091
 0.028739820844677296
 0.015580627690252206
 0
 0.0097006305115467841
 0.0078402222104857269
 0.048883294018565164
 0.037113675470942277
 0.014471584771861164
 0.029949285347023669
 0.042843231306069589
 0.017605416627211969
 0.0022806062881126831
 0.0023384913010874053
 -0.0043491701602340598
 -0.021100795486540543
 -0.02379257190263713
 -0.0070703905736694697
 -0.013192882264598676
 -0.024261151795014372
 -0.022173637833035973
 -0.026545795220166063
 -0.026607723897984572
 -0.014866836387919273
 -0.026778187507444991
 -0.029053317784413162
 -0.024993920451988692
 8.0851962165187354e-18
 -0.0095020997581947673
 -0.0099358385469668752
 -0.0078856796324542327
 -0.0089097202488807991
 9.0953950009265906e-18
 -0.021461636112292445
 -0.01766641772327085
 -0.023493032439783634
 -0.00086259584402067395
 -0.0027724382776995564
 7.083440374826579e-18
 -0.017015622967044199
 -0.0088448877134258263
 -0.01206775540629659
 8.4047309982282476e-18
 -0.0046760553549823483
 -0.0064319183188628476
 -0.023330498072268831
 -0.015082385908861851
 -0.020967843228152733
 0.0099358385469668891
 0.009502099758194783
 0.023493032439783647
 0.017666417723270867
 0.021461636112292456
 0.0089097202488808147
 0.00788567963245425
 0.022173637833035987
 0.024261151795014386
 0.013192882264598691
 0.02499392045198871
 0.029053317784413175
 0.026778187507445005
 0.014866836387919288
 0.026607723897984586
 0.026545795220166077
 0.002772438277699572
 0.00086259584402068826
 0.0064319183188628649
 0.0046760553549823648
 0.012067755406296605
 0.0088448877134258419
 0.017015622967044213
 0.023330498072268849
 0.02096784322815275
 0.015082385908861868
 0.020607334114694929
 0.026149667041271751
 0.019251537700474476
 0.024752115276366445
 0.022045239301630111
 0.026454575340105382
 0.021533095609238218
 -0.019127487632588772
 -0.0089241753626308745
 -0.013147659316437401
 -0.0021233540513639856
 -0.0051512070501956164
 -0.010291776983348773
 0.0077752233052280394
 0.0013684660477420087
 0.011063827195201851
 0.001304826916961548
 -0.00097528354365192845
 0.013993827814450965
 0.0066174126652316289
 -0.0041735426510523498
 0.001079790741669703
 -3.0228728427917393e-05
 0.013376675696302241
 0.0063082455781756771
 0.014424560341776905
 -0.034018621523098765
 -0.028519859240237047
 -0.042573835572702515
 -0.03655245371572502
 -0.049743760869026279
 -0.022908769931254569
 -0.017584884585250704
 -0.023106561562341647
 -0.038242410074117418
 -0.034904346058053662
 -0.028920747109422686
 -0.035439202963822754
 -0.027057201671548535
 -0.054183699734887077
 -0.04489272059619117
 -0.045744616019511075
 -0.005435481351091914
 -0.0026092154802519526
 -0.012834203513050219
 -0.0087913415708780578
 -0.014641177572654476
 -0.012386984799060355
 -0.020686834788060552
 -0.034947365572338879
 -0.02750840435102346
 -0.023514632647188567
 0
 -0.016359692182822159
 -0.0086596026069054102
 -0.011957061466094918
 0
 -0.02137283681009175
 -0.019978654779660588
 1.6087726859929887e-18
 -0.0018285625857492871
 0
 -0.0043021283669413928
 -0.0033154780561105209
 1.5041822588621526e-18
 0
 -0.0037904449796134741
 -0.0060147106467095361
 -0.0037982827051490525
 6.6759589265278901e-18
 -0.015256964044238142
 -0.0093166746809659994
 5.200099923822373e-18
 -0.0045230041815510942
 -0.0047072219360961556
 -0.010857765247060577
 -0.0088807537884655514
 -0.01401233231138908
 0
 0.0018285625857492884
 0.006014710646709537
 0.0037904449796134763
 0
 0.0033154780561105235
 0.004302128366941398
 0.02310656156234165
 0.016359692182822162
 0
 0.019978654779660595
 0.021372836810091757
 0.027057201671548545
 0
 0.011957061466094921
 0.008659602606905412
 0.0037982827051490651
 0.0026092154802519665
 0.0047072219360961625
 0.0045230041815511055
 0.014641177572654488
 0.0093166746809660115
 0.015256964044238151
 0.01085776524706058
 0.014012332311389087
 0.0088807537884655566
 0.034904346058053669
 0.038242410074117425
 0.045744616019511089
 0.044892720596191184
 0.054183699734887091
 0.035439202963822768
 0.028920747109422697
 0.019127487632588785
 0.028519859240237061
 0.034018621523098778
 0.017584884585250718
 0.022908769931254583
 0.010291776983348789
 0.049743760869026293
 0.036552453715725033
 0.042573835572702529
 0.0054354813510919288
 0.00097528354365194233
 0.020686834788060562
 0.012386984799060368
 0.0041735426510523654
 0.0087913415708780734
 0.012834203513050235
 0.034947365572338893
 0.023514632647188581
 0.027508404351023474
 0.013147659316437417
 0.0089241753626308901
 -0.011063827195201839
 -0.0013684660477419944
 -0.0077752233052280264
 0.0051512070501956312
 0.0021233540513640012
 -0.026149667041271741
 -0.020607334114694915
 -0.021533095609238204
 -0.026454575340105368
 -0.022045239301630097
 -0.024752115276366428
 -0.019251537700474462
 -0.0013048269169615328
 3.0228728427932782e-05
 -0.0010797907416696874
 -0.0066174126652316133
 -0.01399382781445095
 -0.013376675696302227
 -0.014424560341776889
 -0.0063082455781756615
 -0.013497457935489961
 -0.018126648067513757
 -0.017740134499055621
 -0.019532584722142195
 -0.018665930480546544
 -0.012650398552165806
 -0.025907544115575717
 -0.023109242423378112
 -0.026989073736126874
 -0.02412693437986229
 -0.023668899358053285
 -0.017824185664520643
 -0.028490042996785588
 -0.026990763699921087
 -0.027596690388080457
 -0.012690973457190467
 -0.022473397163940135
 -0.020860409234709446
 -0.023892073589409327
 -0.02617619346904225
 -0.022813395330590448
 -0.028791281397824373
 -0.028371758744288364
 -0.028329493616215173
 -0.02661706910325232
 -0.027819005870671119
 -0.028661314861431884
 -0.025535803855139226
 -0.028585914002126973
 -0.027978480825930137
 7.7642402550175419e-18
 -0.0049630275381238433
 -0.0050846693738544214
 -0.0046962083274807737
 -0.0048392318083785432
 8.0186546135691678e-18
 -0.01424180709693176
 -0.0097084992390103729
 -0.014022608891250085
 -0.0036439790858301931
 -0.0039876195493662595
 8.8372747107118915e-18
 -0.013081006046407061
 -0.0084561819352334446
 -0.01244002095389855
 9.2142274161501897e-18
 -0.0042783030050782137
 -0.0045132943456673326
 -0.021461206244238227
 -0.022687814787366322
 -0.023837653010430029
 -0.017715135710127068
 -0.02063594933742588
 -0.02019093474555916
 -0.020847487437434215
 -0.020913551585413838
 -0.01743022890345098
 -0.0092508433138809888
 -0.013533617570152496
 -0.01382532265511585
 -1.7140420555522172e-05
 -0.0004704200957196362
 6.7592386200549831e-18
 -0.0040131289046638078
 -0.0018107834505220592
 -0.0025736161012409513
 7.5774535108900664e-18
 -0.00093887498050965732
 -0.0014181391660812196
