# Created by Octave 5.1.0, Tue Aug 27 11:11:47 2019 GMT <unknown@Thomas-PC>
# name: edges
# type: matrix
# rows: 56
# columns: 2
 1 10
 10 5
 5 11
 11 9
 9 12
 12 1
 10 11
 11 12
 12 10
 5 13
 13 2
 2 14
 14 9
 13 14
 14 11
 11 13
 2 15
 15 6
 6 16
 16 9
 15 16
 16 14
 14 15
 6 17
 17 3
 3 18
 18 9
 17 18
 18 16
 16 17
 3 19
 19 7
 7 20
 20 9
 19 20
 20 18
 18 19
 7 21
 21 4
 4 22
 22 9
 21 22
 22 20
 20 21
 4 23
 23 8
 8 24
 24 9
 23 24
 24 22
 22 23
 8 25
 25 1
 25 12
 12 24
 24 25


# name: elements
# type: matrix
# rows: 32
# columns: 3
 1 10 12
 5 11 10
 9 12 11
 10 11 12
 5 13 11
 2 14 13
 9 11 14
 13 14 11
 2 15 14
 6 16 15
 9 14 16
 15 16 14
 6 17 16
 3 18 17
 9 16 18
 17 18 16
 3 19 18
 7 20 19
 9 18 20
 19 20 18
 7 21 20
 4 22 21
 9 20 22
 21 22 20
 4 23 22
 8 24 23
 9 22 24
 23 24 22
 8 25 24
 1 12 25
 9 24 12
 25 12 24


# name: level
# type: scalar
1


# name: name
# type: sq_string
# elements: 1
# length: 13
Deformed_Quad


# name: noEdge
# type: scalar
56


# name: noElem
# type: scalar
32


# name: noVert
# type: scalar
25


# name: vertices
# type: matrix
# rows: 25
# columns: 2
 0 0.25
 1 0
 1 1
 0 1
 0.5 0.125
 1 0.5
 0.5 1
 0 0.5
 0.5 0.5
 0.25 0.1875
 0.5 0.3125
 0.25 0.375
 0.75 0.0625
 0.75 0.25
 1 0.25
 0.75 0.5
 1 0.75
 0.75 0.75
 0.75 1
 0.5 0.75
 0.25 1
 0.25 0.75
 0 0.75
 0.25 0.5
 0 0.375


