# Created by Octave 5.1.0, Tue Sep 17 17:06:54 2019 GMT <unknown@Thomas-PC>
# name: edges
# type: matrix
# rows: 16
# columns: 2
 1 5
 5 2
 2 6
 6 3
 3 7
 7 4
 4 8
 8 1
 1 9
 2 9
 3 9
 4 9
 5 9
 6 9
 7 9
 8 9


# name: elements
# type: matrix
# rows: 8
# columns: 3
 1 5 9
 5 2 9
 2 6 9
 6 3 9
 3 7 9
 7 4 9
 4 8 9
 8 1 9


# name: level
# type: scalar
0


# name: name
# type: sq_string
# elements: 1
# length: 13
Deformed_Quad


# name: noEdge
# type: scalar
16


# name: noElem
# type: scalar
8


# name: noVert
# type: scalar
9


# name: vertices
# type: matrix
# rows: 9
# columns: 2
 0 0.25
 1 0
 1 1
 0 1
 0.5 0.125
 1 0.5
 0.5 1
 0 0.5
 0.5 0.5


