# Created by Octave 5.1.0, Tue Aug 27 11:23:07 2019 GMT <unknown@Thomas-PC>
# name: edges
# type: matrix
# rows: 208
# columns: 2
 1 26
 26 10
 10 27
 27 12
 12 28
 28 1
 26 27
 27 28
 28 26
 5 29
 29 11
 11 30
 30 10
 10 31
 31 5
 29 30
 30 31
 31 29
 9 32
 32 12
 12 33
 33 11
 11 34
 34 9
 32 33
 33 34
 34 32
 30 33
 33 27
 27 30
 5 35
 35 13
 13 36
 36 11
 35 36
 36 29
 29 35
 2 37
 37 14
 14 38
 38 13
 13 39
 39 2
 37 38
 38 39
 39 37
 11 40
 40 14
 14 41
 41 9
 34 40
 40 41
 41 34
 38 40
 40 36
 36 38
 2 42
 42 15
 15 43
 43 14
 42 43
 43 37
 37 42
 6 44
 44 16
 16 45
 45 15
 15 46
 46 6
 44 45
 45 46
 46 44
 14 47
 47 16
 16 48
 48 9
 41 47
 47 48
 48 41
 45 47
 47 43
 43 45
 6 49
 49 17
 17 50
 50 16
 49 50
 50 44
 44 49
 3 51
 51 18
 18 52
 52 17
 17 53
 53 3
 51 52
 52 53
 53 51
 16 54
 54 18
 18 55
 55 9
 48 54
 54 55
 55 48
 52 54
 54 50
 50 52
 3 56
 56 19
 19 57
 57 18
 56 57
 57 51
 51 56
 7 58
 58 20
 20 59
 59 19
 19 60
 60 7
 58 59
 59 60
 60 58
 18 61
 61 20
 20 62
 62 9
 55 61
 61 62
 62 55
 59 61
 61 57
 57 59
 7 63
 63 21
 21 64
 64 20
 63 64
 64 58
 58 63
 4 65
 65 22
 22 66
 66 21
 21 67
 67 4
 65 66
 66 67
 67 65
 20 68
 68 22
 22 69
 69 9
 62 68
 68 69
 69 62
 66 68
 68 64
 64 66
 4 70
 70 23
 23 71
 71 22
 70 71
 71 65
 65 70
 8 72
 72 24
 24 73
 73 23
 23 74
 74 8
 72 73
 73 74
 74 72
 22 75
 75 24
 24 76
 76 9
 69 75
 75 76
 76 69
 73 75
 75 71
 71 73
 8 77
 77 25
 25 78
 78 24
 77 78
 78 72
 72 77
 12 79
 79 25
 25 80
 80 1
 28 79
 79 80
 80 28
 24 81
 81 12
 76 81
 81 32
 32 76
 79 81
 81 78
 78 79


# name: elements
# type: matrix
# rows: 128
# columns: 3
 1 26 28
 10 27 26
 12 28 27
 26 27 28
 5 29 31
 11 30 29
 10 31 30
 29 30 31
 9 32 34
 12 33 32
 11 34 33
 32 33 34
 10 30 27
 11 33 30
 12 27 33
 30 33 27
 5 35 29
 13 36 35
 11 29 36
 35 36 29
 2 37 39
 14 38 37
 13 39 38
 37 38 39
 9 34 41
 11 40 34
 14 41 40
 34 40 41
 13 38 36
 14 40 38
 11 36 40
 38 40 36
 2 42 37
 15 43 42
 14 37 43
 42 43 37
 6 44 46
 16 45 44
 15 46 45
 44 45 46
 9 41 48
 14 47 41
 16 48 47
 41 47 48
 15 45 43
 16 47 45
 14 43 47
 45 47 43
 6 49 44
 17 50 49
 16 44 50
 49 50 44
 3 51 53
 18 52 51
 17 53 52
 51 52 53
 9 48 55
 16 54 48
 18 55 54
 48 54 55
 17 52 50
 18 54 52
 16 50 54
 52 54 50
 3 56 51
 19 57 56
 18 51 57
 56 57 51
 7 58 60
 20 59 58
 19 60 59
 58 59 60
 9 55 62
 18 61 55
 20 62 61
 55 61 62
 19 59 57
 20 61 59
 18 57 61
 59 61 57
 7 63 58
 21 64 63
 20 58 64
 63 64 58
 4 65 67
 22 66 65
 21 67 66
 65 66 67
 9 62 69
 20 68 62
 22 69 68
 62 68 69
 21 66 64
 22 68 66
 20 64 68
 66 68 64
 4 70 65
 23 71 70
 22 65 71
 70 71 65
 8 72 74
 24 73 72
 23 74 73
 72 73 74
 9 69 76
 22 75 69
 24 76 75
 69 75 76
 23 73 71
 24 75 73
 22 71 75
 73 75 71
 8 77 72
 25 78 77
 24 72 78
 77 78 72
 1 28 80
 12 79 28
 25 80 79
 28 79 80
 9 76 32
 24 81 76
 12 32 81
 76 81 32
 25 79 78
 12 81 79
 24 78 81
 79 81 78


# name: level
# type: scalar
2


# name: name
# type: sq_string
# elements: 1
# length: 13
Deformed_Quad


# name: noEdge
# type: scalar
208


# name: noElem
# type: scalar
128


# name: noVert
# type: scalar
81


# name: vertices
# type: matrix
# rows: 81
# columns: 2
 0 0.25
 1 0
 1 1
 0 1
 0.5 0.125
 1 0.5
 0.5 1
 0 0.5
 0.5 0.5
 0.25 0.1875
 0.5 0.3125
 0.25 0.375
 0.75 0.0625
 0.75 0.25
 1 0.25
 0.75 0.5
 1 0.75
 0.75 0.75
 0.75 1
 0.5 0.75
 0.25 1
 0.25 0.75
 0 0.75
 0.25 0.5
 0 0.375
 0.125 0.21875
 0.25 0.28125
 0.125 0.3125
 0.5 0.21875
 0.375 0.25
 0.375 0.15625
 0.375 0.4375
 0.375 0.34375
 0.5 0.40625
 0.625 0.09375
 0.625 0.1875
 0.875 0.125
 0.75 0.15625
 0.875 0.03125
 0.625 0.28125
 0.625 0.375
 1 0.125
 0.875 0.25
 0.875 0.5
 0.875 0.375
 1 0.375
 0.75 0.375
 0.625 0.5
 1 0.625
 0.875 0.625
 0.875 0.875
 0.875 0.75
 1 0.875
 0.75 0.625
 0.625 0.625
 0.875 1
 0.75 0.875
 0.5 0.875
 0.625 0.875
 0.625 1
 0.625 0.75
 0.5 0.625
 0.375 1
 0.375 0.875
 0.125 0.875
 0.25 0.875
 0.125 1
 0.375 0.75
 0.375 0.625
 0 0.875
 0.125 0.75
 0.125 0.5
 0.125 0.625
 0 0.625
 0.25 0.625
 0.375 0.5
 0 0.4375
 0.125 0.4375
 0.125 0.375
 0 0.3125
 0.25 0.4375


