# Created by Octave 5.1.0, Wed Apr 22 03:12:03 2020 GMT <unknown@Thomas-PC>
# name: contactConvergence
# type: matrix
# rows: 3
# columns: 1
 2.4836372068017432
 1.3973438727949647
 1.7347234759768071e-18


