# Created by Octave 5.1.0, Wed Apr 22 03:11:56 2020 GMT <unknown@Thomas-PC>
# name: contactConvergence
# type: matrix
# rows: 3
# columns: 1
 0
 0.097459223076524493
 1.0408340855860843e-17


