# Created by Octave 5.1.0, Wed Feb 19 21:00:40 2020 GMT <unknown@Thomas-PC>
# name: contactConvergence
# type: matrix
# rows: 3
# columns: 1
 0.32176252958350704
 0.55453625527261008
 1.2507850555161612e-18


