# Created by Octave 5.1.0, Wed Feb 19 21:33:39 2020 GMT <unknown@Thomas-PC>
# name: contactConvergence
# type: matrix
# rows: 2
# columns: 1
 0.49061793941563436
 9.3989338510493597e-19


