# Created by Octave 5.1.0, Wed Apr 22 03:25:37 2020 GMT <unknown@Thomas-PC>
# name: contactConvergence
# type: matrix
# rows: 2
# columns: 1
 1.0778073014390555
 1.7820131039099402e-18


