# Created by Octave 5.1.0, Wed Apr 22 03:13:39 2020 GMT <unknown@Thomas-PC>
# name: contactConvergence
# type: matrix
# rows: 2
# columns: 1
 3.5406436759399784
 1.0608117673958463e-18


