# Created by Octave 5.1.0, Wed Apr 22 03:12:03 2020 GMT <unknown@Thomas-PC>
# name: equilibriumConvergence
# type: matrix
# rows: 3
# columns: 1
 3.4697079172436105
 1.7348539586218057
 1.8817190931228805e-15


