# Created by Octave 5.1.0, Wed Feb 19 21:00:40 2020 GMT <unknown@Thomas-PC>
# name: equilibriumConvergence
# type: matrix
# rows: 3
# columns: 1
 1.193868680514973
 1.3440022795532656e-12
 4.3067677491621153e-14


