# Created by Octave 5.1.0, Wed Feb 19 21:33:39 2020 GMT <unknown@Thomas-PC>
# name: equilibriumConvergence
# type: matrix
# rows: 2
# columns: 1
 0.77218447780867783
 1.4866572544517802e-11


