# Created by Octave 5.1.0, Wed Apr 22 03:25:37 2020 GMT <unknown@Thomas-PC>
# name: equilibriumConvergence
# type: matrix
# rows: 2
# columns: 1
 1.770535900549318
 1.9763218215804317e-14


