# Created by Octave 5.1.0, Wed Apr 22 03:11:56 2020 GMT <unknown@Thomas-PC>
# name: equilibriumConvergence
# type: matrix
# rows: 3
# columns: 1
 5.7282196186948102
 3.0852026539429185e-15
 1.1800607375860179e-15


