# Created by Octave 5.1.0, Wed Apr 22 03:13:39 2020 GMT <unknown@Thomas-PC>
# name: equilibriumConvergence
# type: matrix
# rows: 2
# columns: 1
 2.4196206516866225
 1.0491509271914705e-14


