# Created by Octave 5.1.0, Wed Apr 22 03:12:26 2020 GMT <unknown@Thomas-PC>
# name: equilibriumConvergence
# type: matrix
# rows: 3
# columns: 1
 2.8378020500892283
 5.2846882922019985e-15
 4.7415261990769115e-15


