# Created by Octave 5.1.0, Wed Apr 22 03:12:03 2020 GMT <unknown@Thomas-PC>
# name: lambda_sol
# type: matrix
# rows: 5
# columns: 1
 0
 0
 -11.621050407080764
 0
 0


