# Created by Octave 5.1.0, Wed Apr 22 03:13:39 2020 GMT <unknown@Thomas-PC>
# name: lambda_sol
# type: matrix
# rows: 17
# columns: 1
 0
 0
 0
 0
 0
 0
 0
 -3.8807197570653713
 -27.908807433870781
 -3.8807197570653713
 0
 0
 0
 0
 0
 0
 0


