# Created by Octave 5.1.0, Wed Apr 22 03:25:37 2020 GMT <unknown@Thomas-PC>
# name: lambda_sol
# type: matrix
# rows: 33
# columns: 1
 0
 0
 0
 0
 0
 0
 0
 0
 0
 0
 0
 0
 0
 -1.3395981531618859
 -5.0455350007404247
 -9.0427748334301477
 -37.766580832722859
 -9.0427748334301405
 -5.045535000740446
 -1.3395981531618648
 0
 0
 0
 0
 0
 0
 0
 0
 0
 0
 0
 0
 0


