# Created by Octave 5.1.0, Wed Apr 22 03:11:56 2020 GMT <unknown@Thomas-PC>
# name: u_sol
# type: matrix
# rows: 18
# columns: 1
 -0.0046799591889556992
 0.0046799591889558172
 0
 0
 5.9583474406048815e-17
 -0.031899544347049884
 0
 0.031899544347049925
 1.5033047209514616e-17
 -0.22458241341652904
 -0.22458241341652896
 0
 0
 -0.10000000000000003
 -0.15649833563414389
 0
 -0.15649833563414395
 -0.14872468152657464


