# Created by Octave 5.1.0, Wed Apr 22 03:12:03 2020 GMT <unknown@Thomas-PC>
# name: u_sol
# type: matrix
# rows: 50
# columns: 1
 0.0074899113226451451
 -0.0074899113226453463
 0
 0
 -1.0415300781523578e-16
 -0.033554896842828232
 0
 0.033554896842828134
 -3.7432982068929576e-17
 0.0015898454608177931
 -6.8828239820627646e-17
 -0.00051556996774060858
 -0.0015898454608179943
 0.00051556996774046807
 -0.011329706574229293
 -0.014602828912262901
 -0.0442132715821969
 -0.016747688297517792
 0
 -1.6181363371122297e-17
 0
 0.01674768829751775
 0.044213271582196845
 0.014602828912262816
 0.011329706574229152
 -0.23916744319968691
 -0.23916744319968702
 0
 0
 -0.099999999999999978
 -0.17087431305729228
 0
 -0.1708743130572922
 -0.16158699234751236
 -0.21367018381930111
 -0.16230184241832354
 -0.2089152108642332
 -0.21367018381930117
 -0.20891521086423326
 -0.21827200210064482
 -0.17296043056524704
 -0.10872029469329104
 -0.10029063381141221
 0
 -0.094557154125240808
 0
 -0.10029063381141218
 -0.108720294693291
 -0.17296043056524699
 -0.21827200210064471


