# Created by Octave 5.1.0, Wed Apr 22 03:12:26 2020 GMT <unknown@Thomas-PC>
# name: u_sol
# type: matrix
# rows: 162
# columns: 1
 0.015696441282275458
 -0.015696441282275538
 0
 0
 -4.7170927737138704e-17
 -0.036067181574652732
 0
 0.03606718157465269
 -2.027341513266226e-17
 0.012191610186508932
 -3.1407678521290378e-17
 0.00095251807425855055
 -0.012191610186509013
 -0.00095251807425861821
 -0.014138450012047948
 -0.014660127781854371
 -0.05053899029428726
 -0.02014846523271947
 0
 -8.5778068219856855e-18
 0
 0.020148465232719456
 0.050538990294287246
 0.014660127781854328
 0.014138450012047882
 0.014283758649645793
 0.0007793778320041014
 0.0057375501851870707
 -3.6804371726413158e-17
 -0.0035822113827924562
 0.0061084519422462506
 0.0010364538679332304
 -0.002771228933756054
 -2.6235190277447889e-17
 -0.0061084519422463391
 0.0035822113827923803
 -0.0057375501851871452
 -0.00077937783200417859
 -0.014283758649645872
 0.0027712289337559898
 -0.0010364538679332848
 -0.010224277576140951
 -0.0070436085360537845
 -0.025287558582849697
 -0.014801016567524054
 -0.024156206137219811
 -0.006717204036434392
 -0.0058517782397543017
 -0.046198410254568362
 -0.03301659826952516
 -0.023671643938652905
 -0.034547438775694189
 -0.042218993509573456
 -0.019941236396170868
 -0.0091837583634724641
 0
 -0.013276548765080614
 -3.1452406995319169e-18
 -0.0059584861954659497
 0
 -0.0091985477093484841
 -1.485556523248402e-17
 0
 0.0059584861954659436
 0.023671643938652898
 0.013276548765080609
 0
 0.0091985477093484667
 0.0091837583634724364
 0.042218993509573449
 0.034547438775694175
 0.025287558582849656
 0.033016598269525133
 0.046198410254568334
 0.01994123639617084
 0.0058517782397542618
 0.024156206137219759
 0.014801016567523998
 0.0070436085360537169
 0.010224277576140878
 0.0067172040364343382
 -0.25713505664996067
 -0.25713505664996067
 0
 0
 -0.099999999999999964
 -0.18224814044388796
 0
 -0.18224814044388793
 -0.17555187721147067
 -0.23265321221316101
 -0.1834610647433372
 -0.22278099877559399
 -0.23265321221316101
 -0.22278099877559399
 -0.23285660249252402
 -0.18401255931791702
 -0.11438407128611666
 -0.10698245798245201
 0
 -0.10308372566767195
 0
 -0.10698245798245201
 -0.11438407128611665
 -0.18401255931791702
 -0.23285660249252399
 -0.24952830726101063
 -0.23034569412366496
 -0.24487708545507261
 -0.1567775672705024
 -0.2016847938055103
 -0.19590512257844289
 -0.19675106677979753
 -0.20394670794394537
 -0.18798170505471609
 -0.19590512257844292
 -0.2016847938055103
 -0.24487708545507261
 -0.23034569412366498
 -0.24952830726101063
 -0.20394670794394537
 -0.19675106677979753
 -0.24922517641023681
 -0.2330608902020162
 -0.18755270296889062
 -0.21403740933949206
 -0.2102523528346523
 -0.2079304243204797
 -0.1775946246220162
 -0.15187655109676809
 -0.15361834988099157
 -0.057151214132824917
 -0.11053756731845008
 -0.067230197091001795
 -0.15039014081360411
 -0.14645144915726099
 0
 -0.055637292548186106
 -0.054163713823751458
 -0.054926102910642753
 0
 -0.10462962114872781
 -0.14439924636247672
 0
 -0.054926102910642746
 -0.05715121413282491
 -0.055637292548186106
 0
 -0.10462962114872781
 -0.14645144915726099
 -0.067230197091001795
 -0.11053756731845006
 -0.18755270296889059
 -0.15361834988099157
 -0.15187655109676806
 -0.15039014081360411
 -0.1775946246220162
 -0.2102523528346523
 -0.21403740933949203
 -0.2330608902020162
 -0.24922517641023681
 -0.2079304243204797


