# Created by Octave 5.1.0, Wed Apr 22 03:13:39 2020 GMT <unknown@Thomas-PC>
# name: u_sol
# type: matrix
# rows: 578
# columns: 1
 0.013446567933238252
 -0.013446567933238254
 0
 0
 1.3036836006398188e-17
 -0.037189599227655912
 0
 0.037189599227655912
 -7.8446058765096732e-18
 0.013623787816564072
 -4.9674924067538112e-18
 0.00027451460159319757
 -0.013623787816564061
 -0.00027451460159320061
 -0.014067906660432125
 -0.015075927173903048
 -0.053720281104299682
 -0.021892143395502477
 0
 -2.0459211182977614e-18
 0
 0.021892143395502474
 0.053720281104299682
 0.015075927173903041
 0.014067906660432132
 0.013185603608505151
 -7.8574342575323886e-05
 0.0056284776326497379
 2.5343866211656136e-18
 -0.0057287218036610708
 0.0079570320393965617
 0.0013860085972381294
 -0.0035400732295266602
 -8.3940415060564464e-18
 -0.0079570320393965426
 0.0057287218036610734
 -0.0056284776326497353
 7.8574342575325512e-05
 -0.013185603608505153
 0.0035400732295266532
 -0.0013860085972381411
 -0.010125573139938872
 -0.0068620967993087614
 -0.025867035403363464
 -0.014995154760090614
 -0.024353882289338442
 -0.0068412727818226941
 -0.0063323203623810607
 -0.04856991124785863
 -0.034733399687745768
 -0.02647879516902801
 -0.037091709530789344
 -0.045435477631262544
 -0.021154438835111256
 -0.0097534911395210297
 0
 -0.014585380664101318
 1.4978516088390252e-18
 -0.006499578319206745
 0
 -0.0099822114220331753
 -5.0512558818868458e-18
 0
 0.0064995783192067441
 0.02647879516902801
 0.014585380664101318
 0
 0.0099822114220331718
 0.0097534911395210228
 0.045435477631262537
 0.037091709530789337
 0.025867035403363464
 0.034733399687745768
 0.04856991124785863
 0.021154438835111252
 0.0063323203623810494
 0.024353882289338446
 0.014995154760090616
 0.006862096799308764
 0.010125573139938874
 0.0068412727818226889
 0.013089225706009495
 0.0084932526659932742
 0.009790553321350641
 0.0043770143979995806
 0.0067815783487068446
 0.013560570721129071
 0.0020617412272829869
 0.0029864947435425558
 -0.0010698183190532295
 9.1713718341463012e-18
 -0.0053366936609750846
 -0.0019792411889651097
 -0.0043623481419220048
 -0.0055130158891841165
 -1.7126629812661987e-18
 0.012362046716502404
 -0.0028816867876024265
 0.001065393813032548
 0.0016052524367302817
 0.00022456520454102624
 -8.3689155064895022e-18
 -0.0022704873533014643
 -0.0011741573320946316
 0.00040561708552644057
 -7.0213131053029125e-18
 -0.0012730513513728831
 -0.00283987961276149
 -0.0032765526927032431
 -0.0053284108385049283
 -0.0038167038117273033
 0.0019792411889651374
 0.0053366936609750993
 -0.0010653938130325393
 0.0028816867876024391
 -0.012362046716502392
 0.0055130158891841209
 0.0043623481419220005
 -0.0097905533213506393
 -0.0084932526659932707
 -0.013089225706009497
 0.0010698183190532289
 -0.0029864947435425523
 -0.0020617412272829847
 -0.013560570721129065
 -0.0067815783487068411
 -0.0043770143979995745
 -0.00022456520454104152
 -0.0016052524367302975
 0.0028398796127614813
 0.0012730513513728699
 -0.00040561708552644751
 0.0011741573320946214
 0.0022704873533014591
 0.0032765526927032466
 0.0038167038117273007
 0.0053284108385049257
 -0.011032380990210302
 -0.0078895433677392979
 -0.010355785624106681
 -0.0080846792343703053
 -0.011134007200187392
 -0.0051421129693761062
 -0.003454874534833723
 -0.031564555773514844
 -0.025456245677157166
 -0.030745474174611601
 -0.015449481719735028
 -0.020334620962865972
 -0.020300544484197072
 -0.018625218676021654
 -0.019552719724038461
 -0.01434416981997904
 -0.0039386694547804395
 -0.0029292065393140784
 -0.0031180659813533967
 -0.0036450946040762402
 -0.010380326977616885
 -0.0070709125365246419
 -0.010962349960819772
 -0.010327093669091949
 -0.010707161266620526
 -0.0065341119589710315
 -0.043353215157674006
 -0.03718332829196852
 -0.044868877182648065
 -0.041813650382420374
 -0.05227208109292493
 -0.030797336181287882
 -0.0245038595608233
 -0.020351420615829945
 -0.035272293082992977
 -0.031565114462480399
 -0.02907075304425636
 -0.033891635351092353
 -0.02598505462554921
 -0.051925164868690123
 -0.042891406201765736
 -0.045577483025204889
 -0.008396721906386238
 -0.0041436217313451868
 -0.018567814662958045
 -0.0131752327296943
 -0.016032324430997613
 -0.015153807300272328
 -0.022397681616551528
 -0.037073718364798169
 -0.029458676183062475
 -0.027740063177908697
 0
 -0.014696771214691998
 -0.007930960934186132
 -0.010863301624837368
 0
 -0.019842971699088
 -0.019321188740062525
 8.3364554878228947e-19
 -0.0016917836825855849
 0
 -0.0042341708074334593
 -0.0031501889314040996
 4.7402545141437483e-19
 0
 -0.0035058200999916371
 -0.0055422321393000136
 -0.0047952657903415283
 -6.2469714312973473e-18
 -0.015581216909389666
 -0.010310201625401286
 -3.1784568455991946e-18
 -0.0050491412717931106
 -0.0048717012413099095
 -0.010236956226451937
 -0.0087053298627665018
 -0.013650920346287766
 0
 0.0016917836825855858
 0.0055422321393000119
 0.0035058200999916354
 0
 0.0031501889314041005
 0.0042341708074334584
 0.020351420615829945
 0.014696771214691998
 0
 0.019321188740062525
 0.019842971699088
 0.02598505462554921
 0
 0.010863301624837372
 0.007930960934186132
 0.0047952657903415196
 0.0041436217313451746
 0.0048717012413099052
 0.0050491412717931046
 0.01603232443099761
 0.010310201625401283
 0.015581216909389664
 0.010236956226451937
 0.013650920346287766
 0.0087053298627665018
 0.031565114462480399
 0.035272293082992977
 0.045577483025204882
 0.042891406201765736
 0.051925164868690123
 0.033891635351092353
 0.02907075304425636
 0.031564555773514837
 0.03718332829196852
 0.043353215157674006
 0.024503859560823297
 0.030797336181287879
 0.020300544484197068
 0.05227208109292493
 0.041813650382420374
 0.044868877182648065
 0.0083967219063862276
 0.0029292065393140645
 0.022397681616551524
 0.015153807300272323
 0.010380326977616877
 0.013175232729694295
 0.018567814662958038
 0.037073718364798162
 0.027740063177908694
 0.029458676183062471
 0.030745474174611601
 0.025456245677157166
 0.014344169819979045
 0.019552719724038464
 0.018625218676021661
 0.020334620962865969
 0.015449481719735024
 0.0078895433677393014
 0.011032380990210302
 0.0034548745348337222
 0.0051421129693761088
 0.011134007200187396
 0.0080846792343703087
 0.010355785624106686
 0.0039386694547804274
 0.010962349960819765
 0.0070709125365246315
 0.0036450946040762319
 0.0031180659813533915
 0.010327093669091951
 0.0065341119589710289
 0.010707161266620526
 -0.26157263763635652
 -0.26157263763635652
 0
 0
 -0.099999999999999978
 -0.18596209247805914
 0
 -0.18596209247805914
 -0.18179048969002004
 -0.24131515961838138
 -0.19810710654334493
 -0.228597681547974
 -0.24131515961838135
 -0.22859768154797397
 -0.23735309265876733
 -0.18887737693993645
 -0.11626857578750111
 -0.10987212763696055
 0
 -0.10681712521374823
 0
 -0.10987212763696054
 -0.11626857578750109
 -0.18887737693993645
 -0.23735309265876736
 -0.25606871504986006
 -0.23739288385251156
 -0.2511021438801474
 -0.17354523570109187
 -0.20815112810803063
 -0.20395849163360613
 -0.20350650653689811
 -0.21095008069972976
 -0.19827345034814783
 -0.2039584916336061
 -0.2081511281080306
 -0.2511021438801474
 -0.23739288385251153
 -0.25606871504986001
 -0.2109500806997297
 -0.20350650653689809
 -0.25423258365571333
 -0.23840531712478388
 -0.19195883354568744
 -0.2188288980821089
 -0.21419182757822167
 -0.21324492139512011
 -0.18341758620449328
 -0.15413982113394314
 -0.1571029380357731
 -0.059019097046143568
 -0.11308835602253253
 -0.06990200568221587
 -0.15441242231243976
 -0.15101727474555124
 0
 -0.057068874005936687
 -0.056100343868119289
 -0.056467657217735882
 0
 -0.10779001383043824
 -0.14955599994460181
 0
 -0.056467657217735868
 -0.059019097046143561
 -0.05706887400593668
 0
 -0.10779001383043824
 -0.15101727474555124
 -0.069902005682215856
 -0.11308835602253252
 -0.19195883354568744
 -0.1571029380357731
 -0.15413982113394314
 -0.15441242231243973
 -0.18341758620449328
 -0.21419182757822167
 -0.2188288980821089
 -0.23840531712478391
