# Created by Octave 5.1.0, Wed Apr 22 03:25:37 2020 GMT <unknown@Thomas-PC>
# name: u_sol
# type: matrix
# rows: 2178
# columns: 1
 0.010925168414335528
 -0.010925168414335513
 0
 0
 6.199737042697289e-18
 -0.037900971781967427
 0
 0.037900971781967462
 7.0736033117275872e-18
 0.013005851221947867
 9.0798051168110368e-18
 6.0028668177322447e-07
 -0.013005851221947839
 -6.0028668175853353e-07
 -0.014076652765983497
 -0.015566624914901453
 -0.055180480645969199
 -0.02269615158524323
 0
 8.0806136480376563e-18
 0
 0.022696151585243247
 0.05518048064596922
 0.015566624914901472
 0.014076652765983515
 0.011241558492260731
 -0.00083440749061070311
 0.0052465420246543991
 1.1086432888641976e-17
 -0.0071642347568195005
 0.0091508883446787311
 0.0017710552888294041
 -0.0036872773708882317
 7.233580859033995e-18
 -0.0091508883446787207
 0.0071642347568195205
 -0.0052465420246543808
 0.00083440749061072079
 -0.011241558492260712
 0.0036872773708882508
 -0.0017710552888293876
 -0.0096822586730211987
 -0.0068364228392146734
 -0.026403809640884596
 -0.015309933417299346
 -0.024651257030985536
 -0.0071360632967156995
 -0.0067622575964083982
 -0.049683154238779614
 -0.035623604734656852
 -0.027718339061808511
 -0.038268877499568241
 -0.046980087576040282
 -0.021833850767178812
 -0.010088020500666607
 0
 -0.015199517829072898
 4.8595296463184458e-18
 -0.0067663393215753624
 0
 -0.010363500561385876
 8.349682927496443e-18
 0
 0.0067663393215753745
 0.027718339061808522
 0.01519951782907291
 0
 0.01036350056138589
 0.010088020500666622
 0.046980087576040296
 0.038268877499568268
 0.02640380964088462
 0.03562360473465688
 0.049683154238779642
 0.021833850767178833
 0.0067622575964084138
 0.024651257030985557
 0.015309933417299363
 0.0068364228392146882
 0.009682258673021216
 0.0071360632967157151
 0.010785845321651579
 0.0076501905850614622
 0.008787545873001585
 0.0037638392317876452
 0.006114802346529725
 0.012142990431059559
 0.0017142756669979498
 0.0024966643670257249
 -0.0016608939032311126
 8.0190688758999512e-18
 -0.0072117829875987319
 -0.004248575422328987
 -0.0045668130456629329
 -0.006374463997495119
 9.8660923189193474e-18
 0.012897649596684272
 -0.0046131611082853409
 0.00013585775243278629
 0.0019567173068321614
 0.00054916321280040173
 7.3326494593900479e-18
 -0.0025788700149438275
 -0.00097635196425579346
 0.00048618326802190079
 8.5221517111122135e-18
 -0.0010131216767574809
 -0.0027232177491834679
 -0.0044524561490567102
 -0.0060368408573609937
 -0.0046098654169555685
 0.0042485754223290061
 0.0072117829875987518
 -0.00013585775243276765
 0.00461316110828536
 -0.012897649596684249
 0.0063744639974951424
 0.0045668130456629546
 -0.0087875458730015659
 -0.0076501905850614432
 -0.010785845321651562
 0.0016608939032311284
 -0.0024966643670257076
 -0.0017142756669979342
 -0.012142990431059531
 -0.0061148023465297059
 -0.0037638392317876257
 -0.00054916321280038666
 -0.0019567173068321471
 0.0027232177491834869
 0.0010131216767574978
 -0.0004861832680218842
 0.0009763519642558107
 0.0025788700149438439
 0.0044524561490567275
 0.0046098654169555876
 0.0060368408573610154
 -0.0098848204162580514
 -0.0075208255877030608
 -0.01038232290545878
 -0.0079725633237975619
 -0.010989749697769814
 -0.0049641994044919572
 -0.0033099131299064066
 -0.032167208801729422
 -0.025936164435733978
 -0.031210585965888764
 -0.015897206823810208
 -0.020798813246675055
 -0.020803350594162214
 -0.018769490594988985
 -0.019874990082626623
 -0.014508475867324662
 -0.0043940099839785279
 -0.0032113123799038289
 -0.0031635164667456125
 -0.0039794540872664201
 -0.010860553604621716
 -0.0075328571077821101
 -0.011409746872874861
 -0.010467600508246197
 -0.011002478877633471
 -0.0066189561087696353
 -0.044268159205795771
 -0.037973452278231672
 -0.046034085283699906
 -0.042797860435033391
 -0.053570744950276111
 -0.031515298814647326
 -0.025165149758160033
 -0.021752175161940376
 -0.036756144296730041
 -0.032869676513332911
 -0.030073385244680475
 -0.035152664582234677
 -0.027013931783174461
 -0.053495866403475388
 -0.044344471198455152
 -0.046905352598210666
 -0.0087346273099793096
 -0.0042610996824350243
 -0.019163792078612591
 -0.013672072943397652
 -0.016602239619192369
 -0.015680850336008148
 -0.023152780379798066
 -0.038119590706123856
 -0.030370981107348632
 -0.028535207226474447
 0
 -0.015439342680931563
 -0.0082516111409344107
 -0.011333270554822214
 0
 -0.020722342869997856
 -0.02009786364165228
 1.9897786779327915e-18
 -0.0017664513875301992
 0
 -0.004404937811288423
 -0.0032828247937269073
 7.2196245332012997e-18
 0
 -0.0036490113994189009
 -0.0057626692165387919
 -0.0049335614413656163
 7.0266786614021417e-18
 -0.016172663849015643
 -0.010677239094458921
 8.8333203474366342e-18
 -0.0052181546683961457
 -0.005054408277358406
 -0.010657110783115188
 -0.0090558623346403948
 -0.014200596963581535
 0
 0.001766451387530205
 0.0057626692165387971
 0.0036490113994189061
 0
 0.0032828247937269177
 0.0044049378112884377
 0.02175217516194038
 0.01543934268093157
 0
 0.020097863641652298
 0.02072234286999787
 0.027013931783174482
 0
 0.011333270554822221
 0.0082516111409344159
 0.0049335614413656328
 0.004261099682435039
 0.0050544082773584225
 0.0052181546683961631
 0.016602239619192386
 0.010677239094458939
 0.016172663849015657
 0.0106571107831152
 0.014200596963581551
 0.0090558623346404087
 0.032869676513332918
 0.036756144296730055
 0.046905352598210694
 0.044344471198455172
 0.053495866403475416
 0.035152664582234698
 0.030073385244680496
 0.032167208801729449
 0.037973452278231699
 0.044268159205795798
 0.025165149758160057
 0.031515298814647354
 0.020803350594162235
 0.053570744950276139
 0.042797860435033419
 0.046034085283699934
 0.0087346273099793269
 0.0032113123799038432
 0.023152780379798087
 0.015680850336008165
 0.010860553604621733
 0.013672072943397669
 0.019163792078612612
 0.038119590706123876
 0.028535207226474471
 0.030370981107348656
 0.031210585965888792
 0.025936164435734002
 0.014508475867324677
 0.01987499008262664
 0.018769490594989002
 0.020798813246675076
 0.015897206823810225
 0.007520825587703079
 0.0098848204162580687
 0.0033099131299064201
 0.0049641994044919736
 0.010989749697769832
 0.0079725633237975775
 0.010382322905458796
 0.0043940099839785427
 0.011409746872874878
 0.0075328571077821257
 0.0039794540872664357
 0.0031635164667456277
 0.010467600508246211
 0.0066189561087696492
 0.011002478877633486
 0.010800814342881656
 0.0097960231778078301
 0.010033806973518683
 0.0094063623234138076
 0.009592725077458019
 0.010936922399923452
 0.0071395001964050849
 0.0082471964546373226
 0.0062136810527555035
 0.0078261049438902632
 0.0084951365462221599
 0.012620513069320575
 0.0025344606929204342
 0.0050718615804890097
 0.00091008044245783986
 0.011661199844454359
 0.0089212283236724237
 0.0092005930033240164
 0.00055858411430607414
 1.9638111968221252e-05
 -0.0010713770799046108
 0.003943846135106335
 0.001769838147523357
 0.0033502142876709138
 -0.0016340457390434787
 9.5290511554401748e-05
 0.00089870796967212699
 0.0069554007304465874
 0.0039446985427272043
 0.0051608017022153349
 7.0852744322885014e-18
 -0.0062682360654046226
 -0.0094251357421420642
 -0.0045429864602658659
 -0.0052855039054398294
 9.4033906571742087e-18
 0.0036404871437481809
 -0.0064047225664241869
 -0.0035934811248537874
 -0.0020159082684294716
 -0.0025717005884535547
 9.5510902379673526e-18
 -0.0074071516480851548
 -0.0055024486588246581
 -0.0067070541961690173
 1.081713258658326e-17
 -0.0031785782325783004
 -0.0038386460395981158
 0.013169496295122551
 0.0052284653895045084
 0.0067891318571844557
 -5.8998847893820903e-05
 0.0029761632804106162
 0.011803663957412239
 -0.0049111908566190111
 -0.0021819000418524426
 -0.0066233532709600359
 -0.0070400411519485791
 -0.0075516619846017728
 -0.0066151406542214967
 0.0012557143409277377
 0.00093729043962565328
 7.2940860405213051e-18
 0.0010471040493923904
 0.0012730849804926234
 0.0020962890512566329
 7.0150258842405197e-18
