# Created by Octave 5.1.0, Mon Mar 30 21:14:01 2020 GMT <unknown@Thomas-PC>
# name: edges
# type: matrix
# rows: 800
# columns: 2
 1 83
 83 27
 27 84
 84 29
 29 85
 85 1
 83 84
 84 85
 85 83
 11 86
 86 28
 28 87
 87 27
 27 88
 88 11
 86 87
 87 88
 88 86
 13 89
 89 29
 29 90
 90 28
 28 91
 91 13
 89 90
 90 91
 91 89
 87 90
 90 84
 84 87
 5 92
 92 30
 30 93
 93 32
 32 94
 94 5
 92 93
 93 94
 94 92
 12 95
 95 31
 31 96
 96 30
 30 97
 97 12
 95 96
 96 97
 97 95
 11 98
 98 32
 32 99
 99 31
 31 100
 100 11
 98 99
 99 100
 100 98
 96 99
 99 93
 93 96
 9 101
 101 33
 33 102
 102 35
 35 103
 103 9
 101 102
 102 103
 103 101
 13 104
 104 34
 34 105
 105 33
 33 106
 106 13
 104 105
 105 106
 106 104
 12 107
 107 35
 35 108
 108 34
 34 109
 109 12
 107 108
 108 109
 109 107
 105 108
 108 102
 102 105
 31 110
 110 28
 100 110
 110 86
 86 100
 34 111
 111 31
 109 111
 111 95
 95 109
 28 112
 112 34
 91 112
 112 104
 104 91
 111 112
 112 110
 110 111
 5 113
 113 36
 36 114
 114 30
 113 114
 114 92
 92 113
 14 115
 115 37
 37 116
 116 36
 36 117
 117 14
 115 116
 116 117
 117 115
 30 118
 118 37
 37 119
 119 12
 97 118
 118 119
 119 97
 116 118
 118 114
 114 116
 2 120
 120 38
 38 121
 121 40
 40 122
 122 2
 120 121
 121 122
 122 120
 15 123
 123 39
 39 124
 124 38
 38 125
 125 15
 123 124
 124 125
 125 123
 14 126
 126 40
 40 127
 127 39
 39 128
 128 14
 126 127
 127 128
 128 126
 124 127
 127 121
 121 124
 35 129
 129 42
 42 130
 130 9
 103 129
 129 130
 130 103
 12 131
 131 41
 41 132
 132 35
 131 132
 132 107
 107 131
 15 133
 133 42
 42 134
 134 41
 41 135
 135 15
 133 134
 134 135
 135 133
 132 134
 134 129
 129 132
 39 136
 136 37
 128 136
 136 115
 115 128
 41 137
 137 39
 135 137
 137 123
 123 135
 37 138
 138 41
 119 138
 138 131
 131 119
 137 138
 138 136
 136 137
 2 139
 139 43
 43 140
 140 38
 139 140
 140 120
 120 139
 16 141
 141 44
 44 142
 142 43
 43 143
 143 16
 141 142
 142 143
 143 141
 38 144
 144 44
 44 145
 145 15
 125 144
 144 145
 145 125
 142 144
 144 140
 140 142
 6 146
 146 45
 45 147
 147 47
 47 148
 148 6
 146 147
 147 148
 148 146
 17 149
 149 46
 46 150
 150 45
 45 151
 151 17
 149 150
 150 151
 151 149
 16 152
 152 47
 47 153
 153 46
 46 154
 154 16
 152 153
 153 154
 154 152
 150 153
 153 147
 147 150
 42 155
 155 49
 49 156
 156 9
 130 155
 155 156
 156 130
 15 157
 157 48
 48 158
 158 42
 157 158
 158 133
 133 157
 17 159
 159 49
 49 160
 160 48
 48 161
 161 17
 159 160
 160 161
 161 159
 158 160
 160 155
 155 158
 46 162
 162 44
 154 162
 162 141
 141 154
 48 163
 163 46
 161 163
 163 149
 149 161
 44 164
 164 48
 145 164
 164 157
 157 145
 163 164
 164 162
 162 163
 6 165
 165 50
 50 166
 166 45
 165 166
 166 146
 146 165
 18 167
 167 51
 51 168
 168 50
 50 169
 169 18
 167 168
 168 169
 169 167
 45 170
 170 51
 51 171
 171 17
 151 170
 170 171
 171 151
 168 170
 170 166
 166 168
 3 172
 172 52
 52 173
 173 54
 54 174
 174 3
 172 173
 173 174
 174 172
 19 175
 175 53
 53 176
 176 52
 52 177
 177 19
 175 176
 176 177
 177 175
 18 178
 178 54
 54 179
 179 53
 53 180
 180 18
 178 179
 179 180
 180 178
 176 179
 179 173
 173 176
 49 181
 181 56
 56 182
 182 9
 156 181
 181 182
 182 156
 17 183
 183 55
 55 184
 184 49
 183 184
 184 159
 159 183
 19 185
 185 56
 56 186
 186 55
 55 187
 187 19
 185 186
 186 187
 187 185
 184 186
 186 181
 181 184
 53 188
 188 51
 180 188
 188 167
 167 180
 55 189
 189 53
 187 189
 189 175
 175 187
 51 190
 190 55
 171 190
 190 183
 183 171
 189 190
 190 188
 188 189
 3 191
 191 57
 57 192
 192 52
 191 192
 192 172
 172 191
 20 193
 193 58
 58 194
 194 57
 57 195
 195 20
 193 194
 194 195
 195 193
 52 196
 196 58
 58 197
 197 19
 177 196
 196 197
 197 177
 194 196
 196 192
 192 194
 7 198
 198 59
 59 199
 199 61
 61 200
 200 7
 198 199
 199 200
 200 198
 21 201
 201 60
 60 202
 202 59
 59 203
 203 21
 201 202
 202 203
 203 201
 20 204
 204 61
 61 205
 205 60
 60 206
 206 20
 204 205
 205 206
 206 204
 202 205
 205 199
 199 202
 56 207
 207 63
 63 208
 208 9
 182 207
 207 208
 208 182
 19 209
 209 62
 62 210
 210 56
 209 210
 210 185
 185 209
 21 211
 211 63
 63 212
 212 62
 62 213
 213 21
 211 212
 212 213
 213 211
 210 212
 212 207
 207 210
 60 214
 214 58
 206 214
 214 193
 193 206
 62 215
 215 60
 213 215
 215 201
 201 213
 58 216
 216 62
 197 216
 216 209
 209 197
 215 216
 216 214
 214 215
 7 217
 217 64
 64 218
 218 59
 217 218
 218 198
 198 217
 22 219
 219 65
 65 220
 220 64
 64 221
 221 22
 219 220
 220 221
 221 219
 59 222
 222 65
 65 223
 223 21
 203 222
 222 223
 223 203
 220 222
 222 218
 218 220
 4 224
 224 66
 66 225
 225 68
 68 226
 226 4
 224 225
 225 226
 226 224
 23 227
 227 67
 67 228
 228 66
 66 229
 229 23
 227 228
 228 229
 229 227
 22 230
 230 68
 68 231
 231 67
 67 232
 232 22
 230 231
 231 232
 232 230
 228 231
 231 225
 225 228
 63 233
 233 70
 70 234
 234 9
 208 233
 233 234
 234 208
 21 235
 235 69
 69 236
 236 63
 235 236
 236 211
 211 235
 23 237
 237 70
 70 238
 238 69
 69 239
 239 23
 237 238
 238 239
 239 237
 236 238
 238 233
 233 236
 67 240
 240 65
 232 240
 240 219
 219 232
 69 241
 241 67
 239 241
 241 227
 227 239
 65 242
 242 69
 223 242
 242 235
 235 223
 241 242
 242 240
 240 241
 4 243
 243 71
 71 244
 244 66
 243 244
 244 224
 224 243
 24 245
 245 72
 72 246
 246 71
 71 247
 247 24
 245 246
 246 247
 247 245
 66 248
 248 72
 72 249
 249 23
 229 248
 248 249
 249 229
 246 248
 248 244
 244 246
 8 250
 250 73
 73 251
 251 75
 75 252
 252 8
 250 251
 251 252
 252 250
 25 253
 253 74
 74 254
 254 73
 73 255
 255 25
 253 254
 254 255
 255 253
 24 256
 256 75
 75 257
 257 74
 74 258
 258 24
 256 257
 257 258
 258 256
 254 257
 257 251
 251 254
 70 259
 259 77
 77 260
 260 9
 234 259
 259 260
 260 234
 23 261
 261 76
 76 262
 262 70
 261 262
 262 237
 237 261
 25 263
 263 77
 77 264
 264 76
 76 265
 265 25
 263 264
 264 265
 265 263
 262 264
 264 259
 259 262
 74 266
 266 72
 258 266
 266 245
 245 258
 76 267
 267 74
 265 267
 267 253
 253 265
 72 268
 268 76
 249 268
 268 261
 261 249
 267 268
 268 266
 266 267
 8 269
 269 78
 78 270
 270 73
 269 270
 270 250
 250 269
 26 271
 271 79
 79 272
 272 78
 78 273
 273 26
 271 272
 272 273
 273 271
 73 274
 274 79
 79 275
 275 25
 255 274
 274 275
 275 255
 272 274
 274 270
 270 272
 29 276
 276 81
 81 277
 277 1
 85 276
 276 277
 277 85
 13 278
 278 80
 80 279
 279 29
 278 279
 279 89
 89 278
 26 280
 280 81
 81 281
 281 80
 80 282
 282 26
 280 281
 281 282
 282 280
 279 281
 281 276
 276 279
 77 283
 283 33
 260 283
 283 101
 101 260
 25 284
 284 82
 82 285
 285 77
 284 285
 285 263
 263 284
 33 286
 286 82
 82 287
 287 13
 106 286
 286 287
 287 106
 285 286
 286 283
 283 285
 80 288
 288 79
 282 288
 288 271
 271 282
 82 289
 289 80
 287 289
 289 278
 278 287
 79 290
 290 82
 275 290
 290 284
 284 275
 289 290
 290 288
 288 289


