# Created by Octave 5.1.0, Mon Mar 30 21:18:40 2020 GMT <unknown@Thomas-PC>
# name: edges
# type: matrix
# rows: 17
# columns: 2
 1 5
 6 2
 2 7
 7 3
 3 8
 8 4
 4 9
 9 1
 1 10
 2 10
 3 10
 4 10
 5 10
 6 10
 7 10
 8 10
 9 10


# name: elements
# type: matrix
# rows: 8
# columns: 3
 1 5 10
 6 2 10
 2 7 10
 7 3 10
 3 8 10
 8 4 10
 4 9 10
 9 1 10


# name: level
# type: scalar
0


# name: name
# type: sq_string
# elements: 1
# length: 4
Riss


# name: noEdge
# type: scalar
17


# name: noElem
# type: scalar
8


# name: noVert
# type: scalar
10


# name: vertices
# type: matrix
# rows: 10
# columns: 2
 0 0
 1 0
 1 1
 0 1
 0.5 0
 0.5 0
 1 0.5
 0.5 1
 0 0.5
 0.5 0.5


