# Created by Octave 5.1.0, Mon Mar 30 21:20:02 2020 GMT <unknown@Thomas-PC>
# name: edges
# type: matrix
# rows: 56
# columns: 2
 1 11
 11 5
 5 12
 12 10
 10 13
 13 1
 11 12
 12 13
 13 11
 5 14
 14 2
 2 15
 15 10
 14 15
 15 12
 12 14
 2 16
 16 7
 7 17
 17 10
 16 17
 17 15
 15 16
 7 18
 18 3
 3 19
 19 10
 18 19
 19 17
 17 18
 3 20
 20 8
 8 21
 21 10
 20 21
 21 19
 19 20
 8 22
 22 4
 4 23
 23 10
 22 23
 23 21
 21 22
 4 24
 24 9
 9 25
 25 10
 24 25
 25 23
 23 24
 9 26
 26 1
 26 13
 13 25
 25 26


# name: elements
# type: matrix
# rows: 32
# columns: 3
 1 11 13
 5 12 11
 10 13 12
 11 12 13
 6 14 12
 2 15 14
 10 12 15
 14 15 12
 2 16 15
 7 17 16
 10 15 17
 16 17 15
 7 18 17
 3 19 18
 10 17 19
 18 19 17
 3 20 19
 8 21 20
 10 19 21
 20 21 19
 8 22 21
 4 23 22
 10 21 23
 22 23 21
 4 24 23
 9 25 24
 10 23 25
 24 25 23
 9 26 25
 1 13 26
 10 25 13
 26 13 25


# name: level
# type: scalar
1


# name: name
# type: sq_string
# elements: 1
# length: 4
Riss


# name: newVertInfo
# type: matrix
# rows: 16
# columns: 2
 1 5
 5 10
 10 1
 6 2
 2 10
 2 7
 7 10
 7 3
 3 10
 3 8
 8 10
 8 4
 4 10
 4 9
 9 10
 9 1


# name: noEdge
# type: scalar
56


# name: noElem
# type: scalar
32


# name: noVert
# type: scalar
26


# name: vertices
# type: matrix
# rows: 26
# columns: 2
 0 0
 1 0
 1 1
 0 1
 0.5 0
 0.5 0
 1 0.5
 0.5 1
 0 0.5
 0.5 0.5
 0.25 0
 0.5 0.25
 0.25 0.25
 0.75 0
 0.75 0.25
 1 0.25
 0.75 0.5
 1 0.75
 0.75 0.75
 0.75 1
 0.5 0.75
 0.25 1
 0.25 0.75
 0 0.75
 0.25 0.5
 0 0.25


