# Created by Octave 5.1.0, Mon Mar 30 21:20:07 2020 GMT <unknown@Thomas-PC>
# name: edges
# type: matrix
# rows: 208
# columns: 2
 1 27
 27 11
 11 28
 28 13
 13 29
 29 1
 27 28
 28 29
 29 27
 5 30
 30 12
 12 31
 31 11
 11 32
 32 5
 30 31
 31 32
 32 30
 10 33
 33 13
 13 34
 34 12
 12 35
 35 10
 33 34
 34 35
 35 33
 31 34
 34 28
 28 31
 5 36
 36 14
 14 37
 37 12
 36 37
 37 30
 30 36
 2 38
 38 15
 15 39
 39 14
 14 40
 40 2
 38 39
 39 40
 40 38
 12 41
 41 15
 15 42
 42 10
 35 41
 41 42
 42 35
 39 41
 41 37
 37 39
 2 43
 43 16
 16 44
 44 15
 43 44
 44 38
 38 43
 7 45
 45 17
 17 46
 46 16
 16 47
 47 7
 45 46
 46 47
 47 45
 15 48
 48 17
 17 49
 49 10
 42 48
 48 49
 49 42
 46 48
 48 44
 44 46
 7 50
 50 18
 18 51
 51 17
 50 51
 51 45
 45 50
 3 52
 52 19
 19 53
 53 18
 18 54
 54 3
 52 53
 53 54
 54 52
 17 55
 55 19
 19 56
 56 10
 49 55
 55 56
 56 49
 53 55
 55 51
 51 53
 3 57
 57 20
 20 58
 58 19
 57 58
 58 52
 52 57
 8 59
 59 21
 21 60
 60 20
 20 61
 61 8
 59 60
 60 61
 61 59
 19 62
 62 21
 21 63
 63 10
 56 62
 62 63
 63 56
 60 62
 62 58
 58 60
 8 64
 64 22
 22 65
 65 21
 64 65
 65 59
 59 64
 4 66
 66 23
 23 67
 67 22
 22 68
 68 4
 66 67
 67 68
 68 66
 21 69
 69 23
 23 70
 70 10
 63 69
 69 70
 70 63
 67 69
 69 65
 65 67
 4 71
 71 24
 24 72
 72 23
 71 72
 72 66
 66 71
 9 73
 73 25
 25 74
 74 24
 24 75
 75 9
 73 74
 74 75
 75 73
 23 76
 76 25
 25 77
 77 10
 70 76
 76 77
 77 70
 74 76
 76 72
 72 74
 9 78
 78 26
 26 79
 79 25
 78 79
 79 73
 73 78
 13 80
 80 26
 26 81
 81 1
 29 80
 80 81
 81 29
 25 82
 82 13
 77 82
 82 33
 33 77
 80 82
 82 79
 79 80


# name: elements
# type: matrix
# rows: 128
# columns: 3
 1 27 29
 11 28 27
 13 29 28
 27 28 29
 5 30 32
 12 31 30
 11 32 31
 30 31 32
 10 33 35
 13 34 33
 12 35 34
 33 34 35
 11 31 28
 12 34 31
 13 28 34
 31 34 28
 6 36 30
 14 37 36
 12 30 37
 36 37 30
 2 38 40
 15 39 38
 14 40 39
 38 39 40
 10 35 42
 12 41 35
 15 42 41
 35 41 42
 14 39 37
 15 41 39
 12 37 41
 39 41 37
 2 43 38
 16 44 43
 15 38 44
 43 44 38
 7 45 47
 17 46 45
 16 47 46
 45 46 47
 10 42 49
 15 48 42
 17 49 48
 42 48 49
 16 46 44
 17 48 46
 15 44 48
 46 48 44
 7 50 45
 18 51 50
 17 45 51
 50 51 45
 3 52 54
 19 53 52
 18 54 53
 52 53 54
 10 49 56
 17 55 49
 19 56 55
 49 55 56
 18 53 51
 19 55 53
 17 51 55
 53 55 51
 3 57 52
 20 58 57
 19 52 58
 57 58 52
 8 59 61
 21 60 59
 20 61 60
 59 60 61
 10 56 63
 19 62 56
 21 63 62
 56 62 63
 20 60 58
 21 62 60
 19 58 62
 60 62 58
 8 64 59
 22 65 64
 21 59 65
 64 65 59
 4 66 68
 23 67 66
 22 68 67
 66 67 68
 10 63 70
 21 69 63
 23 70 69
 63 69 70
 22 67 65
 23 69 67
 21 65 69
 67 69 65
 4 71 66
 24 72 71
 23 66 72
 71 72 66
 9 73 75
 25 74 73
 24 75 74
 73 74 75
 10 70 77
 23 76 70
 25 77 76
 70 76 77
 24 74 72
 25 76 74
 23 72 76
 74 76 72
 9 78 73
 26 79 78
 25 73 79
 78 79 73
 1 29 81
 13 80 29
 26 81 80
 29 80 81
 10 77 33
 25 82 77
 13 33 82
 77 82 33
 26 80 79
 13 82 80
 25 79 82
 80 82 79


# name: level
# type: scalar
2


# name: name
# type: sq_string
# elements: 1
# length: 4
Riss


# name: newVertInfo
# type: matrix
# rows: 56
# columns: 2
 1 11
 11 13
 13 1
 5 12
 12 11
 11 5
 10 13
 13 12
 12 10
 6 14
 14 12
 2 15
 15 14
 14 2
 12 15
 15 10
 2 16
 16 15
 7 17
 17 16
 16 7
 15 17
 17 10
 7 18
 18 17
 3 19
 19 18
 18 3
 17 19
 19 10
 3 20
 20 19
 8 21
 21 20
 20 8
 19 21
 21 10
 8 22
 22 21
 4 23
 23 22
 22 4
 21 23
 23 10
 4 24
 24 23
 9 25
 25 24
 24 9
 23 25
 25 10
 9 26
 26 25
 13 26
 26 1
 25 13


# name: noEdge
# type: scalar
208


# name: noElem
# type: scalar
128


# name: noVert
# type: scalar
82


# name: vertices
# type: matrix
# rows: 82
# columns: 2
 0 0
 1 0
 1 1
 0 1
 0.5 0
 0.5 0
 1 0.5
 0.5 1
 0 0.5
 0.5 0.5
 0.25 0
 0.5 0.25
 0.25 0.25
 0.75 0
 0.75 0.25
 1 0.25
 0.75 0.5
 1 0.75
 0.75 0.75
 0.75 1
 0.5 0.75
 0.25 1
 0.25 0.75
 0 0.75
 0.25 0.5
 0 0.25
 0.125 0
 0.25 0.125
 0.125 0.125
 0.5 0.125
 0.375 0.125
 0.375 0
 0.375 0.375
 0.375 0.25
 0.5 0.375
 0.625 0
 0.625 0.125
 0.875 0.125
 0.75 0.125
 0.875 0
 0.625 0.25
 0.625 0.375
 1 0.125
 0.875 0.25
 0.875 0.5
 0.875 0.375
 1 0.375
 0.75 0.375
 0.625 0.5
 1 0.625
 0.875 0.625
 0.875 0.875
 0.875 0.75
 1 0.875
 0.75 0.625
 0.625 0.625
 0.875 1
 0.75 0.875
 0.5 0.875
 0.625 0.875
 0.625 1
 0.625 0.75
 0.5 0.625
 0.375 1
 0.375 0.875
 0.125 0.875
 0.25 0.875
 0.125 1
 0.375 0.75
 0.375 0.625
 0 0.875
 0.125 0.75
 0.125 0.5
 0.125 0.625
 0 0.625
 0.25 0.625
 0.375 0.5
 0 0.375
 0.125 0.375
 0.125 0.25
 0 0.125
 0.25 0.375


