# Created by Octave 5.1.0, Mon Apr 20 19:28:57 2020 GMT <unknown@Thomas-PC>
# name: equilibriumConvergence
# type: matrix
# rows: 2
# columns: 1
 1.4017531098336762
 4.8534526425220431e-15


