# Created by Octave 5.1.0, Mon Apr 20 19:28:48 2020 GMT <unknown@Thomas-PC>
# name: equilibriumConvergence
# type: matrix
# rows: 2
# columns: 1
 2.0485412718843161
 2.4058006757097386e-15


