# Created by Octave 5.1.0, Mon Apr 20 19:28:57 2020 GMT <unknown@Thomas-PC>
# name: lambda_sol
# type: matrix
# rows: 9
# columns: 1
 0
 0
 0
 0
 0
 0
 0
 0
 0


