# Created by Octave 5.1.0, Mon Feb 24 21:39:38 2020 GMT <unknown@Thomas-PC>
# name: contactConvergence
# type: matrix
# rows: 4
# columns: 1
 0
 0
 0
 0


