# Created by Octave 5.1.0, Mon Feb 24 21:39:25 2020 GMT <unknown@Thomas-PC>
# name: equilibriumConvergence
# type: matrix
# rows: 5
# columns: 1
 3.8188130791298658
 0.53917085524522534
 0.010047732348209579
 3.1716921517839545e-06
 3.2302291426419064e-13


