# Created by Octave 5.1.0, Mon Feb 24 21:51:55 2020 GMT <unknown@Thomas-PC>
# name: equilibriumConvergence
# type: matrix
# rows: 5
# columns: 1
 0.42217614360589306
 0.030379697445781565
 0.00040936167950613507
 1.202811833895667e-07
 4.7112458856810777e-14


