# Created by Octave 5.1.0, Mon Feb 24 21:40:12 2020 GMT <unknown@Thomas-PC>
# name: equilibriumConvergence
# type: matrix
# rows: 4
# columns: 1
 1.1662380534502721
 0.045926350737143046
 0.00011822931721566369
 1.7532567733801738e-09


