# Created by Octave 5.1.0, Mon Feb 24 22:58:50 2020 GMT <unknown@Thomas-PC>
# name: equilibriumConvergence
# type: matrix
# rows: 5
# columns: 1
 0.2590590164098186
 0.038144588288672669
 0.0022443207404140835
 8.6224006768019176e-06
 1.2232220876981554e-10


