# Created by Octave 5.1.0, Mon Feb 24 21:42:32 2020 GMT <unknown@Thomas-PC>
# name: equilibriumConvergence
# type: matrix
# rows: 5
# columns: 1
 0.71086724928466016
 0.032618442853753649
 0.00015425115900061129
 8.1335171161542817e-09
 2.1953392751938598e-14


