# Created by Octave 5.1.0, Mon Feb 24 21:39:38 2020 GMT <unknown@Thomas-PC>
# name: equilibriumConvergence
# type: matrix
# rows: 4
# columns: 1
 1.7200559602938279
 0.076563533187090416
 0.00022171021571234706
 1.6671456993160462e-09


