# Created by Octave 5.1.0, Mon Feb 24 21:39:28 2020 GMT <unknown@Thomas-PC>
# name: equilibriumConvergence
# type: matrix
# rows: 5
# columns: 1
 2.2172252427141395
 0.10566340794231589
 0.00038494196189810536
 2.7428208283279235e-09
 4.4629819880989709e-15


