# Created by Octave 5.1.0, Mon Feb 24 21:39:25 2020 GMT <unknown@Thomas-PC>
# name: u_sol
# type: matrix
# rows: 18
# columns: 1
 0.021069584232014976
 -0.021069584232015024
 0
 0
 -2.6926406352022362e-17
 -0.040225803124148952
 0
 0.040225803124148925
 -7.5333474421714949e-18
 -0.24919007554074843
 -0.24919007554074846
 0
 0
 -0.22759608398186704
 -0.17028245233812478
 0
 -0.17028245233812475
 -0.17896132236441892


