# Created by Octave 5.1.0, Mon Feb 24 21:39:28 2020 GMT <unknown@Thomas-PC>
# name: u_sol
# type: matrix
# rows: 50
# columns: 1
 0.014702495970638869
 -0.014702495970638845
 0
 0
 1.1085885224642959e-17
 -0.04450871619941614
 0
 0.044508716199416133
 -1.327679973320645e-18
 0.0076724138474381287
 2.4034888908390969e-18
 0.012108722282177669
 -0.0076724138474381053
 -0.012108722282177665
 -0.025892330328152323
 -0.023632916884715572
 -0.057833948680090536
 -0.026028618192257574
 0
 -7.820403811354615e-18
 0
 0.026028618192257567
 0.057833948680090543
 0.023632916884715572
 0.025892330328152347
 -0.24935546669745784
 -0.24935546669745781
 0
 0
 -0.24785990499014529
 -0.1787318011867533
 0
 -0.17873180118675333
 -0.19309460507336051
 -0.2515514213972036
 -0.23555203590506801
 -0.23570539965973736
 -0.2515514213972036
 -0.23570539965973736
 -0.22811641094061574
 -0.18836838099825334
 -0.11380795315452799
 -0.10414064258740323
 0
 -0.10078200680510643
 0
 -0.10414064258740324
 -0.113807953154528
 -0.18836838099825337
 -0.22811641094061577


