# Created by Octave 5.1.0, Mon Feb 24 21:39:38 2020 GMT <unknown@Thomas-PC>
# name: u_sol
# type: matrix
# rows: 162
# columns: 1
 0.0074603244947143085
 -0.0074603244947142756
 0
 0
 1.6556951062361494e-17
 -0.047557013343291273
 0
 0.047557013343291307
 -1.6607226639296824e-19
 0.0038019093784129282
 1.4738220646081226e-17
 0.012545058664179419
 -0.0038019093784128991
 -0.012545058664179402
 -0.025101610501790446
 -0.025111307813586448
 -0.062319673907486856
 -0.029530684902301384
 0
 -2.1585092282074423e-18
 0
 0.029530684902301388
 0.062319673907486869
 0.025111307813586465
 0.025101610501790467
 0.0056652880302748686
 0.007588308500449923
 0.011198420175822659
 1.4915296297297022e-17
 0.0037612172728868193
 0.0019130605140863812
 0.0091508057762345468
 0.0062243840619571377
 9.1988856514705612e-18
 -0.0019130605140863547
 -0.0037612172728867942
 -0.011198420175822631
 -0.0075883085004498987
 -0.0056652880302748374
 -0.0062243840619571151
 -0.0091508057762345312
 -0.014821300911102916
 -0.018725553768705629
 -0.036788604074742853
 -0.027579444276633641
 -0.036637729069358513
 -0.018524374283368502
 -0.012761593236052356
 -0.057825830984001694
 -0.044607492435429864
 -0.03331530673207761
 -0.046281615634359438
 -0.054499009081478679
 -0.030010821444386836
 -0.015162062658996318
 0
 -0.02038154435159727
 1.1687245737130598e-18
 -0.0097733860238359699
 0
 -0.014464253703775902
 -1.1170414164331741e-18
 0
 0.0097733860238359734
 0.033315306732077617
 0.02038154435159727
 0
 0.0144642537037759
 0.015162062658996318
 0.054499009081478707
 0.046281615634359452
 0.036788604074742867
 0.044607492435429878
 0.057825830984001708
 0.03001082144438685
 0.012761593236052362
 0.036637729069358527
 0.027579444276633662
 0.01872555376870565
 0.014821300911102935
 0.018524374283368523
 -0.24682200973209312
 -0.24682200973209312
 0
 0
 -0.25885668282686553
 -0.18316780552215159
 0
 -0.18316780552215162
 -0.19867854530512577
 -0.25732308920751334
 -0.24526582292829371
 -0.24223788665090315
 -0.25732308920751334
 -0.24223788665090312
 -0.22914758913350933
 -0.19488314455836425
 -0.11579023353956623
 -0.10945941026236265
 0
 -0.10715346193527582
 0
 -0.10945941026236267
 -0.11579023353956623
 -0.19488314455836428
 -0.22914758913350933
 -0.25259125169109153
 -0.2533448373240888
 -0.24857226853675696
 -0.25586281691192986
 -0.25577278213143911
 -0.25966792761493812
 -0.22532979646337314
 -0.24467690223412572
 -0.22640976986051195
 -0.25966792761493807
 -0.25577278213143911
 -0.24857226853675696
 -0.2533448373240888
 -0.25259125169109153
 -0.24467690223412569
 -0.22532979646337314
 -0.24155999492328969
 -0.23738364287272481
 -0.19148925408204989
 -0.2184169876805015
 -0.20965193414407574
 -0.22299752511090642
 -0.19643117544137192
 -0.15325731024020645
 -0.15672883462483453
 -0.056045413417990873
 -0.11223376575159555
 -0.069016687914108671
 -0.15721686914066391
 -0.15711200771873784
 0
 -0.054582082308781928
 -0.053060529122115278
 -0.05431247658537619
 0
 -0.10850558103150076
 -0.15677334781140045
 0
 -0.05431247658537619
 -0.05604541341799088
 -0.054582082308781928
 0
 -0.10850558103150076
 -0.15711200771873784
 -0.069016687914108671
 -0.11223376575159556
 -0.19148925408204989
 -0.15672883462483456
 -0.15325731024020647
 -0.15721686914066391
 -0.19643117544137192
 -0.20965193414407574
 -0.21841698768050152
 -0.23738364287272484
 -0.24155999492328969
 -0.22299752511090645


