# Created by Octave 5.1.0, Mon Feb 24 21:40:12 2020 GMT <unknown@Thomas-PC>
# name: u_sol
# type: matrix
# rows: 578
# columns: 1
 0.0035915950416257137
 -0.0035915950416256824
 0
 0
 1.1970716102763205e-17
 -0.048819157844895378
 0
 0.048819157844895378
 4.7736930537208451e-18
 0.0017756110555647848
 9.7124368263330264e-18
 0.012822775198972914
 -0.001775611055564756
 -0.012822775198972895
 -0.024949495341482893
 -0.025643767567482382
 -0.064198805145756418
 -0.030849734899295725
 0
 3.9238535900172167e-19
 0
 0.030849734899295728
 0.064198805145756418
 0.025643767567482389
 0.02494949534148291
 0.0025520489289077041
 0.006989155278978712
 0.010244802248111883
 1.051222048217055e-17
 0.0035250424430550609
 0.00098117094726590652
 0.0096745388576589021
 0.0064750087960412667
 8.6903665133850588e-18
 -0.00098117094726588461
 -0.0035250424430550405
 -0.01024480224811186
 -0.0069891552789786869
 -0.0025520489289076755
 -0.0064750087960412485
 -0.0096745388576588865
 -0.013505072213388907
 -0.018893195020292269
 -0.037624598836794941
 -0.028235522920427247
 -0.037053020074872288
 -0.019184765126204938
 -0.013006501427179714
 -0.059197069585245093
 -0.045476599054657812
 -0.036452130852837737
 -0.047846008522012672
 -0.056798052207042538
 -0.030550155210945545
 -0.015321992366392864
 0
 -0.021794245810302319
 3.3685609774870593e-18
 -0.010301849420243491
 0
 -0.015040148902230384
 7.8769376917190577e-19
 0
 0.010301849420243491
 0.036452130852837737
 0.021794245810302319
 0
 0.015040148902230386
 0.015321992366392872
 0.056798052207042544
 0.047846008522012679
 0.037624598836794948
 0.045476599054657819
 0.059197069585245093
 0.030550155210945552
 0.013006501427179726
 0.037053020074872302
 0.028235522920427258
 0.018893195020292283
 0.013505072213388926
 0.019184765126204949
 0.0030472324721418764
 0.0062961782323435588
 0.0072442414805822383
 0.0043123844426788309
 0.0053201231445627415
 0.002144418017897018
 0.012168019265183693
 0.0086444723568469672
 0.0098264627734550164
 1.2115926029055111e-17
 0.0010812771305082043
 0.00050514817856939405
 0.002477590626925296
 0.0017539157160146978
 1.0321163793652666e-17
 0.0013984431279138727
 0.0021861374623334362
 0.0032677949314790611
 0.0056286865766094945
 0.004825580816677796
 5.8647539453522531e-18
 0.0096797091196517259
 0.0080525537959066813
 0.012042037589105867
 8.9913047494594204e-18
 0.0040250087920758156
 0.0032379800850975493
 0.0052782747292468681
 0.0049605949498006119
 0.0074191645879718698
 -0.00050514817856936586
 -0.0010812771305081798
 -0.0032677949314790398
 -0.0021861374623334141
 -0.0013984431279138513
 -0.0017539157160146757
 -0.0024775906269252734
 -0.0072442414805822123
 -0.0062961782323435337
 -0.0030472324721418417
 -0.0098264627734549938
 -0.0086444723568469446
 -0.012168019265183672
 -0.0021444180178969889
 -0.0053201231445627146
 -0.0043123844426788058
 -0.0048255808166777778
 -0.0056286865766094797
 -0.003237980085097529
 -0.0040250087920757974
 -0.012042037589105849
 -0.008052553795906664
 -0.0096797091196517034
 -0.0052782747292468447
 -0.0074191645879718481
 -0.0049605949498005902
 -0.0082405710912772084
 -0.011825903095676937
 -0.021883825617242961
 -0.016732954361134905
 -0.019105858482907138
 -0.014453334975150632
 -0.01588960706252146
 -0.043303666295558325
 -0.038043501456461501
 -0.043094301773270331
 -0.027789727822437767
 -0.032977529999992324
 -0.031734785884819997
 -0.030961835794849246
 -0.032633180821454708
 -0.027210598644734265
 -0.011331958493421234
 -0.0065371159561138075
 -0.015955834278513645
 -0.014479633165258458
 -0.019387113039420471
 -0.016952081278544702
 -0.022446248994473714
 -0.023510339398528934
 -0.023767700777805496
 -0.019774791080476022
 -0.05445844927057019
 -0.048358972542469958
 -0.055451712167639881
 -0.052549592119130767
 -0.062660156966068317
 -0.041960590954264736
 -0.035301069354784304
 -0.028645924315417893
 -0.046360431056246591
 -0.042953652625261664
 -0.039238021551247032
 -0.044734942458565317
 -0.035884733044556714
 -0.062800596771047712
 -0.05400833775684704
 -0.056336982402312726
 -0.01439271522784143
 -0.0072759445020847222
 -0.028443313303725088
 -0.021455727245714838
 -0.023517555939200623
 -0.022939286667684317
 -0.031540458192506962
 -0.04769169767581162
 -0.039644747474856537
 -0.038098363531781219
 0
 -0.021536576530580807
 -0.012507024385552049
 -0.016541755123870988
 0
 -0.028518114272310394
 -0.027804850383756474
 -8.3326222551468365e-19
 -0.002850554387565239
 0
 -0.0066059040965514588
 -0.0050770015419683871
 4.6087354645327582e-19
 0
 -0.0058289694773597288
 -0.0090067611442909701
 -0.0076901501285598587
 3.6991724647966937e-18
 -0.022798193753795309
 -0.015614406518982379
 1.3673110520923232e-18
 -0.0077979017834594036
 -0.0074789588146346123
 -0.015813681008735123
 -0.013340441483804805
 -0.020352179287509462
 0
 0.0028505543875652455
 0.0090067611442909701
 0.0058289694773597297
 0
 0.0050770015419683888
 0.0066059040965514597
 0.0286459243154179
 0.021536576530580807
 0
 0.027804850383756474
 0.028518114272310394
 0.035884733044556714
 0
 0.016541755123870988
 0.012507024385552045
 0.0076901501285598639
 0.0072759445020847318
 0.0074789588146346158
 0.0077979017834594062
 0.023517555939200629
 0.015614406518982382
 0.022798193753795312
 0.015813681008735123
 0.020352179287509462
 0.013340441483804808
 0.042953652625261671
 0.046360431056246591
 0.056336982402312739
 0.054008337756847047
 0.062800596771047726
 0.044734942458565317
 0.039238021551247032
 0.043303666295558332
 0.048358972542469965
 0.054458449270570197
 0.03530106935478431
 0.041960590954264743
 0.03173478588482001
 0.062660156966068331
 0.052549592119130767
 0.055451712167639888
 0.014392715227841435
 0.0065371159561138214
 0.031540458192506962
 0.022939286667684328
 0.019387113039420482
 0.021455727245714852
 0.028443313303725098
 0.047691697675811627
 0.038098363531781226
 0.039644747474856544
 0.043094301773270345
 0.038043501456461515
 0.027210598644734279
 0.032633180821454721
 0.030961835794849263
 0.03297752999999233
 0.027789727822437778
 0.011825903095676955
 0.0082405710912772327
 0.015889607062521474
 0.014453334975150649
 0.019105858482907155
 0.016732954361134922
 0.021883825617242975
 0.011331958493421246
 0.022446248994473728
 0.016952081278544709
 0.014479633165258467
 0.015955834278513659
 0.023510339398528951
 0.019774791080476035
 0.02376770077780551
 -0.24479650127556715
 -0.24479650127556712
 0
 0
 -0.26376367448243082
 -0.18547241380482982
 0
 -0.18547241380482982
 -0.20010507183141008
 -0.25966610972532328
 -0.24902153708610539
 -0.24494730506445223
 -0.25966610972532328
 -0.2449473050644522
 -0.22950398151416626
 -0.1974871198407028
 -0.11650479674833737
 -0.11167245592007566
 0
 -0.1100071232441477
 0
 -0.11167245592007566
 -0.11650479674833739
 -0.1974871198407028
 -0.22950398151416626
 -0.2532339783946006
 -0.25601473483628512
 -0.24977643903424568
 -0.26034966263606102
 -0.2594493939312485
 -0.26325667310590783
 -0.228231856097485
 -0.24807626580189443
 -0.22912968962613089
 -0.26325667310590783
 -0.2594493939312485
 -0.24977643903424565
 -0.25601473483628512
 -0.2532339783946006
 -0.24807626580189443
 -0.228231856097485
 -0.24066775458769479
 -0.23905103534013311
 -0.19394758447706675
 -0.22055217830759086
 -0.21114998183051442
 -0.22569101533253805
 -0.19892510283525877
 -0.15442570250941123
 -0.15878199467963847
 -0.058295819082335928
 -0.11396740668062967
 -0.070669040954109613
 -0.1595801780535844
 -0.15952986668074282
 0
 -0.055938715615537149
 -0.0550364082472889
 -0.055553399113668231
 0
 -0.11067549611849639
 -0.15936634536954752
 0
 -0.055553399113668238
 -0.058295819082335935
 -0.055938715615537156
 0
 -0.11067549611849639
 -0.15952986668074282
 -0.070669040954109627
 -0.11396740668062968
 -0.19394758447706678
 -0.15878199467963847
 -0.15442570250941123
 -0.1595801780535844
 -0.19892510283525877
 -0.21114998183051445
 -0.22055217830759086
 -0.23905103534013314
 -0.24066775458769482
 -0.22569101533253808
