# Created by Octave 5.1.0, Mon Feb 24 21:42:32 2020 GMT <unknown@Thomas-PC>
# name: u_sol
# type: matrix
# rows: 2178
# columns: 1
 0.0021307961299747717
 -0.0021307961299747678
 0
 0
 1.0932643629289294e-18
 -0.049213075764970964
 0
 0.049213075764970964
 -2.5486349335011229e-19
 0.0011287690953975097
 -7.9118596897635545e-19
 0.012928054621010985
 -0.0011287690953975065
 -0.012928054621010984
 -0.024954522625536858
 -0.025795805718866631
 -0.064891992036651427
 -0.031301321434846228
 0
 -4.1760525485691003e-19
 0
 0.031301321434846228
 0.064891992036651427
 0.025795805718866627
 0.024954522625536862
 0.0014787535064589067
 0.0068017484145486192
 0.0099748152552972986
 7.1494767128262416e-19
 0.0034524072655883423
 0.00067246575426126187
 0.009841416815178184
 0.0065601405902646678
 -9.180033519702071e-19
 -0.00067246575426125851
 -0.003452407265588341
 -0.0099748152552972952
 -0.0068017484145486166
 -0.0014787535064589006
 -0.0065601405902646686
 -0.009841416815178184
 -0.013144405001610713
 -0.01898658671395018
 -0.03788120062143336
 -0.028468656300121076
 -0.037212351255655564
 -0.019406312948437733
 -0.013061613721968618
 -0.059598130977208702
 -0.045735361061747234
 -0.037601284565595278
 -0.048417787302157074
 -0.057799016053075788
 -0.030731290648463253
 -0.015377609446261896
 0
 -0.022358189292221095
 1.5829208617935408e-18
 -0.010527508292047127
 0
 -0.015260039436304216
 3.3166025670788389e-19
 0
 0.010527508292047127
 0.037601284565595278
 0.022358189292221095
 0
 0.015260039436304215
 0.015377609446261894
 0.057799016053075788
 0.048417787302157074
 0.03788120062143336
 0.045735361061747234
 0.059598130977208702
 0.030731290648463253
 0.013061613721968618
 0.037212351255655564
 0.028468656300121076
 0.01898658671395018
 0.013144405001610713
 0.019406312948437733
 0.0017445747131715041
 0.0056866595570994544
 0.0065622674116558467
 0.0039084484317708839
 0.0048071656486300147
 0.0012970494804137225
 0.012135351053110319
 0.0084084419912001749
 0.0098095493261090693
 8.0002683018735127e-19
 0.0010045376433593367
 0.00036098823905089298
 0.0024952744098573187
 0.0017289279223362474
 1.2433200236426401e-18
 0.00092742286148203698
 0.0020066032863008034
 0.0029768595466192539
 0.0057470159467956812
 0.00493322746485145
 -4.3943262915815729e-19
 0.0097800323078834541
 0.0081893131256983165
 0.012209598220186253
 -9.4055512643701335e-19
 0.0041081721037264721
 0.0032912373430929831
 0.0051481816568229016
 0.0049761103145602526
 0.0074203797344336532
 -0.0003609882390508913
 -0.001004537643359335
 -0.0029768595466192513
 -0.0020066032863008021
 -0.00092742286148203448
 -0.0017289279223362461
 -0.0024952744098573191
 -0.0065622674116558423
 -0.0056866595570994509
 -0.0017445747131714998
 -0.0098095493261090676
 -0.0084084419912001697
 -0.012135351053110316
 -0.0012970494804137186
 -0.0048071656486300103
 -0.0039084484317708805
 -0.00493322746485145
 -0.0057470159467956821
 -0.0032912373430929848
 -0.0041081721037264738
 -0.012209598220186252
 -0.0081893131256983182
 -0.0097800323078834524
 -0.0051481816568229007
 -0.0074203797344336514
 -0.0049761103145602517
 -0.0074875094020522984
 -0.011528859079086675
 -0.02194800020441167
 -0.016661560881601659
 -0.018973198130970419
 -0.014406933853255874
 -0.015993459702827045
 -0.043620686529939036
 -0.038304869229595973
 -0.043321308493862551
 -0.028034138455785906
 -0.033239775874275304
 -0.03193801853552624
 -0.031055343046111374
 -0.032843353132983338
 -0.027360502171897137
 -0.011483099801640828
 -0.0065544147396303888
 -0.016139504352127586
 -0.014678657963849493
 -0.01948909290381998
 -0.01713514072136927
 -0.022662147810637731
 -0.023690285901596966
 -0.024002344925792729
 -0.019963675198702392
 -0.054802289966177573
 -0.04861399814255208
 -0.055882258101934902
 -0.052853537016277645
 -0.063186785827106337
 -0.042172096560244773
 -0.035477596585065767
 -0.03042561521307538
 -0.047443630815778834
 -0.043821303518722828
 -0.039763091528154278
 -0.045550186821932688
 -0.036634771183475488
 -0.063672222387370733
 -0.05485629247040083
 -0.056955202632986944
 -0.014411248327912367
 -0.0072346079761495437
 -0.028578343237877713
 -0.021537674124464123
 -0.023739365776149816
 -0.023063206320677977
 -0.031832990268464839
 -0.048074578071912004
 -0.039987701516450119
 -0.038322026225291399
 0
 -0.022387886961699317
 -0.012776020834831085
 -0.016998507146374693
 0
 -0.029354403772771216
 -0.028395505947390733
 2.7462505242027045e-18
 -0.0029148294699434273
 0
 -0.0067304087009811631
 -0.005187874413267176
 -4.4301717444988546e-19
 0
 -0.0059403888647306599
 -0.0091769026360874265
 -0.0076928447841583892
 -2.8804433408351744e-19
 -0.023140495463276643
 -0.015751116221547869
 6.4903489666624107e-21
 -0.0078534662455534126
 -0.0075806279908180035
 -0.016181546770425378
 -0.013602896885657275
 -0.020770581047930815
 0
 0.0029148294699434326
 0.0091769026360874247
 0.0059403888647306616
 0
 0.0051878744132671769
 0.0067304087009811622
 0.03042561521307538
 0.022387886961699317
 0
 0.028395505947390733
 0.029354403772771216
 0.036634771183475495
 0
 0.016998507146374693
 0.012776020834831082
 0.0076928447841583874
 0.0072346079761495419
 0.0075806279908180001
 0.0078534662455534091
 0.023739365776149813
 0.015751116221547862
 0.023140495463276643
 0.016181546770425378
 0.020770581047930815
 0.013602896885657275
 0.043821303518722828
 0.047443630815778834
 0.056955202632986944
 0.05485629247040083
 0.063672222387370733
 0.045550186821932688
 0.039763091528154285
 0.043620686529939036
 0.048613998142552073
 0.054802289966177573
 0.035477596585065767
 0.042172096560244773
 0.03193801853552624
 0.063186785827106323
 0.052853537016277645
 0.055882258101934902
 0.014411248327912365
 0.0065544147396303888
 0.031832990268464839
 0.023063206320677973
 0.01948909290381998
 0.021537674124464123
 0.028578343237877713
 0.048074578071912004
 0.038322026225291399
 0.039987701516450119
 0.043321308493862551
 0.038304869229595973
 0.027360502171897137
 0.032843353132983338
 0.031055343046111374
 0.033239775874275297
 0.028034138455785902
 0.011528859079086677
 0.0074875094020523001
 0.015993459702827045
 0.014406933853255879
 0.018973198130970419
 0.016661560881601662
 0.021948000204411674
 0.011483099801640828
 0.022662147810637728
 0.01713514072136927
 0.014678657963849493
 0.016139504352127586
 0.023690285901596969
 0.019963675198702392
 0.024002344925792729
 0.0019292000693636872
 0.004142197599042695
 0.0044331043281485736
 0.0035807517384552948
 0.0038574457127083257
 0.0015962716905881427
 0.0084183637002798739
 0.0061239120515206233
 0.0078145932688820433
 0.0025041505288422292
 0.0027762805418289674
 0.0012147869596209374
 0.0059718473877900437
 0.0043611789377004922
 0.0053409061164586763
 0.0013822449622452289
 0.0030438816898964408
 0.0033107039295319943
 0.012711174687791156
 0.010980315070670635
 0.011355681462324156
 0.0091956639977980436
 0.010255207940688823
 0.011218142986679721
 0.0082913164265102767
 0.009280076239883004
 0.0076108535990473715
 0.0052483367776288582
 0.0065935680428618566
 0.0072072474376590574
 -1.217290284349624e-19
 0.00033053773080934067
 0.00018355724427020009
 0.00067839772241389028
 0.00049940708138335643
 1.1893963169193941e-18
 0.00052373271773463654
 0.00066765048574291355
 0.00099972286489853016
 0.0014459486143620266
 0.0012481764653862685
 -1.8631445745048229e-19
 0.0025928435141395522
 0.0021078544485749941
 0.0031594215928244461
 3.3246335628785834e-19
 0.0010539445114441752
 0.00086375893599020554
 0.001034065562689608
 0.0019349515834740396
 0.0022244333652975392
 0.0013225389766715093
 0.0016344463474453393
 0.00080707923161007838
 0.0033879925146288884
 0.0024964942436690308
 0.0027182042171533275
 0.0013601744498180999
 0.0020413540026087292
 0.0015084396233027585
 0.0030621601999911373
 0.0028688015419324497
 -2.838212606750083e-19
 0.0073932872241011562
 0.005342748313714083
 0.0080106246881854765
 -9.8962853693845317e-19
 0.0026702953511743947
 0.0024671103290153261
