# Created by Octave 5.1.0, Fri Mar 27 14:12:05 2020 GMT <unknown@Thomas-PC>
# name: contactConvergence
# type: matrix
# rows: 2
# columns: 1
 4.5759537619583543
 1.4565220060074469e-17


