# Created by Octave 5.1.0, Fri Mar 27 20:53:41 2020 GMT <unknown@Thomas-PC>
# name: contactConvergence
# type: matrix
# rows: 3
# columns: 1
 0
 0.78521123774103163
 7.7688589700029262e-17


