# Created by Octave 5.1.0, Fri Mar 27 14:11:52 2020 GMT <unknown@Thomas-PC>
# name: contactConvergence
# type: matrix
# rows: 3
# columns: 1
 5.1729401961433261
 3.8391734348927904
 3.3470077925419294e-18


