# Created by Octave 5.1.0, Fri Mar 27 14:11:52 2020 GMT <unknown@Thomas-PC>
# name: equilibriumConvergence
# type: matrix
# rows: 3
# columns: 1
 7.5305732759044384
 3.3688895868503311e-15
 2.7655993533693392e-15


