# Created by Octave 5.1.0, Fri Mar 27 20:53:41 2020 GMT <unknown@Thomas-PC>
# name: equilibriumConvergence
# type: matrix
# rows: 3
# columns: 1
 12.259007250187048
 7.7626842311126893e-15
 5.0782618250723664e-15


