# Created by Octave 5.1.0, Fri Mar 27 14:12:05 2020 GMT <unknown@Thomas-PC>
# name: equilibriumConvergence
# type: matrix
# rows: 2
# columns: 1
 5.0544826917929822
 6.858761394632607e-15


