# Created by Octave 5.1.0, Fri Mar 27 20:53:41 2020 GMT <unknown@Thomas-PC>
# name: lambda_sol
# type: matrix
# rows: 3
# columns: 1
 -4.965998341740705
 -20.336861203978525
 0


