# Created by Octave 5.1.0, Fri Mar 27 14:11:52 2020 GMT <unknown@Thomas-PC>
# name: lambda_sol
# type: matrix
# rows: 5
# columns: 1
 0
 -15.300645277679136
 -21.747760631143997
 -0.93718364813885191
 0


