# Created by Octave 5.1.0, Fri Mar 27 14:12:05 2020 GMT <unknown@Thomas-PC>
# name: lambda_sol
# type: matrix
# rows: 9
# columns: 1
 0
 -3.419149296204627
 -17.279045376252402
 -25.497102551543129
 -20.502562612272072
 -4.2549144958993725
 0
 0
 0


