# Created by Octave 5.1.0, Fri Mar 27 20:53:41 2020 GMT <unknown@Thomas-PC>
# name: u_sol
# type: matrix
# rows: 18
# columns: 1
 -0.26855609345907372
 -0.029715855588399842
 0
 0
 -0.11435076341351802
 -0.14549095375319612
 0
 -0.067618327400513267
 -0.16221439325202253
 -0.55118853845148119
 -0.096134650284138479
 0
 0
 -0.038429980177443701
 -0.13346421005369258
 0
 -0.38970007690381803
 -0.41749537945017434


