# Created by Octave 5.1.0, Fri Mar 27 14:11:52 2020 GMT <unknown@Thomas-PC>
# name: u_sol
# type: matrix
# rows: 50
# columns: 1
 -0.31260215483605736
 0.079421697066588082
 0
 0
 -0.094843119938368303
 -0.074189713837419222
 0
 0.0056966154583144787
 -0.053208956621626939
 -0.28955085441120193
 -0.04833124723673473
 -0.13747030934132468
 0.063984866498150189
 -0.0079973544669882692
 -0.0094979183101436687
 -0.069372002806186661
 -0.1149036718211669
 -0.096053926617626018
 0
 -0.059986159286037073
 0
 0.021748450358881906
 0.092055798711654827
 -0.024341856059575211
 -0.13835085612476919
 -0.40268312744758744
 -0.11566321190162435
 0
 0
 -0.074852678295443648
 -0.10812553895198077
 0
 -0.34382328641134569
 -0.46400630444277291
 -0.28778546741819727
 -0.40799357997681163
 -0.47191084616042506
 -0.17681473254053526
 -0.21254465260947208
 -0.11811459891919418
 -0.19318548971142724
 -0.079646722411090276
 -0.11455565804984492
 0
 -0.27388626611815831
 0
 -0.28728998258058813
 -0.23780696111962218
 -0.45085667925521888
 -0.4048126686978657


