# Created by Octave 5.1.0, Fri Mar 27 14:12:05 2020 GMT <unknown@Thomas-PC>
# name: u_sol
# type: matrix
# rows: 162
# columns: 1
 -0.16965066685873861
 0.29772119001097352
 0
 0
 0.11805422978468222
 0.067075610717697839
 0
 0.15729306253090089
 0.12028661852102171
 -0.12803513630904176
 0.17838621681408201
 0.054017667800752484
 0.2840456760111314
 0.20015409422284597
 0.1899517595709504
 0.080298122048803655
 -0.039978075935992882
 -0.032960660042378118
 0
 0.0038057321293072724
 0
 0.10137749496960402
 0.18763991441180899
 0.13718377981883548
 0.020854598212332792
 -0.1631433239233176
 -0.031864157575149238
 -0.071499382178398019
 0.17223572289326994
 0.063193729460492731
 -0.012475142279624235
 0.13847668899734389
 0.11646532588036823
 0.16065030870860594
 0.24277615600673147
 0.22893798519389305
 0.24656116021547952
 0.24490176573693012
 0.29607108975326474
 0.1994274946280139
 0.1555382949252202
 0.2449294314274498
 0.19486625054927109
 0.070759754413025761
 0.13501582429309791
 0.12859136336068994
 0.14445814922337169
 0.096553168818556329
 0.0038140093056806407
 0.006623798236885331
 -0.043278290807266466
 -0.037910390010261225
 -0.047182370563263631
 0.015055228988672439
 0.030251392928564033
 0
 -0.044447606358804688
 -0.030033003339202207
 -0.043370355284823435
 0
 -0.022520770167603295
 0.061185057798371759
 0
 0.010124193383564819
 0.091503114067029809
 0.054525958756940482
 0
 0.053694741252550054
 0.10301431338798181
 0.14473074835313973
 0.14665606566056158
 0.15048968097145954
 0.16390907640995961
 0.18925566311446734
 0.13269495436240555
 0.13057726293609007
 0.10610227148573095
 0.10483040529920887
 0.027701633132794945
 -0.081303103926469861
 0.11108398212681189
 -0.3470590692858278
 -0.05833627139922555
 0
 0
 -0.092078097952367557
 -0.026741470610316731
 0
 -0.36984764259762948
 -0.4418086961443729
 -0.22077448103694386
 -0.40808390542360895
 -0.46507913322892003
 -0.16845345953187391
 -0.18150221905058253
 -0.047570267177921413
 -0.15303274658075661
 -0.019080857983329362
 -0.084726095938496213
 0
 -0.26537690978512057
 0
 -0.30603375282733047
 -0.27327809109036549
 -0.47891255209409411
 -0.37463261698169054
 -0.35951133605603619
 -0.37305962988286345
 -0.40553100052321023
 -0.29619351970639274
 -0.33814326087825863
 -0.11101275710962019
 -0.51914214637585865
 -0.46781140730953547
 -0.45091698056487056
 -0.17025671720529853
 -0.23246947844757332
 -0.11465016075607054
 -0.17821872383410861
 -0.11497140370919889
 -0.27020175638115601
 -0.27909954791651509
 -0.055601186840873326
 -0.10938436832860809
 -0.083452987539350681
 -0.098518489078281313
 -0.036377902052160391
 -0.17335023829002635
 -0.25825352529714068
 -0.020349130653313452
 -0.066001799683029216
 -0.023212225513328896
 -0.045999934268558994
 -0.017530723831107473
 -0.12289314002809545
 -0.21355624126965145
 0
 -0.042908442443169256
 -0.1402688420746252
 -0.076664074752026884
 0
 -0.14982354000915304
 -0.36778837644895762
 0
 -0.17145040947887841
 -0.14314516641525751
 -0.16132169175016381
 0
 -0.32293239648330535
 -0.43886325033612894
 -0.16743028099888849
 -0.27592488100375928
 -0.42443455768066346
 -0.36989406529143209
 -0.33988098931106492
 -0.41522749267406134
 -0.50537174964913478
 -0.38222134399100682
 -0.44813024642755456
 -0.43962882879660242
 -0.35856984642651285
 -0.49915024536667374


