# Created by Octave 5.1.0, Sat Feb 15 14:43:26 2020 GMT <unknown@Thomas-PC>
# name: contactConvergence
# type: matrix
# rows: 3
# columns: 1
 0.1799426899119205
 0.25167908534994649
 8.1017522766525706e-19


