# Created by Octave 5.1.0, Tue Apr 21 17:24:45 2020 GMT <unknown@Thomas-PC>
# name: contactConvergence
# type: matrix
# rows: 2
# columns: 1
 1.7887078109924643
 5.3590956961196173e-18


