# Created by Octave 5.1.0, Tue Apr 21 17:26:11 2020 GMT <unknown@Thomas-PC>
# name: contactConvergence
# type: matrix
# rows: 2
# columns: 1
 0.82378491231874007
 1.3345463342627456e-18


