# Created by Octave 5.1.0, Tue Apr 21 17:32:07 2020 GMT <unknown@Thomas-PC>
# name: contactConvergence
# type: matrix
# rows: 4
# columns: 1
 0.35451437850729267
 0.17725718925364634
 0.21360174695134315
 1.4944814985037887e-18


