# Created by Octave 5.1.0, Sat Feb 15 13:54:39 2020 GMT <unknown@Thomas-PC>
# name: contactConvergence
# type: matrix
# rows: 2
# columns: 1
 0.40655742762637814
 1.2178706661699712e-18


