# Created by Octave 5.1.0, Tue Apr 21 17:25:04 2020 GMT <unknown@Thomas-PC>
# name: contactConvergence
# type: matrix
# rows: 2
# columns: 1
 0.77906768050096142
 5.6845701105286286e-18


