# Created by Octave 5.1.0, Sat Feb 15 13:54:39 2020 GMT <unknown@Thomas-PC>
# name: equilibriumConvergence
# type: matrix
# rows: 2
# columns: 1
 0.34360993709912696
 1.0023354557580815e-12


