# Created by Octave 5.1.0, Tue Apr 21 17:32:07 2020 GMT <unknown@Thomas-PC>
# name: equilibriumConvergence
# type: matrix
# rows: 4
# columns: 1
 0.5798681455670438
 0.28993407278352235
 0.2174505545876417
 1.644574443084817e-14


