# Created by Octave 5.1.0, Tue Apr 21 17:24:45 2020 GMT <unknown@Thomas-PC>
# name: equilibriumConvergence
# type: matrix
# rows: 2
# columns: 1
 2.458509488766139
 1.5211624608150493e-15


