# Created by Octave 5.1.0, Tue Apr 21 17:24:39 2020 GMT <unknown@Thomas-PC>
# name: equilibriumConvergence
# type: matrix
# rows: 3
# columns: 1
 3.8188130791298733
 1.7892964204162132e-15
 1.01981291323914e-15


