# Created by Octave 5.1.0, Sat Feb 15 14:43:26 2020 GMT <unknown@Thomas-PC>
# name: equilibriumConvergence
# type: matrix
# rows: 3
# columns: 1
 0.19467164405135437
 1.561445550651094e-11
 1.5690355717557482e-12


