# Created by Octave 5.1.0, Tue Apr 21 17:25:04 2020 GMT <unknown@Thomas-PC>
# name: equilibriumConvergence
# type: matrix
# rows: 2
# columns: 1
 1.6486237839595121
 2.8694688301539011e-15


