# Created by Octave 5.1.0, Tue Apr 21 17:26:11 2020 GMT <unknown@Thomas-PC>
# name: equilibriumConvergence
# type: matrix
# rows: 2
# columns: 1
 0.97386643111513949
 7.9657640662588638e-15


