# Created by Octave 5.1.0, Tue Apr 21 17:24:45 2020 GMT <unknown@Thomas-PC>
# name: lambda_sol
# type: matrix
# rows: 5
# columns: 1
 0
 -0.21702881757292758
 -6.2693152184265895
 -0.21702881757292758
 0


