# Created by Octave 5.1.0, Tue Apr 21 17:25:04 2020 GMT <unknown@Thomas-PC>
# name: lambda_sol
# type: matrix
# rows: 9
# columns: 1
 0
 0
 0
 -4.0925172211456191
 -5.5526899470960469
 -4.0925172211456182
 0
 0
 0


