# Created by Octave 5.1.0, Tue Apr 21 17:26:11 2020 GMT <unknown@Thomas-PC>
# name: lambda_sol
# type: matrix
# rows: 17
# columns: 1
 0
 0
 0
 0
 0
 -1.612597187399361
 -4.1990564198770315
 -5.0213674207486809
 -5.4383789460049146
 -5.0213674207486809
 -4.1990564198770306
 -1.6125971873993601
 0
 0
 0
 0
 0


