# Created by Octave 5.1.0, Tue Apr 21 17:32:07 2020 GMT <unknown@Thomas-PC>
# name: lambda_sol
# type: matrix
# rows: 33
# columns: 1
 0
 0
 0
 0
 0
 0
 0
 0
 0
 0
 -1.9663668137085488
 -3.31523938267576
 -4.0687435360809827
 -4.6238938253393451
 -5.0098690370037158
 -5.2220113218071669
 -5.4081800401574522
 -5.2220113218071633
 -5.0098690370037158
 -4.6238938253393602
 -4.0687435360809676
 -3.3152393826757689
 -1.9663668137085404
 0
 0
 0
 0
 0
 0
 0
 0
 0
 0


