# Created by Octave 5.1.0, Sat Feb 15 13:54:39 2020 GMT <unknown@Thomas-PC>
# name: lambda_sol
# type: matrix
# rows: 65
# columns: 1
 0
 0
 0
 0
 0
 0
 0
 0
 0
 0
 0
 0
 0
 0
 0
 0
 0
 0
 0
 -0.81743187237974579
 -2.1294968746442375
 -2.7439253965230543
 -3.2332710610673581
 -3.6513383165066293
 -4.0142278965834883
 -4.3289239341099863
 -4.5989251231675938
 -4.8259587219583375
 -5.0107182539600945
 -5.1532301863607977
 -5.2529709295059259
 -5.3084980490427718
 -5.3905844863168157
 -5.3084980490422637
 -5.2529709295048903
 -5.153230186359238
 -5.0107182539581068
 -4.8259587219559101
 -4.5989251231648307
 -4.3289239341069115
 -4.0142278965801852
 -3.6513383165030935
 -3.2332710610635615
 -2.7439253965188617
 -2.1294968746390985
 -0.81743187236691062
 0
 0
 0
 0
 0
 0
 0
 0
 0
 0
 0
 0
 0
 0
 0
 0
 0
 0
 0


