# Created by Octave 5.1.0, Sat Feb 15 14:43:26 2020 GMT <unknown@Thomas-PC>
# name: lambda_sol
# type: matrix
# rows: 129
# columns: 1
 0
 0
 0
 0
 0
 0
 0
 0
 0
 0
 0
 0
 0
 0
 0
 0
 0
 0
 0
 0
 0
 0
 0
 0
 0
 0
 0
 0
 0
 0
 0
 0
 0
 0
 0
 0
 0
 0
 -1.1048821474648629
 -1.7003469836251195
 -2.0884450689119096
 -2.415679849131815
 -2.7056573388758203
 -2.9680682669202993
 -3.20836045478947
 -3.4300426477095911
 -3.635512883489568
 -3.8264592738271261
 -4.0040897710929233
 -4.1692761784099783
 -4.3226491737585651
 -4.4646632758469122
 -4.5956425395338698
 -4.7158134904449529
 -4.8253293641030819
 -4.9242882423717047
 -5.0127467505811332
 -5.0907303488814319
 -5.1582407513993545
 -5.2152604546991075
 -5.2617534076235728
 -5.2976585136967778
 -5.3228649587080552
 -5.337105130092981
 -5.3744772211430352
 -5.3371051300928665
 -5.3228649587077053
 -5.2976585136962733
 -5.261753407622912
 -5.2152604546982291
 -5.1582407513983171
 -5.0907303488802045
 -5.0127467505797618
 -4.9242882423699719
 -4.8253293641012478
 -4.7158134904429101
 -4.5956425395314557
 -4.4646632758443543
 -4.3226491737556847
 -4.1692761784068795
 -4.0040897710894923
 -3.8264592738234948
 -3.6355128834856014
 -3.4300426477052675
 -3.2083604547849474
 -2.9680682669153406
 -2.7056573388703895
 -2.4156798491256297
 -2.088445068904718
 -1.7003469836154761
 -1.1048821474384936
 0
 0
 0
 0
 0
 0
 0
 0
 0
 0
 0
 0
 0
 0
 0
 0
 0
 0
 0
 0
 0
 0
 0
 0
 0
 0
 0
 0
 0
 0
 0
 0
 0
 0
 0
 0
 0
 0


