# Created by Octave 5.1.0, Tue Apr 21 17:24:39 2020 GMT <unknown@Thomas-PC>
# name: u_sol
# type: matrix
# rows: 18
# columns: 1
 0.010692088019673208
 -0.010692088019673144
 0
 0
 2.9871432557547569e-17
 -0.022695948899768024
 0
 0.022695948899768042
 6.7974433673002692e-18
 -0.14828845421026282
 -0.14828845421026277
 0
 0
 -0.060115348003278862
 -0.10394729190847937
 0
 -0.1039472919084794
 -0.09292656222486867


