# Created by Octave 5.1.0, Tue Apr 21 17:24:45 2020 GMT <unknown@Thomas-PC>
# name: u_sol
# type: matrix
# rows: 50
# columns: 1
 0.0086456144253694977
 -0.008645614425369489
 0
 0
 -1.1549016355920886e-18
 -0.024421209308992057
 0
 0.024421209308992053
 -1.4914943078608052e-18
 0.0048110037480725417
 2.9748644466924415e-18
 0.0017421389356106955
 -0.0048110037480725383
 -0.0017421389356106834
 -0.010266486726694318
 -0.010978170288218233
 -0.031289619852165482
 -0.012152578562738318
 0
 -7.5467249690483246e-18
 0
 0.012152578562738306
 0.031289619852165468
 0.010978170288218228
 0.010266486726694325
 -0.16685740709870717
 -0.16685740709870717
 0
 0
 -0.089984250312339364
 -0.11876755640787166
 0
 -0.11876755640787166
 -0.11464707519834899
 -0.15003806539368747
 -0.12098592266557928
 -0.14639098747333645
 -0.15003806539368747
 -0.14639098747333645
 -0.15211664065709618
 -0.12038204145725023
 -0.075162618755328453
 -0.069323473846200634
 0
 -0.06600304662532179
 0
 -0.069323473846200648
 -0.075162618755328453
 -0.12038204145725023
 -0.15211664065709618


