# Created by Octave 5.1.0, Tue Apr 21 17:25:04 2020 GMT <unknown@Thomas-PC>
# name: u_sol
# type: matrix
# rows: 162
# columns: 1
 0.0078553276683917903
 -0.0078553276683917764
 0
 0
 6.9486584294875048e-18
 -0.022909579518926776
 0
 0.022909579518926797
 9.8871835167028127e-18
 0.0057255554486654522
 1.0405777383254963e-17
 -0.00062644331651733227
 -0.0057255554486654384
 0.00062644331651735396
 -0.0073640666628721849
 -0.0093011945573543784
 -0.033125350701888739
 -0.013391002078542774
 0
 5.292926354593863e-18
 0
 0.013391002078542784
 0.033125350701888746
 0.009301194557354401
 0.0073640666628722058
 0.0070299035006689227
 -0.0015011993730430274
 0.001422658127683679
 9.4993759653193772e-18
 -0.0029678173629989184
 0.0029597692667598851
 0.00057022371440727153
 -0.002109576936474628
 1.0665660161632689e-17
 -0.0029597692667598713
 0.0029678173629989375
 -0.0014226581276836616
 0.0015011993730430456
 -0.0070299035006689079
 0.0021095769364746506
 -0.00057022371440724941
 -0.0042601054636459447
 -0.0029084052088000152
 -0.01604616210420735
 -0.0086593838437228031
 -0.014574331140197275
 -0.0037351543564106055
 -0.0037804707493544155
 -0.029997579726305391
 -0.021527244564706983
 -0.015653819324215862
 -0.022751146827351652
 -0.027771596041670486
 -0.013133043526096936
 -0.0061989870324057443
 0
 -0.0088579991461030742
 2.1682336083190944e-18
 -0.004020785435022301
 0
 -0.0062009737541418516
 8.0048560640752513e-18
 0
 0.0040207854350223027
 0.015653819324215858
 0.0088579991461030759
 0
 0.0062009737541418621
 0.0061989870324057599
 0.027771596041670486
 0.022751146827351663
 0.016046162104207371
 0.021527244564707001
 0.029997579726305405
 0.013133043526096951
 0.0037804707493544372
 0.014574331140197296
 0.0086593838437228239
 0.0029084052088000365
 0.004260105463645962
 0.0037351543564106285
 -0.16597376781643045
 -0.16597376781643045
 0
 0
 -0.097519157052781677
 -0.11828247903446922
 0
 -0.11828247903446922
 -0.11689996434217444
 -0.14718467986330916
 -0.1262572797265088
 -0.14384443357688137
 -0.14718467986330916
 -0.14384443357688137
 -0.15046897597642053
 -0.12024707682652212
 -0.074689709236515633
 -0.070294099309853614
 0
 -0.068258384987772369
 0
 -0.070294099309853614
 -0.074689709236515633
 -0.12024707682652212
 -0.15046897597642053
 -0.16057931065160255
 -0.14722427264949411
 -0.15790087560517058
 -0.11609419050580923
 -0.12668610540794756
 -0.11240017342182392
 -0.12887500765480114
 -0.13211609699567056
 -0.12627057428898883
 -0.11240017342182393
 -0.12668610540794756
 -0.15790087560517058
 -0.14722427264949411
 -0.16057931065160258
 -0.13211609699567056
 -0.12887500765480114
 -0.16088717678108272
 -0.15078838924962165
 -0.1221596316750502
 -0.13897667979285178
 -0.13613142935870909
 -0.13524177451279376
 -0.1168604813611091
 -0.098869841908482803
 -0.10034150673293296
 -0.037495097388859359
 -0.072379482363134448
 -0.044022237319622737
 -0.098595575804706764
 -0.096564027472285166
 0
 -0.036611851295558884
 -0.035834254342942906
 -0.03625837388852831
 0
 -0.069039006262320721
 -0.095782032242654178
 0
 -0.036258373888528303
 -0.037495097388859359
 -0.036611851295558884
 0
 -0.069039006262320721
 -0.096564027472285152
 -0.044022237319622744
 -0.072379482363134462
 -0.1221596316750502
 -0.10034150673293296
 -0.098869841908482803
 -0.09859557580470675
 -0.1168604813611091
 -0.13613142935870909
 -0.13897667979285178
 -0.15078838924962165
 -0.16088717678108272
 -0.13524177451279376


