# Created by Octave 5.1.0, Tue Apr 21 17:26:11 2020 GMT <unknown@Thomas-PC>
# name: u_sol
# type: matrix
# rows: 578
# columns: 1
 0.0071882709718237153
 -0.0071882709718236997
 0
 0
 6.3513541807268525e-18
 -0.022902030783296261
 0
 0.022902030783296279
 6.9752218006397235e-18
 0.0069690778846636164
 1.017152389392485e-17
 -0.0012272133879451023
 -0.0069690778846636008
 0.0012272133879451222
 -0.0067325266023233656
 -0.0092126265274345975
 -0.034470560325220265
 -0.014090290876721135
 0
 6.3551895483525062e-18
 0
 0.014090290876721145
 0.034470560325220279
 0.0092126265274346166
 0.0067325266023233847
 0.0071350807128380935
 -0.0021867297105926981
 0.0011436547513015414
 9.9284900381457152e-18
 -0.0034131676620389492
 0.0032957439056036267
 0.00075797921966045832
 -0.002244631286219862
 8.7923046030757744e-18
 -0.0032957439056036119
 0.0034131676620389692
 -0.0011436547513015228
 0.0021867297105927167
 -0.0071350807128380787
 0.0022446312862198815
 -0.00075797921966043978
 -0.0040536944445941428
 -0.002291266685590175
 -0.01583500168962363
 -0.008216546949469012
 -0.013985149233134833
 -0.0035287465242899991
 -0.0039478542129484833
 -0.030762439129145516
 -0.022008347474891245
 -0.017128137167208388
 -0.023831610166891826
 -0.029347552923324645
 -0.013434475572872686
 -0.0062317940630730257
 0
 -0.0094531066321643029
 4.2651644516820645e-18
 -0.004221922029738887
 0
 -0.0064421287583021104
 6.8975868421141378e-18
 0
 0.0042219220297388931
 0.017128137167208391
 0.0094531066321643098
 0
 0.0064421287583021226
 0.0062317940630730395
 0.029347552923324648
 0.023831610166891837
 0.015835001689623651
 0.022008347474891259
 0.030762439129145534
 0.013434475572872702
 0.0039478542129484998
 0.013985149233134851
 0.0082165469494690311
 0.0022912666855901937
 0.0040536944445941601
 0.0035287465242900182
 0.0070001672897557097
 0.0032601166472203741
 0.0041611001176943881
 0.00041223924362856633
 0.0020367592268518502
 0.0073351638062501461
 -0.00086106615673479762
 -0.0004951629994006156
 -0.0024377076483012888
 7.8723451518854472e-18
 -0.0011296164673276106
 0.0015435267995515759
 -0.0019632116433330937
 -0.0020485368500841547
 1.0564626944608946e-17
 0.0053454541737952919
 -0.00185173461954593
 -0.0012467798863743146
 0.0010216092601084497
 0.00019246961653096036
 8.0811324916783121e-18
 -0.0021885684421043597
 -0.0008323303902677613
 -0.00033299952237961483
 9.4897775864236715e-18
 -0.00064143217662112608
 -0.0014050951960105993
 -0.0034161538477368615
 -0.0032484794043906029
 -0.0033923819704570948
 -0.0015435267995515636
 0.0011296164673276279
 0.0012467798863743324
 0.001851734619545948
 -0.0053454541737952763
 0.0020485368500841742
 0.0019632116433331149
 -0.0041611001176943717
 -0.0032601166472203571
 -0.0070001672897556941
 0.0024377076483013084
 0.00049516299940063435
 0.00086106615673481736
 -0.0073351638062501305
 -0.0020367592268518329
 -0.00041223924362854833
 -0.00019246961653094253
 -0.001021609260108433
 0.0014050951960106197
 0.00064143217662114495
 0.00033299952237963461
 0.00083233039026778092
 0.0021885684421043793
 0.0034161538477368802
 0.0033923819704571147
 0.0032484794043906237
 -0.0049885520742236379
 -0.0025952852219127145
 -0.0044006818929400796
 -0.0027213377265136408
 -0.0046656262807427415
 -0.00091566188422469359
 -0.00036440988767559557
 -0.01938625814862369
 -0.015139136308044822
 -0.018438566835723046
 -0.0090281848909099863
 -0.01198061947244203
 -0.01239779563643408
 -0.0099598286655977544
 -0.010996151158544866
 -0.0072903585543081101
 -0.0023885932543900265
 -0.0018617339267936899
 -0.00089060891639144231
 -0.0018577724800843674
 -0.0063828504536791123
 -0.0041604177383070592
 -0.0063879138863940019
 -0.0048622580648425319
 -0.0056916801488521192
 -0.0026871603126913529
 -0.027152092913201475
 -0.023273063883513346
 -0.028654368040568978
 -0.026490095306273359
 -0.033362053471403759
 -0.019261066892625994
 -0.015325378961002075
 -0.013182656747330001
 -0.022799517779606916
 -0.020428990453365232
 -0.01869156480122941
 -0.021860273439523681
 -0.016773111941255012
 -0.033446437737680107
 -0.027647557724241011
 -0.029266398583406805
 -0.0053196193310524617
 -0.0026400401606241635
 -0.011634764143672607
 -0.0082929388606792723
 -0.010282145213731209
 -0.0096501833148700516
 -0.014338995853891619
 -0.023687938147811918
 -0.018836124666499785
 -0.017588347963788185
 0
 -0.0095294927756486257
 -0.0051546439945300811
 -0.0070517739195354616
 0
 -0.012847128507392072
 -0.012483735963241047
 2.0452652807447801e-18
 -0.0011030865505568777
 0
 -0.0027443499825851436
 -0.0020478639344922124
 5.7095340090958781e-18
 0
 -0.0022841102030017576
 -0.0036067191035101939
 -0.0030721566192825076
 6.3418195042551636e-18
 -0.010041610246238028
 -0.0066254390299935089
 6.6663833756602547e-18
 -0.0032497538724843471
 -0.0031473834972865307
 -0.0066424217295810795
 -0.0056374828943508773
 -0.0088301637379369739
 0
 0.0011030865505568812
 0.0036067191035101961
 0.0022841102030017602
 0
 0.0020478639344922206
 0.002744349982585154
 0.013182656747329999
 0.0095294927756486257
 0
 0.012483735963241056
 0.012847128507392077
 0.016773111941255019
 0
 0.0070517739195354642
 0.0051546439945300837
 0.003072156619282521
 0.0026400401606241765
 0.0031473834972865424
 0.0032497538724843601
 0.010282145213731221
 0.0066254390299935228
 0.010041610246238038
 0.0066424217295810847
 0.0088301637379369826
 0.0056374828943508868
 0.020428990453365232
 0.022799517779606919
 0.029266398583406818
 0.027647557724241021
 0.033446437737680114
 0.021860273439523691
 0.01869156480122942
 0.019386258148623707
 0.023273063883513363
 0.027152092913201489
 0.015325378961002093
 0.019261066892626008
 0.012397795636434098
 0.033362053471403773
 0.026490095306273373
 0.028654368040568992
 0.0053196193310524765
 0.0018617339267937053
 0.014338995853891633
 0.0096501833148700655
 0.0063828504536791297
 0.0082929388606792897
 0.011634764143672623
 0.023687938147811931
 0.017588347963788203
 0.018836124666499799
 0.018438566835723064
 0.015139136308044839
 0.0072903585543081292
 0.010996151158544885
 0.0099598286655977718
 0.011980619472442049
 0.0090281848909100054
 0.0025952852219127327
 0.0049885520742236544
 0.00036440988767561498
 0.00091566188422471332
 0.0046656262807427597
 0.0027213377265136599
 0.0044006818929400986
 0.0023885932543900438
 0.0063879138863940201
 0.0041604177383070765
 0.0018577724800843865
 0.00089060891639146204
 0.004862258064842551
 0.002687160312691372
 0.0056916801488521383
 -0.16694121975471216
 -0.16694121975471216
 0
 0
 -0.099381115141657331
 -0.11892454295814728
 0
 -0.11892454295814728
 -0.11755634948949752
 -0.14819066156688077
 -0.12893860805541046
 -0.14441510472201821
 -0.14819066156688077
 -0.14441510472201821
 -0.15111690186444499
 -0.12140666510149913
 -0.074886544321135992
 -0.071167539034344279
 0
 -0.069377746530092904
 0
 -0.071167539034344279
 -0.074886544321135992
 -0.12140666510149913
 -0.15111690186444499
 -0.16193834743257843
 -0.14764599826353259
 -0.15898122026623812
 -0.11893573448598971
 -0.12846424184643751
 -0.1141896257670808
 -0.13056683090492685
 -0.13397495542976365
 -0.12809978121720414
 -0.1141896257670808
 -0.12846424184643751
 -0.15898122026623812
 -0.14764599826353259
 -0.16193834743257843
 -0.13397495542976365
 -0.13056683090492685
 -0.16200323318027654
 -0.15155481379428312
 -0.12317252893904797
 -0.13979346347077679
 -0.13657555615824049
 -0.13616063576039247
 -0.11830100813085269
 -0.098935233654565108
 -0.10119497168944533
 -0.038240539518847004
 -0.073077248089995633
 -0.045160294236582715
 -0.099696181684747781
 -0.097739749807607648
 0
 -0.03706089098749963
 -0.036510157233066637
 -0.036727889833293698
 0
 -0.069950879697283905
 -0.096922097817348396
 0
 -0.036727889833293698
 -0.038240539518847004
 -0.037060890987499637
 0
 -0.069950879697283905
 -0.097739749807607634
 -0.045160294236582722
 -0.073077248089995633
 -0.12317252893904797
 -0.10119497168944531
 -0.098935233654565108
 -0.099696181684747781
