# Created by Octave 5.1.0, Tue Apr 21 17:32:07 2020 GMT <unknown@Thomas-PC>
# name: u_sol
# type: matrix
# rows: 2178
# columns: 1
 0.006828438362377314
 -0.00682843836237732
 0
 0
 -1.625407423847019e-18
 -0.022940778089978416
 0
 0.022940778089978419
 9.1226441446819445e-19
 0.0083501469747268419
 -5.7559355426270134e-19
 -0.0014093132711105825
 -0.0083501469747268488
 0.0014093132711105814
 -0.0066856145087708582
 -0.0092069783636526195
 -0.035034327644324369
 -0.014356012955577827
 0
 2.9352424375802342e-19
 0
 0.01435601295557783
 0.035034327644324369
 0.0092069783636526195
 0.0066856145087708565
 0.0072359635220159329
 -0.002380273494135202
 0.0013364775335582269
 -2.2934035098335236e-18
 -0.0034994037297335825
 0.0033370703463528519
 0.0008202895000314315
 -0.002272081077717039
 5.9541385008971924e-19
 -0.003337070346352861
 0.0034994037297335799
 -0.0013364775335582303
 0.0023802734941351985
 -0.0072359635220159381
 0.0022720810777170385
 -0.00082028950003143009
 -0.0043118377758068855
 -0.0021860359873618223
 -0.015783181313021321
 -0.0081037453642667703
 -0.013854454036633929
 -0.003478528877168984
 -0.0040046635078796857
 -0.031047816245220464
 -0.02218611276405132
 -0.017739934446711441
 -0.024265358151396937
 -0.030094259660515675
 -0.013546437009117571
 -0.0062495173806393156
 0
 -0.0097083390239315927
 1.7491628649784568e-19
 -0.0043144690294053701
 0
 -0.0065433041827119955
 7.5677827426244551e-19
 0
 0.004314469029405371
 0.017739934446711444
 0.0097083390239315944
 0
 0.0065433041827119964
 0.0062495173806393165
 0.030094259660515679
 0.024265358151396941
 0.015783181313021324
 0.02218611276405132
 0.031047816245220468
 0.013546437009117573
 0.0040046635078796865
 0.013854454036633929
 0.0081037453642667703
 0.002186035987361821
 0.0043118377758068812
 0.0034785288771689848
 0.0067806978016290691
 0.0036119331558210955
 0.0044428171195617285
 0.00056784897657057812
 0.0023936960216633602
 0.0079914895948074351
 -0.00098611155262451713
 -0.00046757071495694873
 -0.0026707330689557046
 -2.8389874819188805e-18
 -0.0011608456705135951
 0.0012293350192663049
 -0.0019609395084488469
 -0.0020498572383527746
 -1.3841701680159974e-18
 0.0065716610076177687
 -0.001838374408565384
 -0.0013892025199970868
 0.0011099712226129693
 0.00026142194445704194
 8.2172098565440399e-19
 -0.0023101349013023285
 -0.00080993476237369195
 -0.0003783147517962858
 5.569083194602796e-20
 -0.0005971444042659692
 -0.0013847770023085835
 -0.0036830455856833393
 -0.0033229609950409973
 -0.0035992844677459131
 -0.0012293350192663082
 0.0011608456705135891
 0.0013892025199970818
 0.0018383744085653799
 -0.0065716610076177783
 0.0020498572383527707
 0.0019609395084488447
 -0.0044428171195617337
 -0.0036119331558211003
 -0.0067806978016290743
 0.0026707330689557025
 0.0004675707149569451
 0.00098611155262451453
 -0.0079914895948074421
 -0.0023936960216633654
 -0.00056784897657058409
 -0.00026142194445704075
 -0.0011099712226129675
 0.0013847770023085826
 0.00059714440426596942
 0.00037831475179628629
 0.0008099347623736925
 0.0023101349013023281
 0.0036830455856833367
 0.0035992844677459118
 0.003322960995040996
 -0.0051959173454141309
 -0.0028610524898817075
 -0.0043378530126760252
 -0.0028068840875194304
 -0.0047690201137419192
 -0.00092215151609671545
 -0.00020157113443090385
 -0.019357880202690261
 -0.015062873453348499
 -0.018351425929994936
 -0.0089788395924311794
 -0.011910392943660395
 -0.012357580486940944
 -0.009835616825670794
 -0.010875496778996827
 -0.0071633834898826281
 -0.0024659587327903235
 -0.0019088583257225089
 -0.00077805246362198162
 -0.0018684527353823599
 -0.006416788489596704
 -0.0041991276572044493
 -0.0063781227936347221
 -0.0047261059357686158
 -0.0055986200529862147
 -0.002546844369853063
 -0.027307502663453186
 -0.02335774595675625
 -0.029011120887556065
 -0.026706760691937118
 -0.033785645263107907
 -0.019318258473053365
 -0.015374790222900723
 -0.013974128392980017
 -0.023540894282117784
 -0.021119414889947549
 -0.019045860271507488
 -0.022408548002517733
 -0.017202233850169696
 -0.034135723103820188
 -0.028289568591920399
 -0.029768711711819759
 -0.0053203731174783168
 -0.0025982185509711452
 -0.011680257199233416
 -0.0083249406544687061
 -0.010407964389264092
 -0.0097183527160914964
 -0.014530482422688762
 -0.023993162566415302
 -0.019087554077358813
 -0.017734770125922561
 0
 -0.0099122198885224413
 -0.005287469808811395
 -0.0072694466386493458
 0
 -0.013249629109796204
 -0.012783846563254401
 1.3619952541588999e-19
 -0.0011293794372387741
 0
 -0.0027956422458813813
 -0.0020922387776770093
 4.3637616299255823e-19
 0
 -0.0023342087642947576
 -0.0036891128261020371
 -0.0030564066314751736
 9.3031398320612168e-19
 -0.010218881682125029
 -0.0066889603210161293
 2.2509066184777282e-19
 -0.0032679650610723918
 -0.003189866525706023
 -0.0068004992019492973
 -0.005750091751122002
 -0.009023679932677553
 0
 0.0011293794372387745
 0.0036891128261020375
 0.0023342087642947572
 0
 0.0020922387776770102
 0.0027956422458813822
 0.013974128392980019
 0.009912219888522443
 0
 0.012783846563254403
 0.013249629109796207
 0.017202233850169699
 0
 0.0072694466386493475
 0.0052874698088113967
 0.0030564066314751753
 0.0025982185509711465
 0.0031898665257060234
 0.0032679650610723931
 0.010407964389264094
 0.0066889603210161311
 0.010218881682125031
 0.0068004992019492982
 0.0090236799326775547
 0.0057500917511220037
 0.021119414889947553
 0.023540894282117787
 0.029768711711819763
 0.028289568591920403
 0.034135723103820195
 0.022408548002517736
 0.019045860271507491
 0.019357880202690261
 0.02335774595675625
 0.027307502663453189
 0.015374790222900725
 0.019318258473053365
 0.012357580486940946
 0.033785645263107907
 0.026706760691937122
 0.029011120887556068
 0.0053203731174783185
 0.0019088583257225109
 0.014530482422688763
 0.0097183527160914981
 0.0064167884895967049
 0.0083249406544687078
 0.011680257199233417
 0.023993162566415305
 0.017734770125922564
 0.019087554077358817
 0.01835142592999494
 0.0150628734533485
 0.0071633834898826272
 0.010875496778996829
 0.0098356168256707923
 0.011910392943660395
 0.0089788395924311811
 0.0028610524898817036
 0.0051959173454141257
 0.00020157113443090261
 0.00092215151609671296
 0.0047690201137419166
 0.0028068840875194278
 0.0043378530126760234
 0.0024659587327903252
 0.006378122793634723
 0.0041991276572044501
 0.001868452735382361
 0.00077805246362198184
 0.0047261059357686158
 0.002546844369853063
 0.0055986200529862147
 0.0067547846123370506
 0.0056076613104940462
 0.0057616757491565892
 0.005338660115255381
 0.0054746773837052315
 0.0069466790121899382
 0.0029040426043318501
 0.0040578601764467703
 0.0022483631535541366
 0.00365398716761931
 0.0043946652279364196
 0.0082945219284510131
 -0.000331359038736372
 0.001558414968756321
 -0.0013395045093715007
 0.0076058090814461483
 0.0048681346958698024
 0.0051568710031244212
 -0.0014422764017780272
 -0.00188486983378147
 -0.0021878550361617705
 0.00046900341537311439
 -0.00097866812391876048
 -2.5961925456098058e-05
 -0.0027724953581087786
 -0.0019172526459252982
 -0.0014402489287744509
 0.0030691409896426648
 0.00063042453945108372
 0.0014941947726805132
 -2.2950030207943278e-18
 -0.00011853886736780197
 0.0005787065515298717
 -0.00091601988688324947
 -0.00061088185895885768
 -2.8900651951641817e-18
 0.0021160566773544241
 -0.00017050714225801087
 -7.9873018277504075e-05
 -0.00089379824430088704
 -0.0010205233428057226
 -8.9569690902269374e-19
 -0.00288983915539473
 -0.002091680465352571
 -0.0029434539293340858
 -1.7558410177361704e-18
 -0.001086067276259033
 -0.0010625805487415748
 0.0078703301130785674
 0.0014685059519597274
 0.0026119219866581364
 0.00020249183398559506
 0.00069379510340347088
 0.0048937125511643587
 -0.0031830246764434681
 -0.0018194063925494519
 -0.0029898298782322216
 -0.0017654809641854134
 -0.0024832117631695075
 -0.0015903014059224859
 0.00073203111155542848
 0.00053313058390510887
 9.2388114921170611e-19
