# Created by Octave 5.1.0, Sat Feb 15 03:16:37 2020 GMT <unknown@Thomas-PC>
# name: contactConvergence
# type: matrix
# rows: 5
# columns: 1
 0.0049038105676657978
 1.0408340855860843e-17
 3.4694469519536142e-18
 0
 3.4694469519536142e-18


