# Created by Octave 5.1.0, Wed Feb 26 14:30:39 2020 GMT <unknown@Thomas-PC>
# name: contactConvergence
# type: matrix
# rows: 19
# columns: 1
 3.2089253534848106
 3.1587785411390912
 0.050400735770241234
 0.047928887221442153
 0.010205639909670002
 0.0071134741247902188
 0.010177582989363285
 0.010021043016626494
 0.010295806724224338
 0.010137448368846865
 0.010062655964635424
 0.0069705478247018612
 0.010058239452586958
 0.0070314311274810096
 133.53406037584818
 127.91842664854667
 124.08071401245618
 123.78807395695662
 122.04996119048324


