# Created by Octave 5.1.0, Thu Feb 27 17:25:55 2020 GMT <unknown@Thomas-PC>
# name: contactConvergence
# type: matrix
# rows: 101
# columns: 1
 12.094475993946462
 10.58266453713528
 7.9369984028514589
 3.9685369495531733
 3.7205033902061002
 3.6042376592621594
 3.5478934253927128
 3.4370217558491905
 3.4022621264064878
 0.0054107137128731322
 0.014602302559675684
 0.014374141582180752
 0.0048037289925691208
 1.3696766529114128
 0.019854261949460446
 0.013374380478761579
 0.033314271732973161
 0.03279373623714546
 0.032281334108440057
 0.031776938262995685
 0.031280423602636373
 0.030348737326330647
 0.027186796505543377
 0.026762002810144264
 0.02634384651623576
 0.025932223914419576
 0.024995239186963086
 0.024071157343380556
 0.023084555909430603
 0.022366604736189757
 0.02201712653718679
 0.021008487008627178
 0.02048488175713958
 0.020164805479684272
 0.019126381979805825
 0.018790331935761691
 0.018496732999265415
 0.017420841378380014
 0.017266843354479804
 0.016101656372569554
 0.016148604377815762
 0.015896282434412393
 0.014680278236741208
 0.014901373563908835
 0.014668539601972758
 0.013394469841764723
 0.0137868238063149
 0.01357140468434123
 0.012232285124702792
 0.012793577861684656
 0.012593678207595833
 0.011182894963897506
 0.011911154655337595
 0.010358341204917423
 0.011301446924518042
 0.011124861816322447
 0.009491245089239651
 0.01059607050531397
 0.01043050690366844
 0.0087114603232723194
 0.0099755616421584956
 0.0098196934914997723
 0.0080115229732373398
 0.0094319240568584255
 0.009284550243470014
 0.0073846348951006292
 0.0089576424244926355
 0.0068722267524259882
 0.0086746732689134461
 0.0085391314990866714
 0.0063642176186398261
 0.0083061349836312439
 0.0081763516245120064
 0.0059130836795215965
 0.0079879686515998225
 0.0078631566414185776
 0.005513914084993278
 0.0077143635603116227
 0.0075938266296817535
 0.0051621375699823537
 0.0074799485074907371
 0.0048451618434174372
 0.0073875640888418272
 0.0072721333999536718
 0.0072739370044675499
 0.0045709438497419539
 0.0072087616220802469
 0.0070961247217352415
 0.0070978846733031342
 0.0043326408350472792
 0.0071671773112086746
 0.0070551901657210396
 0.0070569399648692851
 0.0069466752779182009
 0.0069483981636518132
 0.0041301905653975731
 0.0070356216451282058
 0.0069256900569230791
 0.0069274077379887821
 0.0068191669920827092
 0.0068208582537374902


