# Created by Octave 5.1.0, Mon Mar 30 13:59:31 2020 GMT <unknown@Thomas-PC>
# name: contactConvergence
# type: matrix
# rows: 9
# columns: 1
 2.7791604101506762
 0.03024194157888958
 0.036222218485840063
 28.705464539384575
 0.11559618140905248
 18.29248232793633
 69.893658587279802
 463.05068084541813
 20343.068697420422


