# Created by Octave 5.1.0, Sat Feb 15 03:16:43 2020 GMT <unknown@Thomas-PC>
# name: contactConvergence
# type: matrix
# rows: 5
# columns: 1
 5.9580399824369623
 4.9065389333867974e-18
 3.4694469519536142e-18
 1.0971354589302191e-17
 1.4539632184201917e-17


