# Created by Octave 5.1.0, Sat Feb 15 03:28:43 2020 GMT <unknown@Thomas-PC>
# name: contactConvergence
# type: matrix
# rows: 9
# columns: 1
 3.020742512778575
 2.831946105729914
 2.8115597273336612
 2.22195325636108e-18
 0.75167575389380614
 6.1339222994694834e-19
 1.1246352167862849e-18
 9.73863954268809e-19
 1.0368569022644948e-18


