# Created by Octave 5.1.0, Thu Feb 27 17:25:55 2020 GMT <unknown@Thomas-PC>
# name: equilibriumConvergence
# type: matrix
# rows: 101
# columns: 1
 4.0332827044104249
 3.4493841311310138
 2.566269581376059
 1.5336938976792567
 1.6115870016887537
 1.6236402488764332
 1.6237782343265657
 1.5776206640466488
 1.5538844434171604
 0.48406913201159746
 0.4317356716363776
 0.42559160755157455
 0.42411612118833714
 0.41828562677795195
 0.36456557386143318
 0.38181491727724209
 0.35905553982697819
 0.35668112797741841
 0.35442512814610949
 0.35222084119671609
 0.35000418177212145
 0.34771482079255378
 0.35147678555097389
 0.34951772217792182
 0.34760757012342136
 0.34567708807152903
 0.34366100769343777
 0.33450356589932656
 0.33287239177296651
 0.3242975647702408
 0.32295530505960279
 0.32157356750735666
 0.31412985748512806
 0.31301613171233644
 0.31185110797282029
 0.30540518895654556
 0.30448968621600603
 0.30351214397117299
 0.29794338066008103
 0.29719909849441184
 0.29150074046939861
 0.29091696786226651
 0.29032048764769941
 0.28540314620151436
 0.28495906060814874
 0.28448735910855472
 0.28025217617724468
 0.27992641164812576
 0.27955954939647965
 0.27591883253985744
 0.27569286437831636
 0.27541364674638474
 0.27228990874544429
 0.27214773931782715
 0.26845969755712734
 0.26839686306879806
 0.26833206203088666
 0.26518856559276693
 0.26520375113835704
 0.26520025293570476
 0.26252483910996183
 0.26260301313818379
 0.26264753223157489
 0.26037417095258958
 0.26050280378744894
 0.26058439989537224
 0.25865619354405528
 0.25882487161971679
 0.25612372874209843
 0.25633000715850635
 0.25654112416229474
 0.25427320017992672
 0.25452711983699383
 0.25476793452029561
 0.25286678688948105
 0.25315630877733358
 0.25341675284951415
 0.25182619282934282
 0.25214165018362078
 0.25241382677158303
 0.25108640208278071
 0.25142006503231867
 0.24922091091311765
 0.24957070417761062
 0.24943351660789287
 0.24979519597961808
 0.24796707938488569
 0.24835143356553749
 0.24821336504202729
 0.24859235881852129
 0.24637476584872398
 0.24672714720590155
 0.24659078383717181
 0.24700563182487556
 0.24686693411957522
 0.24725882946066302
 0.24537238782727905
 0.2457609238471048
 0.24562348198168338
 0.24605812126271501
 0.24591908071003046


