# Created by Octave 5.1.0, Sat Feb 15 03:16:37 2020 GMT <unknown@Thomas-PC>
# name: equilibriumConvergence
# type: matrix
# rows: 5
# columns: 1
 7.6376261582597316
 1.7849233199991048
 0.010514386605381454
 7.4569303291708166e-07
 1.1037880368907343e-14


