# Created by Octave 5.1.0, Mon Mar 30 13:59:31 2020 GMT <unknown@Thomas-PC>
# name: equilibriumConvergence
# type: matrix
# rows: 9
# columns: 1
 5.2642143592302828
 0.76701631176326612
 2.8330739100679105
 1.8630972204414669
 7.232997916120274
 33.266848894206397
 151.10338241999912
 49812.934453849608
 2104206413490.8608


