# Created by Octave 5.1.0, Sat Feb 15 03:28:43 2020 GMT <unknown@Thomas-PC>
# name: equilibriumConvergence
# type: matrix
# rows: 9
# columns: 1
 2.9681877872199354
 2.8001500095867637
 2.7570735503011212
 1.2119618957234015
 0.63679410177986617
 0.049368467925600706
 0.0003803957911535466
 2.4458182089522695e-08
 1.1069045630864705e-14


