# Created by Octave 5.1.0, Wed Feb 26 14:30:39 2020 GMT <unknown@Thomas-PC>
# name: equilibriumConvergence
# type: matrix
# rows: 19
# columns: 1
 1.195671403781799
 1.1744222578345274
 0.21774391235382703
 0.23723086732258614
 0.1488393370992129
 0.15254680365880277
 0.5994035880878974
 0.60816172205734298
 0.64837286723249898
 0.69845127742966906
 0.56708044492080156
 0.56939446063213295
 1.3762613565516768
 0.90234843638829976
 27.883703574985123
 27.156458959050983
 38.208084781477524
 42.447272831331446
 41.238620260508426


