# Created by Octave 5.1.0, Mon Mar 30 13:59:31 2020 GMT <unknown@Thomas-PC>
# name: lambda_sol
# type: matrix
# rows: 9
# columns: 1
 0
 -18.567457329583704
 -20.297777220051444
 -1.3539691325462684
 -1.3927600401075324
 -1.3539691325463821
 -20.29777722005133
 -18.567457329583704
 0


