# Created by Octave 5.1.0, Sat Feb 15 03:28:43 2020 GMT <unknown@Thomas-PC>
# name: lambda_sol
# type: matrix
# rows: 17
# columns: 1
 0
 0
 0
 0
 -43.584767879918601
 0
 -7.5005022493639233
 -8.7135705901925906
 -8.5733824770515952
 -8.7135705901925906
 -7.5005022493639295
 0
 -43.584767879918587
 0
 0
 0
 0


