# Created by Octave 5.1.0, Thu Feb 27 17:25:55 2020 GMT <unknown@Thomas-PC>
# name: lambda_sol
# type: matrix
# rows: 33
# columns: 1
 0
 0
 0
 0
 0
 0
 0.0019306443748572928
 -15.922049815905343
 -21.752348064125432
 -13.674570620841749
 -11.909259505883981
 -11.08320140846982
 -10.515870316666611
 -10.181972976907534
 -9.9800662890577456
 -9.8802315908724534
 -9.8001284896952949
 -9.8802315908724569
 -9.9800662890577474
 -10.181972976907524
 -10.515870316666605
 -11.083201408469824
 -11.909259505883977
 -13.674570620841759
 -21.752348064125464
 -15.922049815905384
 0.0019306443748565506
 0
 0
 0
 0
 0
 0


