# Created by Octave 5.1.0, Wed Feb 26 14:30:39 2020 GMT <unknown@Thomas-PC>
# name: lambda_sol
# type: matrix
# rows: 65
# columns: 1
 4.011022833656618
 2.4069407045147653
 0.65184369163449718
 -0.16123668756335974
 -5.5739769754000008
 -43.535240780562162
 4.0440698851751549
 -13.359738490071324
 19.441495760989458
 2.9059008355333797
 8.6846077610239263
 26.32195402766073
 0.00022547692060470581
 72.727499853717148
 31.088027891112265
 -79.65672711096704
 -20.926271782373078
 -15.627496937295291
 -14.626096053677884
 -13.591090020898264
 -31.867630047025159
 -18.346866943141777
 -15.742392808616046
 -14.36040684627369
 -13.437708475627005
 -12.772452882491052
 -12.278658819850534
 -11.909020403400064
 -11.634742479771376
 -11.437533870339394
 -11.306412875652313
 -11.237340554594994
 -11.190892286598682
 -11.237359425723866
 -11.306451659632216
 -11.437592840004982
 -11.634822182490325
 -11.90912162474342
 -12.27878254821303
 -12.772600268029009
 -13.437880779077659
 -14.3606054314414
 -15.742619839938927
 -18.347134595311218
 -31.868024709975543
 -13.591256484389305
 -14.626149788005023
 -15.62700788640359
 -20.9244594424963
 -79.653541892766953
 31.088027896731472
 72.727499856953671
 0.00022542476654052734
 26.284995238840942
 8.68460776220555
 2.9059008327588121
 19.441840096627161
 -13.358339651837014
 4.0440698823929777
 -43.480568870902061
 -5.5807282775640488
 -0.16552583873271942
 0.64791585675057339
 2.4025924786509947
 4.0049049536810477


