# Created by Octave 5.1.0, Mon Mar 30 13:59:31 2020 GMT <unknown@Thomas-PC>
# name: u_sol
# type: matrix
# rows: 162
# columns: 1
 -0.19056205402284832
 0.19056205402284832
 0
 0
 -1.5090170555969523e-15
 0.0050961532465692017
 0
 -0.0050961532465692017
 -4.2735738983687814e-16
 -0.12101262432338444
 -8.9459304020192596e-16
 -0.031902941235216531
 0.12101262432338444
 0.031902941235216531
 0.080028985029684918
 -0.0036341735393037311
 -0.033553080489127751
 -0.018376724801100863
 0
 -1.2422598416682955e-16
 0
 0.018376724801100863
 0.033553080489127751
 0.0036341735392966257
 -0.080028985029684918
 -0.16333513511995079
 -0.060642637993055359
 -0.11239924912695187
 -1.2936986657386917e-15
 -0.00057003871688721119
 -0.022564725493225524
 -0.0020907514722026121
 -0.0061970916368636608
 -6.4285339858333988e-16
 0.022564725493225524
 0.00057003871688721119
 0.11239924912695187
 0.060642637993055359
 0.16333513511995079
 0.0061970916368636608
 0.0020907514722026121
 0.13899642980328508
 0.061951325180956474
 0.00029439538330677806
 0.025129633730381684
 0.034735997590569667
 0.011834745660031842
 -0.0042682630069634797
 -0.019430408490634932
 -0.018393665076033017
 -0.022381590820288011
 -0.027093788682662989
 -0.035238729986005524
 -0.014384261157999845
 -0.0081282297796221314
 0
 -0.014318538592476671
 -5.1704681122277283e-17
 -0.0072187540579911058
 0
 -0.0095682377806838304
 -2.5306563153553115e-16
 0
 0.0072187540579911058
 0.022381590820288011
 0.014318538592476671
 0
 0.0095682377806838304
 0.0081282297796221314
 0.035238729986005524
 0.027093788682662989
 -0.00029439538330677806
 0.018393665076033017
 0.019430408490634932
 0.014384261157999845
 0.004268263006959927
 -0.034735997590569667
 -0.025129633730381684
 -0.061951325180956474
 -0.13899642980328508
 -0.011834745660031842
 0.04804404317638955
 0.04804404317638955
 0
 0
 -0.10000000000000009
 -0.052308423027660922
 0
 -0.052308423027660922
 -0.13371690648608592
 -0.010407687570622048
 -0.11805113579509907
 -0.064050242077314579
 -0.010407687570621604
 -0.064050242077314579
 0.0091405653957679078
 -0.10514700062475413
 -0.068767403320705967
 -0.082709710939610659
 0
 -0.089908213724129382
 0
 -0.082709710939610659
 -0.068767403320705967
 -0.10514700062475413
 0.0091405653957679078
 0.076453604487460691
 -0.029100056337426849
 0.017777385559462289
 -0.10605147125884784
 -0.075235847681028645
 -0.10000000000002274
 -0.11911862304765464
 -0.10201531507584605
 -0.13019001130055585
 -0.10000000000002274
 -0.075235847681028645
 0.017777385559462289
 -0.029100056337426849
 0.076453604487459137
 -0.10201531507584605
 -0.11911862304765464
 0.037565283138746963
 -0.024691135339296011
 -0.080407960527878686
 -0.058452643690031891
 -0.025939096585871013
 -0.091233964508319332
 -0.12436010236842776
 -0.069758405374130916
 -0.087632419361909797
 -0.044760627428800603
 -0.076005523762717075
 -0.048954804812765929
 -0.10260519530152123
 -0.11353128383836975
 0
 -0.047464395399615
 -0.049765008892421747
 -0.049714431790832236
 0
 -0.088407861100478158
 -0.11800232335565397
 0
 -0.049714431790832236
 -0.044760627428800603
 -0.047464395399615
 0
 -0.088407861100478158
 -0.11353128383836975
 -0.048954804812765929
 -0.076005523762717075
 -0.080407960527878686
 -0.087632419361909797
 -0.069758405374130916
 -0.10260519530152123
 -0.12436010236842776
 -0.025939096585869237
 -0.058452643690031891
 -0.024691135339296011
 0.037565283138746963
 -0.091233964508319332


