# Created by Octave 5.1.0, Sat Feb 15 03:28:43 2020 GMT <unknown@Thomas-PC>
# name: u_sol
# type: matrix
# rows: 578
# columns: 1
 0.076118598319076386
 -0.076118598319076428
 0
 0
 1.8219479128500268e-19
 -0.0099074899378113306
 0
 0.009907489937811334
 3.155237190879079e-18
 0.016113455734197611
 6.2961526452429634e-18
 -0.014534876766859014
 -0.016113455734197597
 0.014534876766859025
 0.015763328608086376
 0.00092776112515547792
 -0.05205719684927608
 -0.022500037524485844
 0
 2.7510865491785337e-19
 0
 0.022500037524485855
 0.05205719684927608
 -0.00092776112515547153
 -0.015763328608086376
 0.058347603748771654
 -0.0064969786185169534
 -0.0014240385939235242
 3.0872676225189519e-18
 0.0015018957439971057
 -0.0034915263836523846
 -0.0049272531979405055
 -0.003928766755152302
 4.1629499502755964e-18
 0.0034915263836523885
 -0.0015018957439970994
 0.0014240385939235203
 0.0064969786185169612
 -0.058347603748771674
 0.0039287667551523098
 0.0049272531979405142
 -0.011559305645018563
 0.020419991163040375
 -0.0016782048631483273
 0.015333398572722565
 0.010638421942122845
 0.011639376881609141
 0.00060005709267566996
 -0.032657205627546163
 -0.021636481763570033
 -0.036204867618164598
 -0.037085842199964109
 -0.056843353071935381
 -0.012830895191723044
 -0.0059977521416099645
 0
 -0.020730300602494745
 7.9589126320894485e-19
 -0.0093904112809651951
 0
 -0.010438194988214097
 3.8039806374867618e-18
 0
 0.0093904112809651951
 0.036204867618164605
 0.020730300602494749
 0
 0.010438194988214106
 0.0059977521416099662
 0.056843353071935381
 0.037085842199964109
 0.0016782048631483301
 0.021636481763570036
 0.032657205627546163
 0.012830895191723051
 -0.00060005709267566443
 -0.010638421942122837
 -0.015333398572722562
 -0.020419991163040371
 0.01155930564501855
 -0.011639376881609138
 0.067461564949512512
 0.022315154713139166
 0.031990138204869505
 0.0027711716648307844
 0.010869555223789386
 0.042216056203824397
 -0.015670527716333919
 -0.0066352972681676626
 -0.011984089371355151
 -1.8729196024217564e-18
 -0.00016620641311464469
 -0.001324203777965986
 -0.00036086816739654549
 0.00034201061621931674
 5.1040345881692231e-18
 -0.0063418547005795033
 0.00081551438916367929
 0.0070178984517514685
 -0.0016719324370335833
 -0.0023109899553945103
 4.0587370564006522e-18
 -0.0081782835336633164
 -0.0051966748976407596
 -0.0092577196561336728
 4.1109504236117199e-18
 -0.0022654778937109318
 -0.0015181065643413358
 0.0012410546980103942
 -0.0012944099436477123
 -0.0046141935710414606
 0.00132420377796598
 0.00016620641311464282
 -0.0070178984517514547
 -0.00081551438916367463
 0.0063418547005795189
 -0.0003420106162193123
 0.00036086816739655216
 -0.031990138204869512
 -0.022315154713139176
 -0.067461564949512526
 0.011984089371355151
 0.0066352972681676635
 0.015670527716333916
 -0.042216056203824431
 -0.010869555223789389
 -0.0027711716648307701
 0.0023109899553945185
 0.0016719324370335924
 0.001518106564341344
 0.0022654778937109417
 0.009257719656133678
 0.0051966748976407656
 0.0081782835336633233
 -0.0012410546980103857
 0.0046141935710414667
 0.0012944099436477221
 -0.040767449379987726
 -0.0049044545249669206
 0.019163867590316023
 0.011808110494685475
 0.0072574275839963308
 0.014890823878712038
 0.01909443740996793
 -0.0050345242920256635
 0.0055928189643468058
 0.0014777608899177847
 0.0080637060728408465
 0.0077350640152285769
 0.00022150382594615583
 0.016076900667898176
 0.014121591044752571
 0.019231346121203332
 0.00329617746611957
 0.00028205622967471613
 0.01432406280312584
 0.0081021512815663103
 0.00088935160569141784
 0.0051389545203969879
 0.0069662547300488598
 0.020014068020466572
 0.014378412482128417
 0.018340449532557535
 -0.021042708579487892
 -0.015935412166411263
 -0.036911755822677424
 -0.026906034719052837
 -0.043377601500480818
 -0.011745980162226504
 -0.0085236439838944304
 -0.031431112007705729
 -0.046557232006495232
 -0.046572995303615264
 -0.02952275886717938
 -0.039872613772616812
 -0.031236647233796631
 -0.057272737516888848
 -0.048914146209039965
 -0.044786959998152916
 -0.0027778521564158724
 -0.0014566260788552562
 -0.0061206562972937629
 -0.0042769087479973848
 -0.013394100557672891
 -0.0092190715432618735
 -0.01857630393189243
 -0.030461133712710919
 -0.024287692249494192
 -0.016945219579175084
 0
 -0.023478793936334171
 -0.013088951157195836
 -0.01771774422570245
 0
 -0.027772550633101217
 -0.023572914976310071
 2.1139070680911989e-18
 -0.00281014778541799
 0
 -0.0052938980368130023
 -0.0045714648183168647
 9.0799273118495114e-19
 0
 -0.0058333122559585428
 -0.0092030392545515757
 -0.0029954257388125011
 1.9515018673658853e-18
 -0.016165465657918432
 -0.0086838359488357608
 2.5730173643258252e-18
 -0.0042894396470733228
 -0.0051304566250822024
 -0.014695803830489424
 -0.0108158197118429
 -0.01683035833831148
 0
 0.0028101477854179943
 0.0092030392545515774
 0.005833312255958541
 0
 0.0045714648183168664
 0.0052938980368130023
 0.031431112007705729
 0.023478793936334175
 0
 0.023572914976310082
 0.027772550633101221
 0.031236647233796638
 0
 0.017717744225702454
 0.013088951157195839
 0.0029954257388125098
 0.0014566260788552599
 0.0051304566250822067
 0.0042894396470733245
 0.013394100557672903
 0.0086838359488357678
 0.016165465657918442
 0.014695803830489428
 0.016830358338311487
 0.010815819711842903
 0.046572995303615257
 0.046557232006495232
 0.044786959998152923
 0.048914146209039971
 0.057272737516888848
 0.039872613772616819
 0.029522758867179387
 0.005034524292025667
 0.015935412166411263
 0.021042708579487895
 0.0085236439838944408
 0.011745980162226511
 -0.00022150382594615046
 0.043377601500480825
 0.026906034719052844
 0.036911755822677424
 0.0027778521564158784
 -0.00028205622967470459
 0.018576303931892441
 0.009219071543261884
 -0.0008893516056914122
 0.0042769087479973909
 0.0061206562972937681
 0.030461133712710923
 0.016945219579175091
 0.024287692249494196
 -0.0014777608899177819
 -0.0055928189643467989
 -0.019231346121203325
 -0.014121591044752562
 -0.016076900667898169
 -0.0077350640152285752
 -0.0080637060728408396
 0.0049044545249669188
 0.040767449379987712
 -0.019094437409967923
 -0.014890823878712036
 -0.0072574275839963334
 -0.011808110494685475
 -0.019163867590316016
 -0.0032961774661195591
 -0.0069662547300488554
 -0.0051389545203969784
 -0.0081021512815663034
 -0.014324062803125839
 -0.020014068020466562
 -0.018340449532557531
 -0.014378412482128419
 -0.22999452821265351
 -0.22999452821265354
 0
 0
 -0.10000000000000001
 -0.17440714952246192
 0
 -0.17440714952246189
 -0.17168862757957243
 -0.045096189432334205
 -0.15316451971035425
 -0.15976582358620309
 -0.045096189432334219
 -0.15976582358620309
 -0.21727802254059939
 -0.17785636597957
 -0.11992757447899524
 -0.12281133890951318
 0
 -0.11872900033629924
 0
 -0.12281133890951317
 -0.11992757447899523
 -0.17785636597957
 -0.21727802254059936
 -0.15566883165935252
 -0.1202763484137039
 -0.18220563415127627
 -0.13076359803186957
 -0.12731110785841263
 -0.10000000000000001
 -0.17009047580211209
 -0.15310012861715958
 -0.16821422702778588
 -0.10000000000000001
 -0.12731110785841263
 -0.18220563415127627
 -0.12027634841370391
 -0.15566883165935255
 -0.1531001286171596
 -0.17009047580211209
 -0.23480126624044501
 -0.19262628336082088
 -0.18327658730810795
 -0.19303310396971299
 -0.19589425762439941
 -0.17771504791222825
 -0.1724409636586742
 -0.15118961985998025
 -0.16178984436683597
 -0.068196971078292673
 -0.12483077845977872
 -0.076268097229890586
 -0.16012515107180922
 -0.15644046073931031
 0
 -0.066465323369823109
 -0.064689351568108816
 -0.065672120107771945
 0
 -0.12023977104022306
 -0.15493233520734784
 0
 -0.065672120107771931
 -0.068196971078292673
 -0.066465323369823109
 0
 -0.12023977104022304
 -0.15644046073931031
 -0.076268097229890586
 -0.1248307784597787
 -0.18327658730810795
 -0.16178984436683597
 -0.15118961985998022
 -0.16012515107180922
 -0.17244096365867417
 -0.19589425762439938
 -0.19303310396971299
