# Created by Octave 5.1.0, Thu Feb 27 17:25:55 2020 GMT <unknown@Thomas-PC>
# name: u_sol
# type: matrix
# rows: 2178
# columns: 1
 0.090050946315721164
 -0.090050946315720956
 0
 0
 7.0984824248902399e-17
 -0.012124184099139523
 0
 0.01212418409913963
 5.2732337750079501e-17
 0.025135854432743836
 7.0259519545818234e-17
 -0.01537440441940555
 -0.025135854432743649
 0.015374404419405708
 0.011535357451813113
 0.0015445890921113267
 -0.057466955574089783
 -0.024424027021623849
 0
 2.5424382915711185e-17
 0
 0.024424027021623898
 0.057466955574089887
 -0.0015445890921112107
 -0.011535357451812975
 0.070726094337042036
 -0.0035750703410863346
 0.0043775587429525165
 7.175680705813612e-17
 0.0007543421842521749
 0.0077015500045210395
 -0.0068309983051559288
 -0.0066364098105498315
 6.517573100724165e-17
 -0.0077015500045208808
 -0.00075434218425203211
 -0.0043775587429523786
 0.0035750703410864773
 -0.070726094337041828
 0.0066364098105499807
 0.006830998305156071
 -0.021754555590176302
 0.018468576616998491
 -0.0022545697452359056
 0.014983261201385028
 0.0084513608445200387
 0.013106636433599468
 0.0015286286490822968
 -0.036711326358453658
 -0.023549839970843658
 -0.04059516538070311
 -0.040577010029883787
 -0.062727673924234353
 -0.01330947809655909
 -0.0058548193118278637
 0
 -0.023019360296416682
 1.1216662105531507e-17
 -0.010289836328193688
 0
 -0.011174788401777028
 4.0258927022342733e-17
 0
 0.010289836328193712
 0.040595165380703131
 0.023019360296416699
 0
 0.01117478840177708
 0.0058548193118279444
 0.062727673924234437
 0.040577010029883828
 0.0022545697452360214
 0.023549839970843738
 0.036711326358453721
 0.013309478096559168
 -0.0015286286490821894
 -0.0084513608445198982
 -0.014983261201384877
 -0.018468576616998356
 0.021754555590176396
 -0.013106636433599312
 0.079935471137293629
 0.030855326405298263
 0.042923019420369288
 0.0085015273113516684
 0.016086161698545504
 0.05250653750440698
 -0.013336617894175692
 -0.0026402635726731484
 -0.011429015643319673
 7.1398368756123567e-17
 0.0026976072161847857
 0.0035338451005880347
 -0.0015094617233899368
 0.00066068572675243226
 7.1483899154064829e-17
 0.013531045139935152
 0.0054945135841551265
 0.0080810096175105168
 -0.0024102968454458563
 -0.0034019369077778268
 5.9861152645935658e-17
 -0.010953103680591726
 -0.0076042322957065372
 -0.011799307256634988
 6.8179390678189604e-17
 -0.0036704763039651042
 -0.0030489216922967625
 -0.00058968014380007794
 -0.0037501456940754255
 -0.007251521370950538
 -0.0035338451005878903
 -0.0026976072161846347
 -0.0080810096175103745
 -0.005494513584154986
 -0.013531045139935015
 -0.00066068572675228893
 0.0015094617233900795
 -0.042923019420369198
 -0.030855326405298134
 -0.079935471137293546
 0.011429015643319815
 0.002640263572673298
 0.013336617894175836
 -0.052506537504406779
 -0.01608616169854539
 -0.008501527311351521
 0.0034019369077779469
 0.0024102968454459721
 0.0030489216922968952
 0.0036704763039652468
 0.011799307256635133
 0.0076042322957066881
 0.010953103680591875
 0.00058968014380022095
 0.0072515213709506863
 0.0037501456940755742
 -0.053958212330495914
 -0.012808996332877496
 0.016131647795387245
 0.0067156826683938842
 0.0005051484496222269
 0.011254412779269403
 0.018280976551917731
 -0.0063502663020828737
 0.0044534335875675993
 -0.00058036925929448873
 0.0085243314388548982
 0.0074243480245253166
 0.00028844786151620782
 0.013272453277504488
 0.012893464011994002
 0.017439006554253084
 0.0046691140071528974
 0.0008507900892312291
 0.015754358221517779
 0.010195813357262686
 0.0018485155952099506
 0.0066787538146157975
 0.0081169600670785019
 0.019155338709035886
 0.014917768674268845
 0.0184955840059054
 -0.02430585851584597
 -0.018038017083865404
 -0.040588603253848853
 -0.029795134204405507
 -0.04815787574221099
 -0.012906580960794575
 -0.0089065071637508767
 -0.036526042406654989
 -0.05169621770105743
 -0.051632230994124437
 -0.032188928100303223
 -0.043958637307051275
 -0.034478267183884179
 -0.063114472496753726
 -0.053869613535636525
 -0.049188895884483962
 -0.0021861931615664038
 -0.0010288224979223477
 -0.0059136673179217983
 -0.0037429266374474843
 -0.014102059549141139
 -0.0092844472050382289
 -0.019809475249397829
 -0.033187547202941203
 -0.026196736503793477
 -0.018048417820809185
 0
 -0.026701294995653824
 -0.014483753235528855
 -0.019841102390260254
 0
 -0.031044494775279645
 -0.025946929748470661
 5.5149457279811436e-18
 -0.0030607796805146173
 0
 -0.0057320223162897277
 -0.0049892533660648069
 1.8033645491390977e-17
 0
 -0.006358016797662883
 -0.010089689938790201
 -0.0028363570609264538
 4.7198638030370619e-17
 -0.017436739089511391
 -0.0090188832563356715
 3.2685585146793161e-17
 -0.0043957059633194483
 -0.0054510551509900163
 -0.016202137437188669
 -0.011773968109634481
 -0.018429279110623548
 0
 0.0030607796805146273
 0.010089689938790206
 0.0063580167976628951
 0
 0.0049892533660648311
 0.0057320223162897694
 0.036526042406654975
 0.026701294995653813
 0
 0.025946929748470699
 0.03104449477527969
 0.034478267183884199
 0
 0.019841102390260251
 0.014483753235528854
 0.0028363570609265371
 0.0010288224979224413
 0.0054510551509900675
 0.0043957059633195107
 0.014102059549141205
 0.0090188832563357357
 0.017436739089511443
 0.016202137437188697
 0.01842927911062359
 0.011773968109634518
 0.051632230994124458
 0.051696217701057437
 0.04918889588448401
 0.053869613535636553
 0.063114472496753837
 0.04395863730705131
 0.032188928100303292
 0.006350266302082983
 0.018038017083865498
 0.024305858515846056
 0.0089065071637509808
 0.01290658096079467
 -0.00028844786151608986
 0.048157875742211052
 0.029795134204405556
 0.040588603253848936
 0.0021861931615665005
 -0.00085079008923112198
 0.019809475249397891
 0.0092844472050383087
 -0.0018485155952098352
 0.0037429266374475805
 0.0059136673179218946
 0.033187547202941273
 0.018048417820809261
 0.02619673650379354
 0.00058036925929461482
 -0.0044534335875674727
 -0.017439006554252932
 -0.012893464011993854
 -0.013272453277504349
 -0.0074243480245251847
 -0.0085243314388547698
 0.012808996332877605
 0.053958212330496025
 -0.018280976551917589
 -0.011254412779269257
 -0.00050514844962209213
 -0.0067156826683937515
 -0.016131647795387088
 -0.0046691140071527717
 -0.008116960067078384
 -0.0066787538146156648
 -0.010195813357262537
 -0.01575435822151763
 -0.019155338709035737
 -0.018495584005905247
 -0.014917768674268715
 0.084573648444925903
 0.061091026031609867
 0.066351811138205624
 0.049091269697119432
 0.055563810100157415
 0.07563403755425345
 0.021511355682962214
 0.03724398183280761
 0.016073904864814234
 0.016245599438063536
 0.01994931380210279
 0.033442609514681892
 0.0021647462881300449
 0.0099698808062350756
 0.0019057463594521339
 0.063778289524071149
 0.030768075430913883
 0.040957664030468452
 -0.015547036952922734
 -0.01288884365620608
 -0.013873168869405204
 0.00044437951318569561
 -0.0087907467580791761
 -0.0071591115707251868
 -0.008006442598798796
 -0.0090984879627485811
 -0.0041142655745378042
 0.023636204321023622
 0.0054327806191244183
 0.010488371632507234
 7.119745528240601e-17
 0.0016331092861543788
 0.0017222402882352968
 0.00089511292385187585
 0.0013400313521381793
 7.1593438613776755e-17
 0.005494485437171898
 0.0033265272741565409
 0.0051327933968032423
 -0.0011473966420987552
 -0.00070628815883461117
 7.1131377001725656e-17
 0.00082282367858959454
 -0.00046733799552245843
 -0.00092099397136819296
 7.1792058342276998e-17
 -0.00018879970118764697
 0.00036365495259184068
 0.018040537628930188
 0.011824575240083081
 0.014535549901114254
 0.0071114745502436696
 0.0093206568213856488
 0.010309229306729468
 0.0036712656141631023
 0.0068768253275693029
 0.0032424239732583649
 0.0017616001278355578
 0.0025658384425703228
 0.0040849428017973987
 -0.00088922080874303221
 -0.0012279423005380895
 5.6219953570631532e-17
 -0.005112850377919519
 -0.0029843594477270054
 -0.0044515239222655883
 6.3056985236079281e-17
 -0.001501602359178552
