# Created by Octave 5.1.0, Tue Feb 25 00:11:47 2020 GMT <unknown@Thomas-PC>
# name: contactConvergence
# type: matrix
# rows: 2
# columns: 1
 0
 0


