# Created by Octave 5.1.0, Mon Feb 24 23:38:32 2020 GMT <unknown@Thomas-PC>
# name: contactConvergence
# type: matrix
# rows: 2
# columns: 1
 0
 0


