# Created by Octave 5.1.0, Mon Feb 24 23:37:01 2020 GMT <unknown@Thomas-PC>
# name: equilibriumConvergence
# type: matrix
# rows: 2
# columns: 1
 2.1026296647505109
 8.4283972665971285e-15


