# Created by Octave 5.1.0, Tue Feb 25 00:11:47 2020 GMT <unknown@Thomas-PC>
# name: equilibriumConvergence
# type: matrix
# rows: 2
# columns: 1
 0.27130775149781333
 1.2904493167824436e-13


