# Created by Octave 5.1.0, Mon Feb 24 23:37:20 2020 GMT <unknown@Thomas-PC>
# name: equilibriumConvergence
# type: matrix
# rows: 2
# columns: 1
 1.3372553084184413
 1.620662132413779e-14


