# Created by Octave 5.1.0, Mon Feb 24 23:38:32 2020 GMT <unknown@Thomas-PC>
# name: equilibriumConvergence
# type: matrix
# rows: 2
# columns: 1
 0.7958998993641252
 3.092890465438849e-14


