# Created by Octave 5.1.0, Mon Feb 24 23:43:26 2020 GMT <unknown@Thomas-PC>
# name: equilibriumConvergence
# type: matrix
# rows: 2
# columns: 1
 0.46335838192118117
 6.4194158569228484e-14


