# Created by Octave 5.1.0, Mon Feb 24 23:36:53 2020 GMT <unknown@Thomas-PC>
# name: equilibriumConvergence
# type: matrix
# rows: 2
# columns: 1
 5.7282196186947996
 2.7020733556237901e-15


