# Created by Octave 5.1.0, Mon Feb 24 23:36:55 2020 GMT <unknown@Thomas-PC>
# name: equilibriumConvergence
# type: matrix
# rows: 2
# columns: 1
 3.0728119078264675
 2.850386638557599e-15


