# Created by Octave 5.1.0, Mon Feb 24 23:36:55 2020 GMT <unknown@Thomas-PC>
# name: lambda_sol
# type: matrix
# rows: 5
# columns: 1
 0
 0
 0
 0
 0


