# Created by Octave 5.1.0, Mon Feb 24 23:36:53 2020 GMT <unknown@Thomas-PC>
# name: u_sol
# type: matrix
# rows: 18
# columns: 1
 0.028027128534681141
 -0.028027128534681187
 0
 0
 -2.6263718266905831e-17
 -0.04979565539821687
 0
 0.049795655398216836
 -1.0567047609716363e-17
 -0.32160368995722211
 -0.32160368995722216
 0
 0
 -0.29491844615304846
 -0.21633332803343636
 0
 -0.21633332803343636
 -0.22866502628406993


