# Created by Octave 5.1.0, Mon Feb 24 23:36:55 2020 GMT <unknown@Thomas-PC>
# name: u_sol
# type: matrix
# rows: 50
# columns: 1
 0.021994805554103464
 -0.02199480555410363
 0
 0
 -8.2410663199889988e-17
 -0.054970710250685798
 0
 0.054970710250685707
 -3.243039686420214e-17
 0.011644888493174382
 -5.7301588981959174e-17
 0.016396013054719695
 -0.011644888493174549
 -0.016396013054719816
 -0.034674011880624057
 -0.028392916689657779
 -0.064640759960406469
 -0.027527584101036475
 0
 -1.733383558089938e-17
 0
 0.02752758410103643
 0.064640759960406427
 0.028392916689657703
 0.034674011880623933
 -0.31647600526624609
 -0.31647600526624614
 0
 0
 -0.31138100691670778
 -0.22266799538191362
 0
 -0.22266799538191356
 -0.23620898629496209
 -0.31686046544972302
 -0.29343099006434153
 -0.29421208686855022
 -0.31686046544972307
 -0.29421208686855027
 -0.28723459085871272
 -0.2315941285122248
 -0.13818998895500517
 -0.12831148632429204
 0
 -0.12683126565414055
 0
 -0.12831148632429201
 -0.13818998895500512
 -0.23159412851222477
 -0.28723459085871267


