# Created by Octave 5.1.0, Mon Feb 24 23:37:01 2020 GMT <unknown@Thomas-PC>
# name: u_sol
# type: matrix
# rows: 162
# columns: 1
 0.013162541260329837
 -0.0131625412603299
 0
 0
 -3.0750623153559001e-17
 -0.058967695346590042
 0
 0.058967695346590014
 -1.2926691421086726e-17
 0.007499070896470483
 -2.3019973991907113e-17
 0.017427605882005939
 -0.0074990708964705437
 -0.017427605882005988
 -0.034026030309348136
 -0.030803824829920171
 -0.069719437102732928
 -0.030659606997964491
 0
 -2.9316522807498399e-18
 0
 0.030659606997964477
 0.069719437102732915
 0.03080382482992014
 0.034026030309348081
 0.010621495564014762
 0.011580591730357014
 0.016764692398546076
 -2.6567683320996354e-17
 0.005818058664923749
 0.0038829636362028926
 0.011991890490585289
 0.008692135597295805
 -1.857440359353622e-17
 -0.0038829636362029524
 -0.0058180586649238027
 -0.016764692398546131
 -0.011580591730357069
 -0.010621495564014826
 -0.0086921355972958535
 -0.011991890490585329
 -0.021623417684962606
 -0.025778119534257248
 -0.045654822587950505
 -0.035979697501417898
 -0.047425701718474413
 -0.024199608313932679
 -0.015445478827037758
 -0.06873860594975674
 -0.051894270717067786
 -0.032118480779712549
 -0.049550932163303918
 -0.055041201652127614
 -0.034006123660072191
 -0.01687491469073903
 0
 -0.019015602180200687
 -3.7372447911601086e-18
 -0.0089542717796362008
 0
 -0.014746774367930596
 -7.0805192806717151e-18
 0
 0.0089542717796361922
 0.032118480779712549
 0.01901560218020068
 0
 0.014746774367930588
 0.016874914690739012
 0.055041201652127607
 0.049550932163303904
 0.045654822587950478
 0.051894270717067773
 0.068738605949756726
 0.03400612366007217
 0.01544547882703773
 0.047425701718474371
 0.035979697501417857
 0.0257781195342572
 0.021623417684962551
 0.024199608313932634
 -0.30980077671291284
 -0.3098007767129129
 0
 0
 -0.32078913599718867
 -0.22536371946903641
 0
 -0.22536371946903638
 -0.2382476510783185
 -0.32029230283211391
 -0.30064837630418811
 -0.29838630025296542
 -0.32029230283211396
 -0.29838630025296548
 -0.28495537982195485
 -0.23549210366270187
 -0.14060703680465841
 -0.13125385877171797
 0
 -0.1297316062398077
 0
 -0.131253858771718
 -0.14060703680465841
 -0.23549210366270187
 -0.28495537982195485
 -0.31572863878543977
 -0.31424732367326708
 -0.30971830198547129
 -0.3159159435636234
 -0.31620970977583357
 -0.32221567793427341
 -0.2738263084137087
 -0.30029612321093829
 -0.274740420808394
 -0.32221567793427341
 -0.31620970977583357
 -0.30971830198547129
 -0.31424732367326708
 -0.31572863878543977
 -0.30029612321093829
 -0.2738263084137087
 -0.30210867414413528
 -0.29389662912618991
 -0.23311338858408454
 -0.26822939625696929
 -0.25917943170589441
 -0.27216042623522507
 -0.2363248423196545
 -0.18743517545981953
 -0.18892700253455122
 -0.068544124702128409
 -0.13432173971894121
 -0.082259400736714505
 -0.18832070078885696
 -0.18790984045808121
 0
 -0.067015736396852141
 -0.066375605758550948
 -0.066882332935986652
 0
 -0.13046754976115857
 -0.18774590495427673
 0
 -0.066882332935986652
 -0.068544124702128409
 -0.067015736396852155
 0
 -0.1304675497611586
 -0.18790984045808121
 -0.082259400736714505
 -0.13432173971894118
 -0.23311338858408454
 -0.18892700253455122
 -0.1874351754598195
 -0.18832070078885696
 -0.2363248423196545
 -0.25917943170589436
 -0.26822939625696923
 -0.29389662912618991
 -0.30210867414413528
 -0.27216042623522507


