# Created by Octave 5.1.0, Mon Feb 24 23:37:20 2020 GMT <unknown@Thomas-PC>
# name: u_sol
# type: matrix
# rows: 578
# columns: 1
 0.0079185551971361796
 -0.0079185551971360478
 0
 0
 6.6106040704575125e-17
 -0.06095097526439619
 0
 0.060950975264396245
 2.1285252320478663e-17
 0.0051575978097910188
 4.1832156759630843e-17
 0.017912578648760377
 -0.0051575978097908922
 -0.01791257864876029
 -0.033855867624686259
 -0.031750246231403094
 -0.072002191905880628
 -0.03197794494113812
 0
 7.8818010328157233e-18
 0
 0.031977944941138134
 0.072002191905880655
 0.031750246231403143
 0.033855867624686356
 0.0066903190154489305
 0.010918259181745478
 0.015577673773813184
 5.364641533559119e-17
 0.0055989030316398354
 0.0028972682193031144
 0.012718902538053224
 0.0090820478162732254
 3.029315521347137e-17
 -0.0028972682193029843
 -0.0055989030316397287
 -0.015577673773813076
 -0.010918259181745368
 -0.0066903190154488012
 -0.0090820478162731404
 -0.01271890253805316
 -0.019759570518962054
 -0.026134364971501515
 -0.047064232071758694
 -0.037124873204387572
 -0.048229905919963317
 -0.025250588199608438
 -0.015923892131100209
 -0.070674656010782572
 -0.053349343000837851
 -0.034589263593050222
 -0.051478984907460702
 -0.057539981434827053
 -0.034969962383883162
 -0.017217026499368661
 0
 -0.019989329671529121
 2.0763066363008935e-18
 -0.0092945343981443267
 0
 -0.015258786114584129
 1.3248662713015546e-17
 0
 0.0092945343981443319
 0.034589263593050236
 0.019989329671529128
 0
 0.015258786114584144
 0.017217026499368689
 0.057539981434827067
 0.051478984907460723
 0.047064232071758749
 0.053349343000837886
 0.070674656010782599
 0.034969962383883196
 0.015923892131100251
 0.048229905919963387
 0.037124873204387641
 0.026134364971501602
 0.019759570518962166
 0.025250588199608504
 0.007325534471208801
 0.010883071366840677
 0.012135705547654122
 0.0078365770005821775
 0.0094521582297321452
 0.0059963572469458248
 0.017599273420471111
 0.013341982968931408
 0.014311232455862936
 6.0066759873637375e-17
 0.0020528138481088875
 0.0014933843429279893
 0.0036459019560023394
 0.0027997333395271299
 4.6949372695680731e-17
 0.0041263587042628287
 0.0040994546796758354
 0.0060439906646488654
 0.007168282497904451
 0.0063443229067546214
 2.5392082346479187e-17
 0.013556637583676392
 0.010916882460311103
 0.016319162652386459
 3.6320274414442729e-17
 0.0054572823983279574
 0.0045445759869438161
 0.0083240348339047067
 0.0072859122142128639
 0.010859768788263929
 -0.0014933843429278575
 -0.0020528138481087674
 -0.0060439906646487475
 -0.0040994546796757174
 -0.0041263587042627012
 -0.0027997333395270232
 -0.0036459019560022444
 -0.012135705547654
 -0.010883071366840559
 -0.0073255344712086709
 -0.014311232455862839
 -0.013341982968931299
 -0.017599273420471014
 -0.0059963572469456973
 -0.0094521582297320255
 -0.0078365770005820595
 -0.0063443229067545589
 -0.0071682824979043989
 -0.0045445759869437328
 -0.0054572823983278845
 -0.016319162652386386
 -0.010916882460311028
 -0.013556637583676305
 -0.0083240348339045974
 -0.010859768788263831
 -0.0072859122142127676
 -0.013343870172517045
 -0.017662440800709021
 -0.030023159454676072
 -0.02370015498590141
 -0.026675530598647555
 -0.020713627382645636
 -0.022108729160410241
 -0.054245032653188766
 -0.048764095887170934
 -0.054988058628942772
 -0.035620452127122074
 -0.042322558294887874
 -0.039522289472829833
 -0.041106817863064311
 -0.042756135720152147
 -0.036439093071685948
 -0.014418832067460944
 -0.0079736907040894242
 -0.021603911922514124
 -0.019044089426830679
 -0.023859634548940009
 -0.021610530560558644
 -0.028696204741392915
 -0.031664847999951597
 -0.031288740685890763
 -0.026725521393195582
 -0.066621773522815494
 -0.059035514415064383
 -0.063556120325515067
 -0.06231273492026683
 -0.072709788247037027
 -0.05091936256646714
 -0.04248684572809238
 -0.025536102177590461
 -0.04519441434768471
 -0.039086221061653444
 -0.041355089332450752
 -0.045448618455787265
 -0.035666722902951857
 -0.067487581376796543
 -0.056442229029376484
 -0.061981923558310378
 -0.01690593040564763
 -0.0085024176327858636
 -0.033928627084455654
 -0.025379629797511946
 -0.025388192488574192
 -0.02598420604309588
 -0.034460156171662218
 -0.053785856322667296
 -0.043967884713489107
 -0.044142440547614341
 0
 -0.018821600758555129
 -0.010687529795995408
 -0.01426093378585282
 0
 -0.026532287217187887
 -0.027185258727093178
 5.2535904322988989e-20
 -0.0024191153417039515
 0
 -0.0062951346892089503
 -0.0045631914708087569
 4.7866617990842181e-18
 0
 -0.0049427829863470402
 -0.0076553018930886913
 -0.008598496548410375
 1.6894080350906325e-17
 -0.023336694229247827
 -0.016710157258421097
 1.0644227600416931e-17
 -0.0082991170035295117
 -0.0075439994963196998
 -0.014360346521024466
 -0.012781339124256687
 -0.019661708294682008
 0
 0.0024191153417039515
 0.007655301893088693
 0.0049427829863470394
 0
 0.0045631914708087612
 0.006295134689208959
 0.025536102177590461
 0.018821600758555129
 0
 0.027185258727093192
 0.026532287217187898
 0.035666722902951871
 0
 0.014260933785852825
 0.01068752979599541
 0.0085984965484104028
 0.0085024176327859
 0.0075439994963197145
 0.0082991170035295325
 0.025388192488574216
 0.016710157258421121
 0.023336694229247845
 0.014360346521024473
 0.019661708294682022
 0.012781339124256698
 0.039086221061653451
 0.045194414347684723
 0.061981923558310399
 0.056442229029376505
 0.067487581376796571
 0.045448618455787286
 0.041355089332450773
 0.054245032653188814
 0.059035514415064431
 0.066621773522815536
 0.042486845728092422
 0.050919362566467181
 0.039522289472829888
 0.072709788247037055
 0.062312734920266871
 0.063556120325515109
 0.016905930405647664
 0.0079736907040894658
 0.034460156171662246
 0.025984206043095912
 0.023859634548940054
 0.025379629797511984
 0.033928627084455695
 0.053785856322667323
 0.044142440547614382
 0.043967884713489135
 0.054988058628942835
 0.048764095887170997
 0.036439093071686024
 0.042756135720152216
 0.041106817863064395
 0.042322558294887937
 0.035620452127122136
 0.017662440800709129
 0.013343870172517166
 0.022108729160410328
 0.020713627382645733
 0.026675530598647655
 0.023700154985901511
 0.030023159454676162
 0.014418832067460998
 0.028696204741392974
 0.021610530560558699
 0.019044089426830741
 0.0216039119225142
 0.031664847999951673
 0.026725521393195659
 0.031288740685890826
 -0.30572158166828767
 -0.30572158166828756
 0
 0
 -0.32525829559992459
 -0.22668437507213812
 0
 -0.22668437507213815
 -0.23851177154145753
 -0.3217641972270377
 -0.30353405640448983
 -0.30018442691636477
 -0.32176419722703764
 -0.30018442691636471
 -0.28363971464879201
 -0.23700700837604835
 -0.1415221858556473
 -0.13235342557961724
 0
 -0.13097177384429667
 0
 -0.13235342557961727
 -0.14152218585564733
 -0.23700700837604838
 -0.28363971464879206
 -0.31517084742063012
 -0.3160612292347349
 -0.30976003052720869
 -0.31977077506153473
 -0.31912225273152584
 -0.32507346432712714
 -0.27572039881232419
 -0.30281736480871024
 -0.27637728498185216
 -0.32507346432712714
 -0.31912225273152584
 -0.30976003052720863
 -0.3160612292347349
 -0.31517084742063012
 -0.30281736480871019
 -0.27572039881232419
 -0.29931920595251177
 -0.29444492860695765
 -0.23458276391593386
 -0.26930673022838048
 -0.25931477587050328
 -0.27386162647774942
 -0.23766465090978428
 -0.18805761628252873
 -0.19018609069112977
 -0.069885761534976054
 -0.13544177903462859
 -0.084780861539801217
 -0.18962179589312722
 -0.18906283034868807
 0
 -0.067588144396571667
 -0.067175011089842446
 -0.067355695449352049
 0
 -0.13139886148353452
 -0.18883132406586181
 0
 -0.067355695449352049
 -0.069885761534976054
 -0.067588144396571667
 0
 -0.13139886148353455
 -0.18906283034868807
 -0.084780861539801244
 -0.13544177903462862
 -0.23458276391593388
 -0.19018609069112979
 -0.18805761628252879
 -0.18962179589312722
 -0.23766465090978428
 -0.25931477587050333
 -0.26930673022838053
 -0.29444492860695765
 -0.29931920595251182
 -0.27386162647774948
