# Created by Octave 5.1.0, Mon Feb 24 23:38:32 2020 GMT <unknown@Thomas-PC>
# name: u_sol
# type: matrix
# rows: 2178
# columns: 1
 0.0058232174498170372
 -0.0058232174498169852
 0
 0
 2.5054551526093504e-17
 -0.061640549180506946
 0
 0.061640549180506973
 8.1063567253249218e-18
 0.0044075903149363594
 1.4718343659489007e-17
 0.018076039617958541
 -0.00440759031493631
 -0.018076039617958509
 -0.033855305147025873
 -0.03203224894740498
 -0.072929496486040454
 -0.032482762927698673
 0
 5.9260362381775045e-18
 0
 0.032482762927698687
 0.072929496486040468
 0.032032248947405001
 0.033855305147025908
 0.0052991919629666239
 0.010692000342581482
 0.01521382654417359
 1.9608493084475143e-17
 0.0055225407460864663
 0.0025683352274340817
 0.012946476672806101
 0.0092070824187849357
 1.0269381044540344e-17
 -0.0025683352274340327
 -0.0055225407460864264
 -0.015213826544173548
 -0.010692000342581441
 -0.0052991919629665745
 -0.0092070824187849062
 -0.01294647667280608
 -0.019199985092439264
 -0.026282625935548299
 -0.047500924080256891
 -0.037515973652521899
 -0.048520226748938314
 -0.02559279615974008
 -0.016054833305020378
 -0.071279415796700926
 -0.053820917822404737
 -0.035632394155305079
 -0.052237307956934834
 -0.058762265723921112
 -0.035314068927043432
 -0.017354600603266615
 0
 -0.020427379948943079
 2.8783989450061764e-18
 -0.0094619874905986726
 0
 -0.015479092891780184
 7.2933530899876513e-18
 0
 0.0094619874905986778
 0.035632394155305086
 0.020427379948943086
 0
 0.015479092891780196
 0.017354600603266632
 0.058762265723921125
 0.052237307956934848
 0.047500924080256912
 0.053820917822404751
 0.07127941579670094
 0.035314068927043446
 0.016054833305020395
 0.048520226748938342
 0.037515973652521926
 0.026282625935548334
 0.019199985092439309
 0.025592796159740101
 0.0055416432294995172
 0.010077361658416656
 0.011186551551945194
 0.0073478196673518945
 0.0088045265368377271
 0.0049588333382323312
 0.017569551814236212
 0.013041959712942818
 0.014306371755958279
 2.2491375293806956e-17
 0.0019718131845851816
 0.0013447746045905024
 0.0036778056780269871
 0.0027783555621859472
 1.6636980279581222e-17
 0.0036056122173957492
 0.0038992748438924272
 0.0057059067324231232
 0.0073139604103482463
 0.006484029554002204
 8.5842989991068526e-18
 0.013707716801016706
 0.011108422863367492
 0.016562829239668533
 1.2581330887472512e-17
 0.0055711600972273602
 0.0046219181134452437
 0.0081754924895222243
 0.0073202915312791765
 0.0108784328662417
 -0.0013447746045904521
 -0.0019718131845851369
 -0.0057059067324230781
 -0.0038992748438923821
 -0.0036056122173957006
 -0.0027783555621859078
 -0.0036778056780269524
 -0.011186551551945147
 -0.010077361658416609
 -0.0055416432294994669
 -0.014306371755958242
 -0.013041959712942777
 -0.017569551814236174
 -0.0049588333382322818
 -0.008804526536837682
 -0.0073478196673518485
 -0.0064840295540021832
 -0.0073139604103482289
 -0.0046219181134452142
 -0.005571160097227335
 -0.016562829239668508
 -0.011108422863367468
 -0.013707716801016675
 -0.0081754924895221844
 -0.010878432866241664
 -0.0073202915312791418
 -0.012231189026328635
 -0.017231966070312733
 -0.030121653676688627
 -0.023588677297335041
 -0.026453113965639052
 -0.020654940058293585
 -0.022273490325959842
 -0.054784707118060508
 -0.049226736237701366
 -0.055410731687712225
 -0.036027747268260912
 -0.042772058812722932
 -0.039878408326687709
 -0.041266217420966637
 -0.043121679014608949
 -0.036687703132970838
 -0.014632346096607719
 -0.0080316248872197016
 -0.021882781731617989
 -0.019334463724709244
 -0.024066905129393086
 -0.021891879131048814
 -0.029044505329991914
 -0.031956530778271701
 -0.031667920293874871
 -0.027023165170969907
 -0.06718669019427484
 -0.059503397875619563
 -0.064208721692783063
 -0.062830805256614414
 -0.073447812484173758
 -0.05133522940143527
 -0.042850961820851359
 -0.026910470000716322
 -0.046444089491464911
 -0.040232371071315907
 -0.041998681456407616
 -0.046381315095173618
 -0.036411570933861298
 -0.068612224953462253
 -0.057513971524653359
 -0.062830845837051591
 -0.017015252658206179
 -0.0085057306899862777
 -0.03422600909675285
 -0.025591487746766929
 -0.025695217603725541
 -0.026232258178381474
 -0.034882343698632655
 -0.054378425169531994
 -0.044485992634346778
 -0.044560394558319116
 0
 -0.019463697671244048
 -0.010909488375235988
 -0.014621249673097501
 0
 -0.027217289099885383
 -0.027718704607560082
 6.2920764987356533e-19
 -0.0024671623730926529
 0
 -0.0063978769315349163
 -0.0046456746232231621
 4.7895002890658104e-18
 0
 -0.0050319813798497849
 -0.0077968520986262503
 -0.0086398036001185553
 8.3606245870541131e-18
 -0.023693739542465685
 -0.016896680836262105
 6.4718210278118862e-18
 -0.0083782632479830633
 -0.0076457473832314098
 -0.014637716877236358
 -0.012997531578929852
 -0.020017583933871833
 0
 0.0024671623730926542
 0.0077968520986262529
 0.0050319813798497866
 0
 0.0046456746232231673
 0.0063978769315349241
 0.026910470000716325
 0.019463697671244052
 0
 0.027718704607560093
 0.02721728909988539
 0.036411570933861305
 0
 0.014621249673097504
 0.01090948837523599
 0.0086398036001185709
 0.0085057306899862933
 0.0076457473832314202
 0.0083782632479830754
 0.025695217603725558
 0.016896680836262119
 0.023693739542465699
 0.014637716877236362
 0.020017583933871839
 0.01299753157892986
 0.040232371071315914
 0.046444089491464918
 0.062830845837051605
 0.057513971524653366
 0.068612224953462253
 0.046381315095173632
 0.04199868145640763
 0.054784707118060536
 0.059503397875619576
 0.067186690194274853
 0.04285096182085138
 0.051335229401435291
 0.03987840832668773
 0.073447812484173772
 0.062830805256614428
 0.064208721692783077
 0.017015252658206196
 0.0080316248872197189
 0.034882343698632669
 0.026232258178381491
 0.024066905129393103
 0.025591487746766946
 0.034226009096752871
 0.054378425169532008
 0.044560394558319137
 0.044485992634346792
 0.055410731687712253
 0.049226736237701393
 0.036687703132970866
 0.043121679014608977
 0.041266217420966665
 0.04277205881272296
 0.03602774726826094
 0.017231966070312774
 0.012231189026328682
 0.022273490325959874
 0.020654940058293624
 0.026453113965639093
 0.023588677297335079
 0.030121653676688662
 0.014632346096607738
 0.029044505329991935
 0.021891879131048834
 0.019334463724709264
 0.021882781731618017
 0.031956530778271736
 0.027023165170969934
 0.031667920293874892
 0.005677791757820491
 0.0083182832543309895
 0.008614539396479555
 0.0076446642802805069
 0.0079964105474151382
 0.0054225621413043646
 0.013398564848730941
 0.010650235204250853
 0.012601771577294687
 0.0058170297601408284
 0.0063473592842144379
 0.0047135922422317797
 0.0099520883930584933
 0.0080997224512472984
 0.0089786158689383038
 0.0051501800104563206
 0.0068261462703847683
 0.0072567852773311086
 0.018065576425703601
 0.015960042210850973
 0.016178945207014836
 0.014149870888747362
 0.015276199025006076
 0.01661124947120364
 0.012472690876206921
 0.013896381319161585
 0.011889042619754138
 0.0094630899648244816
 0.010880522747903873
 0.011763455871555965
 2.3821730273706231e-17
 0.0008126522937128073
 0.00068034819748267724
 0.0011796312327264089
 0.00098484923370446278
 2.1114117636441595e-17
 0.0019762256414375449
 0.0016270084017523895
 0.0024225666229694093
 0.002075142533587062
 0.0018404420928684361
 1.5600948783399168e-17
 0.004158464592985996
 0.0032198759325333557
 0.0048202050973853942
 1.8087484640651879e-17
 0.0016111206447075464
 0.0013898086419279517
 0.0040380403098764055
 0.0045992279091731803
 0.0052339869535932039
 0.0031880995640212175
 0.0039157117811779033
 0.00311381510524791
 0.0058094004596798577
 0.0048210170340104459
 0.0046827648407566777
 0.0023595838369422119
 0.0035303023826575766
 0.0029468606436892772
 0.0038305609955116512
 0.0036506139103044608
 8.313352161411199e-18
 0.0097210746830952433
 0.0069122227100392323
 0.01036837060270554
 9.3739783590631692e-18
 0.0034538763925385284
 0.0032418923876675518
 0.015911165020221742
 0.015138524722862139
