# Created by Octave 5.1.0, Wed Apr 22 11:14:54 2020 GMT <unknown@Thomas-PC>
# name: contactConvergence
# type: matrix
# rows: 7
# columns: 1
 7.0654363861631939
 0.0036502800405341599
 0.74678112873780544
 4.3578343400519774e-18
 1.8310552422207866e-18
 3.1146170919496793e-18
 4.3959927750502869e-18


