# Created by Octave 5.1.0, Wed Apr 22 11:05:20 2020 GMT <unknown@Thomas-PC>
# name: contactConvergence
# type: matrix
# rows: 6
# columns: 1
 4.2933591405737515
 2.1844998771716344e-18
 6.7426664711902718e-18
 3.0140242997591735e-18
 5.6731005850790808e-18
 3.7497403783657177e-18


