# Created by Octave 5.1.0, Thu Feb 20 08:21:08 2020 GMT <unknown@Thomas-PC>
# name: contactConvergence
# type: matrix
# rows: 8
# columns: 1
 15.2272939027992
 0.83426955792403068
 2.327061781891393e-18
 0.25700343419741084
 2.5285763162865315e-18
 2.6978145986799232e-18
 3.1746666115210816e-18
 2.7094478149371471e-18


