# Created by Octave 5.1.0, Wed Apr 22 11:04:46 2020 GMT <unknown@Thomas-PC>
# name: contactConvergence
# type: matrix
# rows: 6
# columns: 1
 4.4633384940999115
 3.7661050000621668
 4.7704895589362195e-18
 0
 8.6736173798840355e-19
 5.2041704279304213e-18


