# Created by Octave 5.1.0, Mon Mar 02 06:16:31 2020 GMT <unknown@Thomas-PC>
# name: contactConvergence
# type: matrix
# rows: 101
# columns: 1
 37.45136509490051
 12.10704962723023
 1.3723620292779113e-18
 1.4330842689936483e-18
 1.5577074276065872e-18
 1.5340609226573235e-18
 1.1381859920991241e-18
 1.1332574774049781e-18
 1.1779094752026292e-18
 1.3899274832811043e-18
 1.3788106603042759e-18
 1.4812167806798558e-18
 1.4637666594221245e-18
 1.6486657035822822e-18
 1.504151010695756e-18
 1.3098438210128513e-18
 1.4890955362941711e-18
 1.0987867653939989e-18
 1.4213159603060407e-18
 1.2588577782309725e-18
 1.7517104175524482e-18
 1.523950751819352e-18
 1.6479859632196649e-18
 1.5699883323635075e-18
 1.3940160220730339e-18
 1.3655539053845746e-18
 1.6911872742694344e-18
 1.3132777949708315e-18
 1.5933707963416587e-18
 1.7204800851116771e-18
 1.6340647765773511e-18
 1.6535227035370751e-18
 1.9105112385662977e-18
 1.8164963961820531e-18
 1.5749161257667102e-18
 1.4894598281071731e-18
 1.7479067326652931e-18
 2.0265144402642458e-18
 1.9003063293283544e-18
 1.9187194055465794e-18
 1.5484268340340138e-18
 1.4685553062780012e-18
 1.423822034612124e-18
 1.5382879463537214e-18
 1.4879250783530868e-18
 1.565612993954941e-18
 1.6544210379172369e-18
 1.797416045610628e-18
 1.7442538537659445e-18
 1.6484805551563628e-18
 1.6351682070610357e-18
 1.8202666917099059e-18
 1.8767951109846339e-18
 1.8056777342522583e-18
 1.8946839410129984e-18
 1.9650727069159563e-18
 1.6053787174100778e-18
 1.7344097339123794e-18
 2.3733014880813698e-18
 2.3959625503349503e-18
 2.1098691537969287e-18
 2.1590474987195861e-18
 1.3585144838990708e-18
 1.2604980139607697e-18
 1.6285335241848301e-18
 1.5789799892255365e-18
 1.7113808532082894e-18
 1.564970256433508e-18
 1.7245692303371878e-18
 1.8993497360217537e-18
 1.8096531662178988e-18
 1.9096134670745522e-18
 1.863294201404688e-18
 2.0317453753220064e-18
 2.0107495500994804e-18
 1.9871126746937841e-18
 1.8875807364422621e-18
 1.7579320724288964e-18
 1.8151375855607111e-18
 1.7292600481186174e-18
 1.4197908333514693e-18
 1.3183876115209237e-18
 1.4605607016907936e-18
 1.7313342082493209e-18
 1.5259358335830768e-18
 1.4270377071803601e-18
 1.5074705475433741e-18
 1.7862753056470572e-18
 1.724625683873215e-18
 1.713340806464997e-18
 1.6353364338254321e-18
 1.8626014838528663e-18
 1.8778923837800742e-18
 1.9672486627579569e-18
 1.8374622986135163e-18
 1.9179137398382457e-18
 2.0661918952227595e-18
 2.1494632537502484e-18
 1.7865750426687041e-18
 1.4725819148946149e-18
 1.7506621687256718e-18


