# Created by Octave 5.1.0, Wed Apr 22 11:24:13 2020 GMT <unknown@Thomas-PC>
# name: contactConvergence
# type: matrix
# rows: 7
# columns: 1
 6.9479359906905431
 0.00048199748344224653
 3.4341065824984899e-18
 1.6381144032595765e-18
 2.8081036469434584e-18
 3.4770807647298869e-18
 3.3032820397461534e-18


