# Created by Octave 5.1.0, Wed Apr 22 11:04:34 2020 GMT <unknown@Thomas-PC>
# name: contactConvergence
# type: matrix
# rows: 7
# columns: 1
 0
 0.14661229743536602
 0.07330614871768304
 2.4286128663675299e-17
 3.4694469519536142e-18
 6.9388939039072284e-18
 3.4694469519536142e-18


