# Created by Octave 5.1.0, Thu Feb 20 08:21:08 2020 GMT <unknown@Thomas-PC>
# name: equilibriumConvergence
# type: matrix
# rows: 8
# columns: 1
 3.3058715589592773
 4.0866600767479069
 1.4647355935072655
 0.32518047473835193
 0.023072735751253709
 0.000129675422309267
 4.1378583069078174e-09
 8.1439651167827543e-14


