# Created by Octave 5.1.0, Wed Apr 22 11:05:20 2020 GMT <unknown@Thomas-PC>
# name: equilibriumConvergence
# type: matrix
# rows: 6
# columns: 1
 5.4214990640449692
 1.1607344029275388
 0.065223019055600906
 0.00027205732694577387
 6.318466004669286e-09
 1.2246782135681032e-14


