# Created by Octave 5.1.0, Wed Apr 22 11:14:54 2020 GMT <unknown@Thomas-PC>
# name: equilibriumConvergence
# type: matrix
# rows: 7
# columns: 1
 5.422958084070518
 1.2407497887005492
 0.66983629148584889
 0.08203911180129278
 0.00034535675803776191
 1.1709422777972167e-08
 1.7674223156852715e-14


