# Created by Octave 5.1.0, Wed Apr 22 11:04:46 2020 GMT <unknown@Thomas-PC>
# name: equilibriumConvergence
# type: matrix
# rows: 6
# columns: 1
 5.3533448452233365
 1.2121013885946346
 0.27160849231696227
 0.0011095715309137719
 6.1212238285426633e-08
 5.4029745249093704e-15


