# Created by Octave 5.1.0, Wed Apr 22 11:24:13 2020 GMT <unknown@Thomas-PC>
# name: equilibriumConvergence
# type: matrix
# rows: 7
# columns: 1
 4.0963423311777722
 2.0328565028953904
 0.48871407189726135
 0.04368564618610396
 0.00038017408988530655
 2.8396117447650523e-08
 3.2100112174267631e-14


