# Created by Octave 5.1.0, Mon Mar 02 06:16:31 2020 GMT <unknown@Thomas-PC>
# name: equilibriumConvergence
# type: matrix
# rows: 101
# columns: 1
 2.951444540001555
 6.3079837197416984
 8.7028301491007394
 8.7609024668720501
 7.1930096070052914
 4.978100325518577
 4.8080920417639526
 3.4820700276924121
 2.8178913073680389
 2.4518656027183745
 2.0973420022116458
 2.0935784928920231
 2.4424750024226496
 2.3388425419298242
 1.7871166985389939
 1.4590747081700837
 1.2762231761134391
 0.73474909877668992
 0.46315595838933016
 0.22844363074625396
 0.23099639763794211
 0.23217241139706868
 0.23244571555406071
 0.22777352147801982
 0.20297373942848501
 0.13666966218471915
 0.14812346352582795
 0.11116027978140187
 0.10167423523725044
 0.12244819075356522
 0.14347271031729511
 0.1662051333050874
 0.19292673570411442
 0.22697160965682806
 0.27483967358502082
 0.35377035071598278
 0.5371275226596135
 2.0545557238665606
 3.0453155784391028
 1.8588422179071402
 1.5430092393953108
 0.83844144332478532
 0.85339849966654324
 0.85175547907184668
 0.85870744500042084
 0.85857351747703725
 0.86691069444118429
 0.86686606603511351
 0.8685001333591772
 0.86834120180832253
 0.92721683329653004
 0.93295038641597516
 0.93363399577147566
 0.9141519480307595
 0.93924468561610097
 0.93997680065162714
 0.93033705892615193
 3.030663881007329
 8.5150239537362573
 16.032542646697991
 5.0806283101468672
 4.2959545064103288
 2.8267746806646303
 2.0285517394267032
 1.5827873218258419
 3.4076723923598582
 1.6705952640563626
 1.6010851748358357
 0.8068688549398606
 0.7979881114769154
 0.79479510108697815
 0.80100359855069636
 0.80029459685601867
 0.84732149525963352
 0.84414422421562052
 0.9458074369542312
 0.93072696729491966
 0.89009894001355938
 0.76803789361299002
 0.74067440989750877
 0.53546600765022234
 0.36370854571592548
 0.26887290181990392
 0.26670506941232597
 0.26558287328595181
 0.27909626339252785
 0.28026423325818145
 0.28037975285347366
 0.27793370586842298
 0.27694126554718823
 0.27818156315307585
 0.2781913159434764
 0.27686575426833804
 0.3142375761224348
 0.32399301307357997
 0.32666759607592422
 0.32741171056568652
 0.32761950747681901
 0.30572615487901861
 0.32845411816847664
 0.33399130534851457


