# Created by Octave 5.1.0, Wed Apr 22 11:05:20 2020 GMT <unknown@Thomas-PC>
# name: lambda_sol
# type: matrix
# rows: 9
# columns: 1
 0
 0
 0
 -0.33375012870928644
 -42.16699664376474
 -0.33375012870928711
 0
 0
 0


