# Created by Octave 5.1.0, Wed Apr 22 11:14:54 2020 GMT <unknown@Thomas-PC>
# name: lambda_sol
# type: matrix
# rows: 17
# columns: 1
 0
 0
 0
 0
 0
 -1.3408211678052091
 -4.0687892707376037
 -3.1209901946701395
 -66.88037877455389
 -3.1209901946701302
 -4.0687892707376099
 -1.3408211678052104
 0
 0
 0
 0
 0


