# Created by Octave 5.1.0, Wed Apr 22 11:24:13 2020 GMT <unknown@Thomas-PC>
# name: lambda_sol
# type: matrix
# rows: 33
# columns: 1
 0
 0
 0
 0
 0
 0
 0
 0
 0
 -0.24261798831496892
 -1.7134305337380171
 -2.8716215565155521
 -4.2010211783711719
 -5.9675610391551235
 -8.7481950266738924
 -3.4458080557859527
 -112.22375401971837
 -3.4458080557859425
 -8.7481950266739084
 -5.9675610391551173
 -4.2010211783711657
 -2.8716215565155552
 -1.7134305337380367
 -0.24261798831495626
 0
 0
 0
 0
 0
 0
 0
 0
 0


