# Created by Octave 5.1.0, Thu Feb 20 08:21:08 2020 GMT <unknown@Thomas-PC>
# name: lambda_sol
# type: matrix
# rows: 65
# columns: 1
 0
 0
 0
 0
 0
 0
 0
 0
 0
 0
 0
 0
 0
 0
 0
 0
 0
 0
 -0.28409386890360688
 -1.0627901780618958
 -1.6453936121006612
 -2.2170327605589168
 -2.8094405706131909
 -3.4419976946685762
 -4.136717296214818
 -4.9235350903830746
 -5.8480527159000744
 -6.9886095125326593
 -8.5026399749367485
 -10.782287333349897
 -14.806331151660936
 0
 -197.24670190885476
 0
 -14.80633115166092
 -10.782287333349968
 -8.5026399749366313
 -6.988609512532781
 -5.8480527159000042
 -4.9235350903830817
 -4.1367172962148482
 -3.441997694668574
 -2.80944057061315
 -2.217032760558928
 -1.6453936121006625
 -1.0627901780619311
 -0.28409386890358601
 0
 0
 0
 0
 0
 0
 0
 0
 0
 0
 0
 0
 0
 0
 0
 0
 0
 0


