# Created by Octave 5.1.0, Mon Mar 02 06:16:31 2020 GMT <unknown@Thomas-PC>
# name: lambda_sol
# type: matrix
# rows: 129
# columns: 1
 0
 0
 0
 0
 0
 0
 0
 0
 0
 0
 0
 0
 0
 0
 0
 0
 0
 0
 0
 0
 0
 0
 0
 0
 0
 0
 0
 0
 0
 0
 0
 0
 0
 0
 0
 0
 -0.43903625496856258
 -0.79583672751779178
 -1.104985373568125
 -1.4014319512227562
 -1.6925024592666151
 -1.9821154687273119
 -2.2733509170270105
 -2.5689125850635732
 -2.8713354036777554
 -3.1831391679691419
 -3.5069621539448037
 -3.8456906407241886
 -4.2025989384330114
 -4.5815160424871308
 -4.9870393313317463
 -5.4248244117353419
 -5.9019964462296599
 -6.4277585966027537
 -7.0143319967402
 -7.6784832003313923
 -8.444168888058714
 -9.3475175555821206
 -10.447380223686075
 -11.851774125897053
 -13.801248156204574
 -16.988829652254751
 -21.243897002119212
 0
 -350.53109727716304
 0
 -17.924978904530036
 -17.044048126744507
 -13.692422625792183
 -11.717617990200326
 -10.318862116718295
 -9.2294825065066153
 -8.3363921548888857
 -7.5798545784315845
 -6.9237358849087425
 -6.3442466355180462
 -5.8247965648741298
 -5.3533149148164068
 -4.9207201371970797
 -4.5199844079929381
 -4.1455304702221829
 -3.7928248308129753
 -3.4580914870475588
 -3.1381010010402037
 -2.8300060238251672
 -2.5312030379066872
 -2.2392043572336733
 -1.951505930503435
 -1.6654350569422374
 -1.3779440802427716
 -1.0851415011627155
 -0.77962584592983752
 -0.42526235861156392
 0
 0
 0
 0
 0
 0
 0
 0
 0
 0
 0
 0
 0
 0
 0
 0
 0
 0
 0
 0
 0
 0
 0
 0
 0
 0
 0
 0
 0
 0
 0
 0
 0
 0
 0
 0


