# Created by Octave 5.1.0, Wed Apr 22 11:04:34 2020 GMT <unknown@Thomas-PC>
# name: u_sol
# type: matrix
# rows: 18
# columns: 1
 -0.010908985398104549
 0.010908985398104443
 0
 0
 -1.5685261169552931e-17
 -0.043876970241592747
 0
 0.043876970241592678
 -1.1819727443550248e-17
 -0.29396158349368212
 -0.29396158349368218
 0
 0
 -0.10000000000000003
 -0.21619694789610877
 0
 -0.21619694789610872
 -0.19477946126185172


