# Created by Octave 5.1.0, Wed Apr 22 11:04:46 2020 GMT <unknown@Thomas-PC>
# name: u_sol
# type: matrix
# rows: 50
# columns: 1
 0.01687480352676099
 -0.01687480352676083
 0
 0
 3.2237597895961837e-17
 -0.04093954787666073
 0
 0.040939547876660813
 3.0089219508105214e-17
 0.013212115673379174
 4.9873190044869005e-17
 -0.0061059019484470522
 -0.01321211567337903
 0.0061059019484471511
 -0.0055959492506298843
 -0.016248854317676614
 -0.068399952225205563
 -0.027626499280040604
 0
 1.4664681612038427e-17
 0
 0.027626499280040635
 0.068399952225205632
 0.016248854317676677
 0.0055959492506299927
 -0.32523966272586563
 -0.32523966272586557
 0
 0
 -0.099999999999999964
 -0.24313376292928823
 0
 -0.24313376292928823
 -0.21698672007728342
 -0.26042664579002317
 -0.19137230549688003
 -0.27476462376391869
 -0.26042664579002317
 -0.27476462376391869
 -0.30392333066371685
 -0.24253936717457761
 -0.16328232488006766
 -0.14747648148274106
 0
 -0.13233209694630313
 0
 -0.14747648148274103
 -0.16328232488006764
 -0.24253936717457761
 -0.30392333066371685


