# Created by Octave 5.1.0, Wed Apr 22 11:05:20 2020 GMT <unknown@Thomas-PC>
# name: u_sol
# type: matrix
# rows: 162
# columns: 1
 0.059990929357905724
 -0.059990929357905801
 0
 0
 -2.9489547854205444e-17
 -0.038553861625035074
 0
 0.038553861625035081
 3.1937348135594196e-18
 0.047320619971480092
 1.8617936735989176e-18
 -0.0057639198003590015
 -0.047320619971480134
 0.0057639198003589841
 -0.011696578324285721
 -0.010158964176234086
 -0.077371097385628543
 -0.033631272198542138
 0
 -2.5600372766809562e-18
 0
 0.033631272198542145
 0.077371097385628557
 0.010158964176234082
 0.011696578324285705
 0.055334806036373071
 0.0083633978944522482
 0.018153954471247225
 -1.8342501079447134e-18
 -0.001857441656951307
 0.027107251507705835
 -0.0061240982949577341
 -0.0090611074132959119
 -1.9165550247764323e-18
 -0.027107251507705862
 0.001857441656951289
 -0.018153954471247263
 -0.0083633978944522847
 -0.055334806036373127
 0.0090611074132959119
 0.0061240982949577341
 -0.025996190281939023
 -0.0019493518860908042
 -0.022419259258318506
 -0.0053589570930344379
 -0.018147811267037489
 0.0030630981174146225
 -0.0023457882466014898
 -0.059091349754144304
 -0.041338221504318887
 -0.04791678265849094
 -0.055745813794944289
 -0.078673371666624581
 -0.024805029847955736
 -0.011399528364177769
 0
 -0.028340830370561176
 1.6797445544785271e-19
 -0.013125806542381791
 0
 -0.015648040250480968
 3.8577818015715772e-18
 0
 0.013125806542381784
 0.047916782658490933
 0.02834083037056118
 0
 0.015648040250480968
 0.011399528364177772
 0.078673371666624595
 0.055745813794944289
 0.022419259258318506
 0.041338221504318894
 0.059091349754144318
 0.02480502984795574
 0.002345788246601492
 0.018147811267037472
 0.0053589570930344266
 0.0019493518860907854
 0.025996190281938981
 -0.0030630981174146195
 -0.37477989097677233
 -0.37477989097677239
 0
 0
 -0.099999999999999964
 -0.26806421864549362
 0
 -0.26806421864549362
 -0.24096484511101726
 -0.28279985640067545
 -0.21491647404766065
 -0.29688443935911524
 -0.28279985640067545
 -0.29688443935911524
 -0.34465413868217565
 -0.26362342430237001
 -0.1719569479926753
 -0.16397947490072143
 0
 -0.15274679274728395
 0
 -0.16397947490072143
 -0.1719569479926753
 -0.26362342430237001
 -0.34465413868217559
 -0.33824350694224814
 -0.29579702563504734
 -0.34063277929494057
 -0.16861713192655148
 -0.23175374619620737
 -0.19789274849229416
 -0.25815547477649381
 -0.25186681667534333
 -0.23901709040771932
 -0.19789274849229413
 -0.23175374619620737
 -0.34063277929494062
 -0.29579702563504739
 -0.33824350694224814
 -0.25186681667534333
 -0.25815547477649381
 -0.3682493571716618
 -0.32995966676270244
 -0.27524360547986443
 -0.30810185725854272
 -0.30994955056916718
 -0.28702545275284219
 -0.24665920786412579
 -0.22469803113553832
 -0.23131462741630776
 -0.087578689662046585
 -0.1712279041793561
 -0.10444456971925938
 -0.22412514655465565
 -0.21414458145205276
 0
 -0.084573240921163112
 -0.078781270451452348
 -0.082456594578060829
 0
 -0.15771402992907493
 -0.20866409943441311
 0
 -0.082456594578060829
 -0.087578689662046572
 -0.084573240921163098
 0
 -0.15771402992907496
 -0.21414458145205276
 -0.10444456971925935
 -0.1712279041793561
 -0.27524360547986443
 -0.23131462741630776
 -0.22469803113553832
 -0.22412514655465562
 -0.24665920786412579
 -0.30994955056916712
 -0.30810185725854272
 -0.32995966676270244
 -0.36824935717166174
 -0.28702545275284219


