# Created by Octave 5.1.0, Wed Apr 22 11:14:54 2020 GMT <unknown@Thomas-PC>
# name: u_sol
# type: matrix
# rows: 578
# columns: 1
 0.068881771958284571
 -0.068881771958284613
 0
 0
 1.3665889666659853e-18
 -0.035028242919685912
 0
 0.035028242919685898
 -6.3194466202634983e-18
 0.053157371415514264
 -7.6044867891533574e-18
 -0.010123828365611629
 -0.053157371415514298
 0.010123828365611619
 -0.0097106699924419723
 -0.0071431919447200211
 -0.081482724042279173
 -0.036158892381110377
 0
 -5.1469786490484912e-18
 0
 0.03615889238111037
 0.081482724042279159
 0.0071431919447200046
 0.0097106699924419549
 0.062853355937958391
 0.0064159101195558595
 0.01977038168229291
 -8.1119064178623033e-18
 -0.0065114622901120654
 0.024398212424431645
 -0.0078168902404706538
 -0.012469580832649263
 -8.3042790908262515e-18
 -0.02439821242443168
 0.0065114622901120437
 -0.019770381682292937
 -0.0064159101195558829
 -0.062853355937958419
 0.012469580832649249
 0.0078168902404706399
 -0.03007689396056127
 0.0013607700594277447
 -0.018381034494915259
 -0.00066866634232729081
 -0.013770750359140759
 0.0069835200667619605
 -0.0011999211731562489
 -0.060148551262281177
 -0.040943776787216751
 -0.055065040711977459
 -0.058672319244743393
 -0.084403996287876024
 -0.024329304414836786
 -0.011089425159093624
 0
 -0.032139200419776658
 -2.3231689942081206e-18
 -0.014699713828158498
 0
 -0.016889549999938028
 -4.9695284567889802e-18
 0
 0.014699713828158495
 0.055065040711977445
 0.032139200419776651
 0
 0.016889549999938018
 0.011089425159093615
 0.08440399628787601
 0.058672319244743386
 0.018381034494915249
 0.040943776787216744
 0.06014855126228117
 0.024329304414836776
 0.0011999211731562381
 0.013770750359140752
 0.00066866634232727964
 -0.0013607700594277562
 0.030076893960561239
 -0.0069835200667619736
 0.065411213384001243
 0.039264280794717318
 0.043821566844996392
 0.025253389729302127
 0.033366415376568793
 0.05963605342368658
 0.00059933902454855964
 0.013617968449547551
 -0.004927162022412934
 2.9352716101980947e-18
 -0.0017372883136500638
 0.011863692689509512
 -0.0088871330360256063
 -0.0073805809914697009
 -1.086965716118475e-17
 0.04037253486862262
 0.0046926542466288277
 0.014874949913218019
 -0.0025886842967403302
 -0.0048973874520809686
 -7.8747965426333806e-18
 -0.012657350811589351
 -0.010938770238055458
 -0.011921568319535444
 -8.8332689126312053e-18
 -0.0069008539431974552
 -0.0083850746905805278
 -0.0009965945341740693
 -0.011493646479475813
 -0.0095224007483405686
 -0.011863692689509589
 0.0017372883136500335
 -0.014874949913218048
 -0.0046926542466288546
 -0.040372534868622661
 0.0073805809914696784
 0.0088871330360255855
 -0.043821566844996426
 -0.039264280794717346
 -0.065411213384001285
 0.0049271620224129193
 -0.013617968449547576
 -0.0005993390245485759
 -0.059636053423686622
 -0.033366415376568828
 -0.025253389729302165
 0.004897387452080953
 0.0025886842967403146
 0.0083850746905805105
 0.0069008539431974396
 0.011921568319535432
 0.010938770238055442
 0.01265735081158934
 0.00099659453417404414
 0.0095224007483405548
 0.011493646479475804
 -0.048241942772257955
 -0.024975046457633088
 -0.003775219846898421
 -0.011282499663024026
 -0.016792180905347776
 -0.0060708002250327488
 0.0060805332257839592
 -0.025971186491613996
 -0.014725007033029107
 -0.022917070402510308
 -0.0029777652747015678
 -0.0081554035874156754
 -0.012118171800276058
 -0.0089578344612889615
 -0.0064525377355235565
 -0.0024188969678441861
 0.0036468667248009778
 -0.0001510659421560762
 0.010430217902215788
 0.0084400292105794254
 -0.0034951274136199792
 0.0030634633749808985
 0.00080870041933034853
 0.0028755221088707385
 0.0038380750676361717
 0.0072220892922623264
 -0.047239132929283605
 -0.037959554853808329
 -0.06161465523951401
 -0.05029149593043665
 -0.07206532361827446
 -0.02958856228960324
 -0.022200005506334473
 -0.047759228644182902
 -0.069886433306704604
 -0.069771406683800732
 -0.047104147637251313
 -0.06121565404302514
 -0.048474675948314901
 -0.086539158410952971
 -0.074322242733322622
 -0.070345609315791952
 -0.0064848099194242947
 -0.0031919595171085264
 -0.015863896216756847
 -0.010635143131728081
 -0.022716181084939776
 -0.017292155041291203
 -0.031491842448579652
 -0.051168989501771012
 -0.041033682553844424
 -0.03224261982754846
 0
 -0.036033306388156702
 -0.020401970421490383
 -0.027432442103576021
 0
 -0.042696188848532685
 -0.036899572199390093
 2.5788921358011293e-18
 -0.0044160104473121714
 0
 -0.0083811670763570684
 -0.0071705422286151409
 -5.515308808326995e-18
 0
 -0.0091555548640487837
 -0.014408808113626806
 -0.0054598651397042
 -6.1596256257996176e-18
 -0.026100443791505425
 -0.014696430259187111
 -4.970101062056796e-18
 -0.0072348239838175201
 -0.0083037481742264888
 -0.022919826715770815
 -0.017094839825668222
 -0.026505377410487998
 0
 0.0044160104473121766
 0.014408808113626801
 0.0091555548640487802
 0
 0.007170542228615134
 0.008381167076357058
 0.047759228644182895
 0.036033306388156688
 0
 0.036899572199390086
 0.042696188848532678
 0.048474675948314901
 0
 0.027432442103576014
 0.020401970421490383
 0.0054598651397041913
 0.0031919595171085147
 0.0083037481742264767
 0.0072348239838175097
 0.022716181084939766
 0.014696430259187106
 0.026100443791505418
 0.022919826715770811
 0.026505377410487987
 0.017094839825668215
 0.069771406683800732
 0.06988643330670459
 0.070345609315791938
 0.074322242733322622
 0.086539158410952971
 0.061215654043025133
 0.047104147637251306
 0.025971186491613989
 0.037959554853808315
 0.047239132929283598
 0.022200005506334462
 0.029588562289603233
 0.012118171800276044
 0.07206532361827446
 0.050291495930436636
 0.061614655239514003
 0.0064848099194242852
 0.00015106594215606256
 0.031491842448579645
 0.017292155041291196
 0.003495127413619961
 0.010635143131728069
 0.015863896216756837
 0.051168989501771005
 0.032242619827548447
 0.04103368255384441
 0.022917070402510297
 0.014725007033029097
 0.0024188969678441722
 0.0064525377355235409
 0.0089578344612889476
 0.0081554035874156633
 0.002977765274701556
 0.024975046457633057
 0.04824194277225792
 -0.0060805332257839713
 0.0060708002250327237
 0.016792180905347755
 0.011282499663024005
 0.0037752198468984093
 -0.0036468667248009895
 -0.00080870041933035969
 -0.0030634633749809115
 -0.008440029210579441
 -0.010430217902215799
 -0.0028755221088707515
 -0.0072220892922623377
 -0.0038380750676361838
 -0.39034404214576601
 -0.39034404214576601
 0
 0
 -0.099999999999999978
 -0.27379480803112333
 0
 -0.27379480803112333
 -0.25080216295140573
 -0.28900167839349439
 -0.2295670003770611
 -0.303102912730075
 -0.28900167839349439
 -0.303102912730075
 -0.35735245860233578
 -0.27151241687091832
 -0.17302047499933379
 -0.17122850117341182
 0
 -0.16250526057352169
 0
 -0.17122850117341182
 -0.17302047499933379
 -0.27151241687091832
 -0.35735245860233578
 -0.34896215140465425
 -0.30255805086546916
 -0.35135551584860331
 -0.18019513753275848
 -0.23605933523681258
 -0.20060178757556835
 -0.26608268499601734
 -0.25793725879051982
 -0.2521520861411386
 -0.20060178757556832
 -0.23605933523681255
 -0.35135551584860331
 -0.30255805086546916
 -0.34896215140465425
 -0.25793725879051982
 -0.26608268499601734
 -0.38450554922749058
 -0.33917971244160716
 -0.28272053574431993
 -0.31597417684376145
 -0.31807809996413988
 -0.29375811101346999
 -0.25590565799774045
 -0.22730571716433304
 -0.23773175664125984
 -0.092926447821821759
 -0.17639596983621864
 -0.10620210492448721
 -0.23214894755045909
 -0.22329744340366184
 0
 -0.089017085706421736
 -0.085021382490015243
 -0.086978570121102605
 0
 -0.16565120002862499
 -0.21926934449890217
 0
 -0.086978570121102591
 -0.092926447821821759
 -0.089017085706421722
 0
 -0.16565120002862496
 -0.22329744340366181
 -0.10620210492448723
 -0.17639596983621864
 -0.28272053574431993
 -0.23773175664125984
 -0.22730571716433301
 -0.23214894755045909
 -0.25590565799774045
 -0.31807809996413988
 -0.31597417684376145
 -0.33917971244160711
 -0.38450554922749058
