# Created by Octave 5.1.0, Wed Apr 22 11:24:13 2020 GMT <unknown@Thomas-PC>
# name: u_sol
# type: matrix
# rows: 2178
# columns: 1
 0.067948312597310767
 -0.067948312597310725
 0
 0
 5.5931597344713359e-18
 -0.033846180539902994
 0
 0.033846180539903008
 5.0102722913480953e-18
 0.053495769687164192
 8.1082421980772256e-18
 -0.012269080230849626
 -0.053495769687164144
 0.012269080230849641
 -0.0082511565666426728
 -0.0065449092170980798
 -0.083213918765411912
 -0.03718037065250069
 0
 1.6069071976627708e-18
 0
 0.03718037065250069
 0.083213918765411912
 0.0065449092170980902
 0.0082511565666426971
 0.062686129879277089
 0.0041745678869646065
 0.018879479921420646
 7.7301560340217949e-18
 -0.0092473434488946956
 0.020276216912261835
 -0.0081862372732693263
 -0.013849915714172042
 7.5212279421425406e-18
 -0.020276216912261794
 0.009247343448894713
 -0.018879479921420611
 -0.0041745678869645735
 -0.062686129879277047
 0.013849915714172054
 0.0081862372732693384
 -0.029921726642427444
 0.0032494761106981228
 -0.01728560831659556
 0.0010982382959716201
 -0.012050597763025073
 0.0083264117127972315
 -0.0011954538863446515
 -0.060849507202656708
 -0.041144600847484378
 -0.057619762871056884
 -0.059981348182293108
 -0.086679138126060262
 -0.024440426770413057
 -0.01108012683766015
 0
 -0.033659472177163918
 2.2580128922889451e-19
 -0.015371295262950528
 0
 -0.017417103054693659
 1.295773673336974e-18
 0
 0.015371295262950531
 0.057619762871056884
 0.033659472177163925
 0
 0.017417103054693663
 0.011080126837660156
 0.086679138126060262
 0.059981348182293108
 0.01728560831659557
 0.041144600847484385
 0.060849507202656722
 0.024440426770413064
 0.0011954538863446597
 0.012050597763025092
 -0.0010982382959716067
 -0.0032494761106981029
 0.029921726642427482
 -0.0083264117127972177
 0.064735153325331321
 0.039002726135045282
 0.043713610055104213
 0.023586911304886781
 0.032680566034004058
 0.060110684339179481
 -0.0013521675848164802
 0.01211736492861982
 -0.007266238468221449
 4.9035254412028364e-18
 -0.0048411255865721519
 0.0070929724344117751
 -0.010084895358554235
 -0.0095992430706914791
 8.7264477116978181e-18
 0.038044195616368778
 0.0016242506743771952
 0.012116825135103419
 -0.0023953290691118762
 -0.0048518229068189971
 6.118181340840081e-18
 -0.014591683383347664
 -0.011732697804536263
 -0.013310557699244449
 8.3605904680026269e-18
 -0.0070725574664453192
 -0.0089214473007895156
 -0.0037124185569984308
 -0.013590315843673902
 -0.01195008926921151
 -0.0070929724344117248
 0.0048411255865721771
 -0.012116825135103383
 -0.0016242506743771653
 -0.038044195616368702
 0.0095992430706914964
 0.010084895358554252
 -0.043713610055104171
 -0.03900272613504524
 -0.064735153325331279
 0.0072662384682214715
 -0.012117364928619787
 0.0013521675848165054
 -0.060110684339179432
 -0.032680566034004016
 -0.023586911304886739
 0.0048518229068190101
 0.0023953290691118875
 0.0089214473007895312
 0.0070725574664453339
 0.01331055769924446
 0.011732697804536273
 0.014591683383347678
 0.0037124185569984577
 0.011950089269211527
 0.013590315843673916
 -0.048174059333626146
 -0.024501187008534781
 -0.0020872678443261635
 -0.010134092353047927
 -0.015974228325365093
 -0.0045604878184168701
 0.0081602783501208091
 -0.024767206763226617
 -0.01321535626633545
 -0.021433434724345002
 -0.0017345700967218197
 -0.0067209262111995478
 -0.011231914241217932
 -0.0071942705933149623
 -0.0046557654081184029
 -0.00051985138659648572
 0.0037500021816271566
 -0.0002622097503947824
 0.012206114669806846
 0.0093424412021232695
 -0.0032184341902685288
 0.0035900423172814267
 0.0017410193846988096
 0.0048324466086566119
 0.0054646661003387486
 0.0091627730471098168
 -0.04719913694423835
 -0.037615407818431416
 -0.062575709234131735
 -0.050657291733591146
 -0.073339202279952193
 -0.029161970669252073
 -0.021826266393050863
 -0.051570932990793739
 -0.072228899140594244
 -0.071515038091725325
 -0.048279251270976452
 -0.063061633518908214
 -0.050212084394424254
 -0.088623818690601125
 -0.076273328383582251
 -0.071826106188634498
 -0.0063539129424941398
 -0.0030144041146498873
 -0.0156025484146519
 -0.010474410963517774
 -0.023129683935311663
 -0.017361764754715677
 -0.032034154587646621
 -0.051940105349652585
 -0.041681385025585237
 -0.032379681968823751
 0
 -0.038225495065247403
 -0.021256276897458532
 -0.028773597993812915
 0
 -0.044754983932838277
 -0.038347287152011633
 3.4117570353291626e-18
 -0.0045980661015312552
 0
 -0.0087212511005209034
 -0.0074976378724952043
 1.4303520707136364e-18
 0
 -0.0095034832565712712
 -0.014961278167687603
 -0.0053968989395603781
 4.673974374122044e-18
 -0.026898451778435254
 -0.01495066985930754
 1.9806729052506731e-19
 -0.0073322475476899889
 -0.0085503905243837271
 -0.023979233723261779
 -0.017801991718383616
 -0.027589093432512271
 0
 0.0045980661015312587
 0.014961278167687603
 0.0095034832565712764
 0
 0.007497637872495206
 0.0087212511005209017
 0.051570932990793732
 0.038225495065247403
 0
 0.03834728715201164
 0.044754983932838277
 0.050212084394424254
 0
 0.028773597993812915
 0.021256276897458532
 0.0053968989395603807
 0.0030144041146498951
 0.0085503905243837289
 0.0073322475476899889
 0.023129683935311666
 0.014950669859307542
 0.026898451778435261
 0.023979233723261779
 0.027589093432512275
 0.017801991718383616
 0.071515038091725311
 0.072228899140594244
 0.071826106188634498
 0.076273328383582251
 0.088623818690601139
 0.063061633518908214
 0.048279251270976459
 0.024767206763226628
 0.037615407818431423
 0.047199136944238357
 0.02182626639305087
 0.029161970669252083
 0.011231914241217941
 0.073339202279952193
 0.050657291733591153
 0.062575709234131735
 0.0063539129424941459
 0.00026220975039479156
 0.032034154587646628
 0.017361764754715684
 0.003218434190268538
 0.010474410963517779
 0.015602548414651909
 0.051940105349652585
 0.032379681968823758
 0.041681385025585244
 0.021433434724345016
 0.013215356266335463
 0.00051985138659650198
 0.0046557654081184176
 0.007194270593314984
 0.0067209262111995582
 0.0017345700967218284
 0.024501187008534823
 0.048174059333626194
 -0.0081602783501207917
 0.004560487818416897
 0.015974228325365124
 0.010134092353047958
 0.0020872678443261865
 -0.0037500021816271462
 -0.001741019384698799
 -0.0035900423172814172
 -0.009342441202123259
 -0.012206114669806834
 -0.0048324466086565945
 -0.009162773047109803
 -0.0054646661003387356
 0.066181317171623844
 0.054262076680274454
 0.056054861563143925
 0.050627080749412461
 0.052504797839333331
 0.063624483320459904
 0.031103646427839537
 0.04147538016060013
 0.028310010400550777
 0.036962874488595199
 0.04187272058818492
 0.057601924414589188
 0.017365462843534893
 0.02852143739186468
 0.012772123451093329
 0.061641764756976233
 0.045595915027901099
 0.048413604046235244
 -0.0081248712687663639
 -0.0043668487123825952
 -0.010484242558059154
 0.015668154270327844
 0.0045111046219501461
 0.0078215002299438143
 -0.0024402272415230877
 0.0010481977799321209
 0.0082508332675362717
 0.036126943082873626
 0.021506058868151712
 0.025141678510222989
 -1.7548536161183403e-17
 -0.0014372021061357693
 0.0055927449434708286
 -0.006080220123763528
 -0.0047752001042070348
 6.9510406305845342e-18
 0.012701017631059035
 0.00036397242585666466
 0.0044572271460545897
 -0.0053364448847098523
 -0.0058013786065403425
 8.0258883179249096e-18
 -0.010318635067799791
 -0.010159319279680324
 -0.011981834902947923
 6.9099535745366441e-18
 -0.0061805524715734823
 -0.0063622444731569741
 0.047039100256002088
 0.023580336755656957
 0.030741115187374133
 0.010050198718006486
 0.016567072099799782
 0.028903474847608145
 -0.0011998701203575625
 0.0065701707407111844
 -0.0047775105427898543
 -0.0080069954019935056
 -0.0072435398413029303
 -0.0023670947040983245
 -0.00064735310202429736
 -0.0012886409515886555
 5.7387917160592191e-18
 -0.0067695367613059424
 -0.0036471400314123017
 -0.0050548146253702993
 6.3619549630839067e-18
 -0.0019199606644844057
 -0.0025405737734949495
