# Created by Octave 5.1.0, Tue Apr 21 17:28:33 2020 GMT <unknown@Thomas-PC>
# name: contactConvergence
# type: matrix
# rows: 5
# columns: 1
 0.46481146911792448
 0.40814401834085862
 1.3484317159875479e-18
 1.4653609591236737e-18
 1.2510817099650486e-18


