# Created by Octave 5.1.0, Tue Apr 21 17:24:43 2020 GMT <unknown@Thomas-PC>
# name: contactConvergence
# type: matrix
# rows: 6
# columns: 1
 0
 0.067582419354645179
 8.6736173798840355e-18
 1.3877787807814457e-17
 6.9388939039072284e-18
 3.4694469519536142e-18


