# Created by Octave 5.1.0, Tue Apr 21 17:43:21 2020 GMT <unknown@Thomas-PC>
# name: contactConvergence
# type: matrix
# rows: 5
# columns: 1
 0.49697166379523389
 1.558689443952442e-18
 1.1844843715974667e-18
 1.4872975199836622e-18
 1.380658453282003e-18


