# Created by Octave 5.1.0, Sat Feb 15 17:10:56 2020 GMT <unknown@Thomas-PC>
# name: contactConvergence
# type: matrix
# rows: 5
# columns: 1
 0.27329851821911405
 6.5122549993807126e-19
 8.1799185736146143e-19
 6.5238324907712517e-19
 7.1464323481264494e-19


