# Created by Octave 5.1.0, Tue Apr 21 17:25:46 2020 GMT <unknown@Thomas-PC>
# name: contactConvergence
# type: matrix
# rows: 5
# columns: 1
 0.73216964813644625
 9.8933145128134028e-19
 2.1430746266518555e-18
 3.2995536811442859e-18
 2.2335910403011033e-18


