# Created by Octave 5.1.0, Tue Apr 21 17:24:57 2020 GMT <unknown@Thomas-PC>
# name: contactConvergence
# type: matrix
# rows: 5
# columns: 1
 1.3505969954383332
 0.48606842495095365
 1.0842021724855044e-18
 9.7578195523695399e-18
 6.5052130349130266e-18


