# Created by Octave 5.1.0, Sat Feb 15 14:17:39 2020 GMT <unknown@Thomas-PC>
# name: contactConvergence
# type: matrix
# rows: 5
# columns: 1
 0.24749186089091407
 0.034022324947113179
 7.9104893263003813e-19
 9.644454578302855e-19
 6.4774007221871764e-19


