# Created by Octave 5.1.0, Tue Apr 21 17:25:46 2020 GMT <unknown@Thomas-PC>
# name: equilibriumConvergence
# type: matrix
# rows: 5
# columns: 1
 1.3670466253121509
 0.13897584753071035
 0.0027169029899355192
 1.2394931207964621e-06
 2.6784500475388039e-13


