# Created by Octave 5.1.0, Tue Apr 21 17:28:33 2020 GMT <unknown@Thomas-PC>
# name: equilibriumConvergence
# type: matrix
# rows: 5
# columns: 1
 0.78561992764383715
 0.065149893216867372
 0.0035757767373156561
 6.2687988497567066e-06
 1.9438186724354126e-11


