# Created by Octave 5.1.0, Sat Feb 15 17:10:56 2020 GMT <unknown@Thomas-PC>
# name: equilibriumConvergence
# type: matrix
# rows: 5
# columns: 1
 0.19864170856811744
 0.0044363795126669773
 2.0231667178125385e-05
 5.9648383809275357e-10
 6.1336194259996347e-14


