# Created by Octave 5.1.0, Tue Apr 21 17:24:57 2020 GMT <unknown@Thomas-PC>
# name: equilibriumConvergence
# type: matrix
# rows: 5
# columns: 1
 2.2220601020053761
 0.51052759098656486
 0.023156504446892958
 3.903457964888509e-05
 1.4797541954118965e-10


