# Created by Octave 5.1.0, Tue Apr 21 17:43:21 2020 GMT <unknown@Thomas-PC>
# name: equilibriumConvergence
# type: matrix
# rows: 5
# columns: 1
 0.5005550799039642
 0.016737195045004066
 0.00015202423867662643
 1.7831088840375769e-08
 1.4480826933159858e-14


