# Created by Octave 5.1.0, Tue Apr 21 17:24:43 2020 GMT <unknown@Thomas-PC>
# name: equilibriumConvergence
# type: matrix
# rows: 6
# columns: 1
 3.8188130791298733
 2.2412822776792609
 0.58843034385448378
 0.00031226928069277263
 6.3612488036371286e-09
 9.9279445422907749e-16


