# Created by Octave 5.1.0, Sat Feb 15 14:17:39 2020 GMT <unknown@Thomas-PC>
# name: equilibriumConvergence
# type: matrix
# rows: 5
# columns: 1
 0.31083686267164851
 0.0080630070945440675
 6.3390176449376704e-05
 7.3443594463573562e-09
 2.970449625769037e-14


