# Created by Octave 5.1.0, Tue Apr 21 17:24:57 2020 GMT <unknown@Thomas-PC>
# name: lambda_sol
# type: matrix
# rows: 5
# columns: 1
 0
 0
 -3.945367868293963
 0
 0


