# Created by Octave 5.1.0, Tue Apr 21 17:25:46 2020 GMT <unknown@Thomas-PC>
# name: lambda_sol
# type: matrix
# rows: 9
# columns: 1
 0
 0
 0
 -2.2619641742710144
 -3.7936860257127654
 -2.2619641742710157
 0
 0
 0


