# Created by Octave 5.1.0, Tue Apr 21 17:28:33 2020 GMT <unknown@Thomas-PC>
# name: lambda_sol
# type: matrix
# rows: 17
# columns: 1
 0
 0
 0
 0
 0
 0
 -2.453421275252357
 -3.4573295901886052
 -3.7903934026102286
 -3.4573295901886034
 -2.4534212752523601
 0
 0
 0
 0
 0
 0


