# Created by Octave 5.1.0, Tue Apr 21 17:43:21 2020 GMT <unknown@Thomas-PC>
# name: lambda_sol
# type: matrix
# rows: 33
# columns: 1
 0
 0
 0
 0
 0
 0
 0
 0
 0
 0
 0
 -1.1648638661138826
 -2.4221747338049844
 -3.0411803431563444
 -3.4323176680065575
 -3.6452950920633125
 -3.7635956590072919
 -3.645295092063312
 -3.4323176680065566
 -3.0411803431563436
 -2.4221747338049764
 -1.1648638661138926
 0
 0
 0
 0
 0
 0
 0
 0
 0
 0
 0


