# Created by Octave 5.1.0, Sat Feb 15 14:17:39 2020 GMT <unknown@Thomas-PC>
# name: lambda_sol
# type: matrix
# rows: 65
# columns: 1
 0
 0
 0
 0
 0
 0
 0
 0
 0
 0
 0
 0
 0
 0
 0
 0
 0
 0
 0
 0
 0
 0
 -1.3426608414995169
 -1.9646205613911554
 -2.4010363112174633
 -2.7466053055972077
 -3.0269907879617546
 -3.2536766740144158
 -3.4329979942578301
 -3.5686942626239491
 -3.6628949428281152
 -3.7164389911803544
 -3.7592140609793221
 -3.7164389911803548
 -3.6628949428281121
 -3.5686942626239526
 -3.4329979942578261
 -3.2536766740144203
 -3.0269907879617555
 -2.7466053055972033
 -2.4010363112174686
 -1.9646205613911574
 -1.3426608414995143
 0
 0
 0
 0
 0
 0
 0
 0
 0
 0
 0
 0
 0
 0
 0
 0
 0
 0
 0
 0
 0
 0


