# Created by Octave 5.1.0, Sat Feb 15 17:10:56 2020 GMT <unknown@Thomas-PC>
# name: lambda_sol
# type: matrix
# rows: 129
# columns: 1
 0
 0
 0
 0
 0
 0
 0
 0
 0
 0
 0
 0
 0
 0
 0
 0
 0
 0
 0
 0
 0
 0
 0
 0
 0
 0
 0
 0
 0
 0
 0
 0
 0
 0
 0
 0
 0
 0
 0
 0
 0
 0
 0
 -0.76241605832416037
 -1.3018833906271632
 -1.6489413147045575
 -1.9300149061727858
 -2.1706851327377299
 -2.3816079375165038
 -2.5688117428107451
 -2.7361914496974258
 -2.8864263870714062
 -3.0214286007761904
 -3.1425981921465631
 -3.2509808492652326
 -3.3473696644220325
 -3.4323730241350243
 -3.5064608602209248
 -3.569996513205111
 -3.6232585459540667
 -3.6664550020086439
 -3.6997313006679744
 -3.7231720624015656
 -3.7367929569945404
 -3.7531043182056649
 -3.7367929569945311
 -3.7231720624015723
 -3.6997313006679655
 -3.6664550020086479
 -3.6232585459540676
 -3.5699965132051124
 -3.5064608602209288
 -3.4323730241350097
 -3.3473696644220405
 -3.2509808492652312
 -3.1425981921465627
 -3.0214286007762001
 -2.8864263870713818
 -2.7361914496974418
 -2.5688117428107429
 -2.381607937516502
 -2.1706851327377508
 -1.9300149061727527
 -1.6489413147045657
 -1.3018833906271658
 -0.76241605832416226
 0
 0
 0
 0
 0
 0
 0
 0
 0
 0
 0
 0
 0
 0
 0
 0
 0
 0
 0
 0
 0
 0
 0
 0
 0
 0
 0
 0
 0
 0
 0
 0
 0
 0
 0
 0
 0
 0
 0
 0
 0
 0
 0


