# Created by Octave 5.1.0, Tue Apr 21 17:24:43 2020 GMT <unknown@Thomas-PC>
# name: u_sol
# type: matrix
# rows: 18
# columns: 1
 0.015431519123511862
 -0.015431519123511844
 0
 0
 1.0263595320077675e-17
 -0.022642681776394259
 0
 0.02264268177639427
 2.6506468095409288e-18
 -0.13602419553083503
 -0.136024195530835
 0
 0
 -0.060905253187251977
 -0.090462009391429274
 0
 -0.090462009391429274
 -0.082852362884815581


