# Created by Octave 5.1.0, Tue Apr 21 17:24:57 2020 GMT <unknown@Thomas-PC>
# name: u_sol
# type: matrix
# rows: 50
# columns: 1
 0.013648944076018979
 -0.013648944076018991
 0
 0
 -8.2025814773427519e-18
 -0.02523857888429323
 0
 0.02523857888429322
 -5.5574646855552184e-18
 0.008387885610961569
 -5.9265277150403979e-18
 0.0059533037692772635
 -0.0083878856109615811
 -0.0059533037692772748
 -0.015689000692339351
 -0.011604781144631829
 -0.027557733427440331
 -0.0099363232627910272
 0
 -2.2000754767868515e-18
 0
 0.0099363232627910237
 0.027557733427440327
 0.01160478114463182
 0.015689000692339337
 -0.14704921270843258
 -0.14704921270843258
 0
 0
 -0.090282323800913458
 -0.099797127385047035
 0
 -0.099797127385047035
 -0.096796515369805394
 -0.13714907948032171
 -0.11241550705443641
 -0.12841848391050023
 -0.13714907948032171
 -0.12841848391050023
 -0.13135849609387895
 -0.10046932394742453
 -0.059815873878199803
 -0.055167838799070661
 0
 -0.053421849796402597
 0
 -0.055167838799070661
 -0.059815873878199796
 -0.10046932394742453
 -0.13135849609387898


