# Created by Octave 5.1.0, Tue Apr 21 17:25:46 2020 GMT <unknown@Thomas-PC>
# name: u_sol
# type: matrix
# rows: 162
# columns: 1
 0.00928770338786436
 -0.0092877033878643652
 0
 0
 -1.9608932355834467e-18
 -0.024827162706435913
 0
 0.02482716270643591
 -2.5596615367680278e-19
 0.0062755939376573913
 -1.6902168767380254e-18
 0.0042740609809110222
 -0.0062755939376573948
 -0.0042740609809110239
 -0.013229033638201687
 -0.010921114893525746
 -0.029165206786165774
 -0.010844455812053993
 0
 1.2345065506737446e-19
 0
 0.010844455812053993
 0.029165206786165774
 0.010921114893525744
 0.013229033638201685
 0.0080549481444575233
 0.0027619108650473851
 0.0060895088659891367
 -2.493008618787156e-18
 -0.00029951079800698586
 0.002272379594555337
 0.002903409277940023
 0.000945209332888692
 -8.3402696033685124e-19
 -0.0022723795945553404
 0.00029951079800698196
 -0.0060895088659891385
 -0.0027619108650473877
 -0.0080549481444575268
 -0.00094520933288869439
 -0.0029034092779400248
 -0.0090630867534465896
 -0.0085723085361415
 -0.017968730167047895
 -0.013162082125155699
 -0.019258668006560391
 -0.0075319165178906458
 -0.0047916076745426334
 -0.028988563815671674
 -0.020468784566404871
 -0.011560631920492068
 -0.019056816556052288
 -0.022600478773565191
 -0.012316100394891023
 -0.0057384718096533012
 0
 -0.0063875948254493581
 7.2904675921994494e-19
 -0.0028773578400331469
 0
 -0.004957466288373384
 1.0500702094547386e-19
 0
 0.0028773578400331473
 0.011560631920492068
 0.0063875948254493589
 0
 0.0049574662883733857
 0.0057384718096533012
 0.022600478773565191
 0.019056816556052288
 0.017968730167047892
 0.020468784566404871
 0.028988563815671674
 0.012316100394891023
 0.0047916076745426325
 0.019258668006560391
 0.013162082125155697
 0.0085723085361414982
 0.0090630867534465878
 0.007531916517890644
 -0.14273617624841642
 -0.14273617624841642
 0
 0
 -0.097490515816439791
 -0.099002396503318851
 0
 -0.099002396503318851
 -0.09786879439530928
 -0.13407079282493656
 -0.1162325645967669
 -0.12651641289378548
 -0.13407079282493656
 -0.12651641289378548
 -0.12828170867209787
 -0.1000482937302855
 -0.059794594165189383
 -0.055527159043880045
 0
 -0.054444255238221641
 0
 -0.055527159043880045
 -0.059794594165189383
 -0.1000482937302855
 -0.12828170867209787
 -0.14081989860788668
 -0.13249857138960522
 -0.13767652198196167
 -0.11282424963889304
 -0.12063810835406803
 -0.11258347997506238
 -0.11207864121173318
 -0.11996027913463621
 -0.11052592510165941
 -0.11258347997506236
 -0.12063810835406803
 -0.13767652198196167
 -0.13249857138960522
 -0.14081989860788668
 -0.11996027913463621
 -0.11207864121173318
 -0.13790293525195094
 -0.12981485043182556
 -0.10137548608738778
 -0.11762181164207042
 -0.11516581549350677
 -0.11571942811008415
 -0.097909551559323432
 -0.081304244386393318
 -0.081288314842667048
 -0.028878691268237514
 -0.057065802739934758
 -0.033648070107328391
 -0.079774790475104912
 -0.078431535053225587
 0
 -0.028504945779386795
 -0.028222800035994058
 -0.028389564457237351
 0
 -0.054829237242663378
 -0.077972826590893399
 0
 -0.028389564457237348
 -0.02887869126823751
 -0.028504945779386795
 0
 -0.054829237242663371
 -0.078431535053225587
 -0.033648070107328391
 -0.057065802739934751
 -0.10137548608738778
 -0.081288314842667048
 -0.081304244386393318
 -0.079774790475104912
 -0.097909551559323432
 -0.11516581549350677
 -0.11762181164207042
 -0.12981485043182556
 -0.13790293525195094
 -0.11571942811008415


