# Created by Octave 5.1.0, Tue Apr 21 17:28:33 2020 GMT <unknown@Thomas-PC>
# name: u_sol
# type: matrix
# rows: 578
# columns: 1
 0.0086457650742743971
 -0.008645765074274411
 0
 0
 -4.5057667473572636e-18
 -0.025703274376308149
 0
 0.025703274376308146
 -6.7814009503156299e-19
 0.0079541898558692613
 -3.5381401253273907e-18
 0.0044596252410351945
 -0.0079541898558692734
 -0.0044596252410352005
 -0.013669552271508732
 -0.011190778302304166
 -0.030374847504471159
 -0.011369771974045704
 0
 2.3886241196322471e-19
 0
 0.011369771974045704
 0.030374847504471156
 0.011190778302304165
 0.013669552271508727
 0.0082459990903697641
 0.0030221849754391793
 0.0066558107576032101
 -4.8956781381028273e-18
 -0.00059331605596584175
 0.0038012232958409284
 0.0031778597433605939
 0.00096943401608329054
 -1.984379627983848e-18
 -0.0038012232958409375
 0.00059331605596583319
 -0.0066558107576032187
 -0.003022184975439188
 -0.008245999090369778
 -0.00096943401608329694
 -0.0031778597433605978
 -0.0095109638059191828
 -0.0090296781490467829
 -0.018428296131246948
 -0.013650685274409971
 -0.019755101886268275
 -0.0078745504519213486
 -0.0050220575804061154
 -0.030031299672553004
 -0.021167423879216309
 -0.012554553781781304
 -0.019958963384900903
 -0.023890194498635053
 -0.012721314975977706
 -0.0058422452633093728
 0
 -0.0067206376251928599
 1.3178239944976565e-21
 -0.0029751117549339551
 0
 -0.0051170723673805447
 6.1284844926097824e-19
 0
 0.0029751117549339555
 0.012554553781781304
 0.0067206376251928608
 0
 0.0051170723673805464
 0.0058422452633093737
 0.02389019449863505
 0.019958963384900903
 0.018428296131246944
 0.021167423879216305
 0.030031299672553004
 0.012721314975977704
 0.0050220575804061137
 0.019755101886268268
 0.013650685274409966
 0.009029678149046776
 0.0095109638059191742
 0.0078745504519213451
 0.0083579373210742516
 0.0069605972582298184
 0.0078312680112575701
 0.0042607755494030817
 0.0058219785753757932
 0.0082134602130460709
 0.0054019223296957767
 0.0049725744265352017
 0.0033037223580732944
 -4.8304656189098357e-18
 -0.00050075919943324036
 0.0014588068903379926
 -0.00036980926828574363
 -0.00077278728868711614
 -4.3518250248976916e-18
 0.006918825187540059
 -6.8640438877348139e-05
 0.0021754864101760298
 0.0019571566415092839
 0.0014376681319299863
 -1.2126542621803145e-18
 0.0024450886351770006
 0.002078319610944341
 0.003848203932906487
 -2.783740303917549e-18
 0.00084766136313882369
 0.00022325139583691001
 0.00097867169712434823
 -1.3312591503362979e-05
 0.0013525919377988262
 -0.0014588068903380008
 0.00050075919943322897
 -0.0021754864101760393
 6.8640438877338653e-05
 -0.0069188251875400711
 0.00077278728868710605
 0.00036980926828573528
 -0.0078312680112575805
 -0.0069605972582298288
 -0.0083579373210742637
 -0.0033037223580733017
 -0.0049725744265352095
 -0.0054019223296957837
 -0.0082134602130460848
 -0.0058219785753758036
 -0.0042607755494030921
 -0.0014376681319299902
 -0.0019571566415092865
 -0.0002232513958369169
 -0.00084766136313882911
 -0.0038482039329064922
 -0.0020783196109443462
 -0.0024450886351770067
 -0.00097867169712435669
 -0.0013525919377988336
 1.3312591503355213e-05
 -0.0086412201651659797
 -0.0081002911731870731
 -0.011318905282850253
 -0.0093145476713879377
 -0.011232769974938602
 -0.007417838526287749
 -0.0067216925325033596
 -0.022142970873192908
 -0.019505488528669658
 -0.022897433539313509
 -0.012805146193161801
 -0.016128661289096218
 -0.014725401901392871
 -0.016594548197750632
 -0.016674893538365709
 -0.013861958526282055
 -0.0041844074772489021
 -0.0024119174590459054
 -0.006077124794604232
 -0.0053328871339247607
 -0.0079391482005929329
 -0.006741356487211538
 -0.009638899679968161
 -0.011201159453280211
 -0.010689225549482071
 -0.0085811353517966718
 -0.028262339059590878
 -0.024295711200664396
 -0.026090041910246831
 -0.025693791408653091
 -0.030831684772889473
 -0.020159368863543411
 -0.016082928639848448
 -0.0092664001130226721
 -0.017438823644198735
 -0.016021195826138871
 -0.015315552528070603
 -0.017154296120340799
 -0.012845764217181215
 -0.028263263787861745
 -0.02248208288589126
 -0.025163422157634962
 -0.0056198760411430935
 -0.0027730419829611625
 -0.012247231334512438
 -0.0087543552749957849
 -0.0088563751381825363
 -0.0090876145147053018
 -0.012462620198318232
 -0.021194930302817772
 -0.0165822013583907
 -0.016773772411416289
 0
 -0.0065318987940849336
 -0.0034776646697553789
 -0.0047819057260068123
 0
 -0.0092312481593428298
 -0.0094234999187874334
 7.390540874008688e-20
 -0.00074296849925956467
 0
 -0.0020385504596322069
 -0.0014412275884066413
 2.2717794213344783e-19
 0
 -0.0015369898874603169
 -0.0024279792842777374
 -0.0028693613188334188
 2.3863011727758075e-19
 -0.0080237034011903692
 -0.0056732246114846426
 5.5261736097758183e-19
 -0.0027729292331578666
 -0.0024917328410790241
 -0.004694910846445851
 -0.0041985784607678983
 -0.0066087298872999677
 0
 0.00074296849925956413
 0.0024279792842777379
 0.0015369898874603167
 0
 0.0014412275884066413
 0.0020385504596322074
 0.0092664001130226721
 0.0065318987940849336
 0
 0.0094234999187874334
 0.0092312481593428298
 0.012845764217181215
 0
 0.0047819057260068123
 0.0034776646697553793
 0.0028693613188334197
 0.0027730419829611621
 0.0024917328410790254
 0.0027729292331578684
 0.008856375138182538
 0.0056732246114846435
 0.0080237034011903709
 0.0046949108464458518
 0.0066087298872999686
 0.0041985784607678992
 0.016021195826138871
 0.017438823644198732
 0.025163422157634962
 0.02248208288589126
 0.028263263787861741
 0.017154296120340796
 0.015315552528070603
 0.022142970873192905
 0.024295711200664396
 0.028262339059590875
 0.016082928639848448
 0.020159368863543411
 0.014725401901392869
 0.030831684772889473
 0.025693791408653088
 0.026090041910246831
 0.0056198760411430935
 0.0024119174590459041
 0.012462620198318232
 0.0090876145147053018
 0.0079391482005929312
 0.0087543552749957832
 0.012247231334512436
 0.021194930302817772
 0.016773772411416286
 0.0165822013583907
 0.022897433539313505
 0.019505488528669655
 0.01386195852628205
 0.016674893538365706
 0.016594548197750629
 0.016128661289096215
 0.012805146193161797
 0.0081002911731870644
 0.0086412201651659692
 0.0067216925325033535
 0.0074178385262877421
 0.011232769974938595
 0.0093145476713879308
 0.011318905282850247
 0.0041844074772489004
 0.0096388996799681593
 0.0067413564872115346
 0.0053328871339247564
 0.0060771247946042276
 0.011201159453280205
 0.0085811353517966666
 0.010689225549482068
 -0.14331280540776775
 -0.14331280540776778
 0
 0
 -0.09937935014354872
 -0.10019028166461603
 0
 -0.10019028166461602
 -0.098434321264279034
 -0.13693465403522972
 -0.11833518972323276
 -0.12803354474585535
 -0.13693465403522972
 -0.12803354474585535
 -0.12929556873849005
 -0.10113345406160634
 -0.06053927896381088
 -0.056150739205564293
 0
 -0.055082683191939569
 0
 -0.056150739205564286
 -0.060539278963810873
 -0.10113345406160634
 -0.12929556873849002
 -0.1426622318170129
 -0.13456508255691979
 -0.13942480440877805
 -0.11505429870863607
 -0.12265674736955509
 -0.11408052769996897
 -0.11352131754052072
 -0.12176033875573791
 -0.11191941273000787
 -0.11408052769996896
 -0.12265674736955509
 -0.13942480440877808
 -0.13456508255691979
 -0.1426622318170129
 -0.12176033875573791
 -0.11352131754052074
 -0.13891077012491027
 -0.13125843169686857
 -0.10256126653319309
 -0.11891268417698313
 -0.11620825633819992
 -0.11699415358875587
 -0.098994746122832988
 -0.082015746344569637
 -0.082189074339834994
 -0.029416262200823513
 -0.057704172365652076
 -0.034824861486340009
 -0.080645573579672392
 -0.079244546177475811
 0
 -0.028800033540543366
 -0.028581306970613132
 -0.028669615598062033
 0
 -0.055400089408862971
 -0.078706950700658043
 0
 -0.028669615598062029
 -0.029416262200823509
 -0.028800033540543363
 0
 -0.055400089408862978
 -0.079244546177475811
 -0.034824861486340009
 -0.057704172365652076
 -0.10256126653319307
 -0.08218907433983498
 -0.082015746344569637
 -0.080645573579672392
