# Created by Octave 5.1.0, Tue Apr 21 17:43:21 2020 GMT <unknown@Thomas-PC>
# name: u_sol
# type: matrix
# rows: 2178
# columns: 1
 0.0076151692399968928
 -0.0076151692399968772
 0
 0
 7.4482329188751479e-18
 -0.025882146862267225
 0
 0.025882146862267232
 1.5400256195394219e-18
 0.0082143398773224727
 4.5299408085410818e-18
 0.0043366088581779675
 -0.0082143398773224553
 -0.0043366088581779571
 -0.013579086505244661
 -0.011238381352320996
 -0.030817593481304216
 -0.011567682850185538
 0
 1.9642246696406622e-19
 0
 0.011567682850185538
 0.030817593481304219
 0.011238381352320999
 0.013579086505244671
 0.0076628743149988188
 0.002766925393300776
 0.0065458464434977543
 6.5823402776319794e-18
 -0.00074202847325704785
 0.0040579471419683608
 0.0032540938317731356
 0.00095872561802319665
 2.7860076162746807e-18
 -0.0040579471419683452
 0.00074202847325705989
 -0.0065458464434977404
 -0.0027669253933007626
 -0.007662874314998804
 -0.00095872561802318754
 -0.0032540938317731295
 -0.0093429378452822148
 -0.0089636544764601939
 -0.018476452285850129
 -0.013664634169068532
 -0.019733132411769303
 -0.0078974761507940305
 -0.0050945184452046528
 -0.030288971561598016
 -0.021354152103253747
 -0.012974065481268665
 -0.020299328199533812
 -0.024468300497946266
 -0.012851582599901155
 -0.005886408386852583
 0
 -0.0068743721003354501
 2.2138110961905113e-19
 -0.0030291167519645446
 0
 -0.0051905197311893523
 7.1561388291465324e-19
 0
 0.0030291167519645446
 0.012974065481268665
 0.0068743721003354493
 0
 0.0051905197311893532
 0.0058864083868525848
 0.024468300497946269
 0.020299328199533812
 0.018476452285850133
 0.021354152103253751
 0.030288971561598019
 0.012851582599901157
 0.0050945184452046554
 0.01973313241176931
 0.013664634169068539
 0.0089636544764602043
 0.0093429378452822287
 0.0078974761507940375
 0.0074972354289028504
 0.0067512224524424709
 0.0075212123677195044
 0.0041361459381138097
 0.0057041372140562031
 0.0080027002941692651
 0.0052555004846807345
 0.0048167058491734296
 0.0030906224768902711
 7.5989060701437235e-18
 -0.00057287394945133244
 0.0012516329967069497
 -0.00037263076777382075
 -0.00080257738477373778
 5.5086548999479958e-18
 0.0075113912198189825
 -0.00019832887630952291
 0.0018818024831551241
 0.0020339190085048482
 0.0015048786280751618
 2.0748079225475477e-18
 0.0023530414328543662
 0.0021211352986597858
 0.0038434653717426843
 3.6370950422486952e-18
 0.00089750861379311148
 0.00024947955623679473
 0.000653329974969693
 -9.4109946364434493e-05
 0.001143917395570501
 -0.0012516329967069359
 0.0005728739494513473
 -0.0018818024831551081
 0.0001983288763095362
 -0.0075113912198189626
 0.00080257738477375058
 0.0003726307677738317
 -0.0075212123677194896
 -0.0067512224524424562
 -0.0074972354289028348
 -0.003090622476890259
 -0.0048167058491734157
 -0.0052555004846807224
 -0.0080027002941692495
 -0.0057041372140561883
 -0.004136145938113794
 -0.001504878628075156
 -0.0020339190085048439
 -0.00024947955623678579
 -0.00089750861379310422
 -0.0038434653717426765
 -0.0021211352986597785
 -0.0023530414328543567
 -0.00065332997496967988
 -0.0011439173955704897
 9.410994636444524e-05
 -0.0082338594104232974
 -0.0079880633149249387
 -0.0112586519802128
 -0.0092436095048013794
 -0.011125582178754282
 -0.0073309245898025609
 -0.0066224930707466361
 -0.022232706041166641
 -0.019561017470830389
 -0.022938697168054589
 -0.012851091309631106
 -0.016178706605576382
 -0.014763345854631073
 -0.016529064773241529
 -0.016681626303253136
 -0.013826382633524098
 -0.0042699754569778103
 -0.0024643373929174677
 -0.0060388562393302678
 -0.0053822853449437182
 -0.0080041801380713613
 -0.0068127120505175314
 -0.0096922274882733552
 -0.011170960421751546
 -0.010702874028229937
 -0.0085413554104164114
 -0.028453953167183164
 -0.02443230901148764
 -0.026395263232629133
 -0.025906813231811359
 -0.031177533516561971
 -0.020272970613649893
 -0.016184256101368453
 -0.0098243799946058086
 -0.017979950404001032
 -0.01661701982556163
 -0.015585843218464682
 -0.017553812571533635
 -0.013143081910780055
 -0.028795060753918366
 -0.022978174823146975
 -0.025568647299648285
 -0.005660171940786809
 -0.0027660433737429816
 -0.012338193724346498
 -0.0088278612816356013
 -0.0089709219843170235
 -0.0091790216171564951
 -0.012631542004162348
 -0.021459792711397595
 -0.016801169904068856
 -0.016934313727242682
 0
 -0.0067650883252536303
 -0.0035550149975562932
 -0.0049099173983864122
 0
 -0.0094843301966219731
 -0.009621439796309238
 4.4893041799710262e-19
 -0.00075775262435978077
 0
 -0.0020706384166815466
 -0.0014670550007277884
 7.1731958099363888e-20
 0
 -0.0015656402372946456
 -0.0024756478279792469
 -0.0028740655755401341
 8.2786466533138639e-19
 -0.0081534523359822857
 -0.0057351030803875318
 6.6196405301671974e-19
 -0.0027939651651813749
 -0.0025226251352393871
 -0.00478818615450099
 -0.0042693923151114017
 -0.0067325557778339425
 0
 0.00075775262435978066
 0.0024756478279792469
 0.0015656402372946456
 0
 0.0014670550007277882
 0.0020706384166815466
 0.0098243799946058086
 0.0067650883252536294
 0
 0.009621439796309238
 0.0094843301966219731
 0.013143081910780055
 0
 0.0049099173983864113
 0.0035550149975562923
 0.0028740655755401358
 0.0027660433737429833
 0.0025226251352393875
 0.0027939651651813762
 0.0089709219843170252
 0.0057351030803875326
 0.0081534523359822874
 0.00478818615450099
 0.0067325557778339425
 0.0042693923151114017
 0.01661701982556163
 0.017979950404001032
 0.025568647299648289
 0.022978174823146975
 0.028795060753918366
 0.017553812571533635
 0.015585843218464684
 0.022232706041166648
 0.024432309011487643
 0.028453953167183171
 0.016184256101368456
 0.020272970613649896
 0.014763345854631078
 0.031177533516561974
 0.025906813231811363
 0.026395263232629137
 0.0056601719407868116
 0.0024643373929174707
 0.01263154200416235
 0.0091790216171564968
 0.0080041801380713647
 0.0088278612816356048
 0.012338193724346502
 0.021459792711397599
 0.016934313727242686
 0.016801169904068856
 0.022938697168054592
 0.019561017470830395
 0.013826382633524106
 0.016681626303253146
 0.01652906477324154
 0.016178706605576389
 0.012851091309631111
 0.0079880633149249508
 0.008233859410423313
 0.0066224930707466465
 0.0073309245898025722
 0.011125582178754293
 0.0092436095048013915
 0.01125865198021281
 0.0042699754569778146
 0.0096922274882733604
 0.0068127120505175366
 0.0053822853449437243
 0.0060388562393302765
 0.011170960421751554
 0.0085413554104164183
 0.010702874028229944
 0.0075292975614005267
 0.0074994685890148807
 0.0076704106934037675
 0.0071667022581078403
 0.0073357037118082294
 0.0075455792568571685
 0.0071244039444169757
 0.007157938033435611
 0.0065271894636297831
 0.0057893514333431312
 0.0063362537961867303
 0.0081532962824734587
 0.0041837377618219526
 0.0050017863184227485
 0.003176400349195791
 0.0078255207305018906
 0.0067081205199571664
 0.006969048236225908
 0.004727761077136349
 0.0041709641211685302
 0.0036327689666588842
 0.0057235504102767579
 0.0048942046001801652
 0.0058878129683212418
 0.0027742484803630961
 0.0038474379048301951
 0.003825639037255853
 0.0062762579239039832
 0.0050739741341040501
 0.0058502681262785289
 7.5483320529745473e-18
 -2.8597229585408885e-05
 0.00053818413298898347
 -0.00046829167966297322
 -0.00034435820408228483
 7.0313122974674796e-18
 0.0023893239299882037
 7.6218323670289268e-05
 0.00044163777767346381
 -7.5088549592274085e-05
 -0.00023274900872998595
 5.0158996662517508e-18
 -0.00092733195824301477
 -0.00063011482184119772
 -0.00069738292086218693
 6.090889732012891e-18
 -0.00036820601271840417
 -0.0004589790535570159
 0.0080741074660358892
 0.0038446482523019098
 0.0049858871027539838
 0.0011640542764085324
 0.002392372867713276
 0.0060544799813614519
 -5.1552350004824809e-05
 0.00066954787528304748
 -0.00070852438674146544
 -0.00082006110045558219
 -0.00093984192777593438
 -0.00057087606048237649
 0.0011114099158934371
 0.00099949731231966797
 1.885973787064115e-18
 0.0023377241347586901
