# Created by Octave 5.1.0, Wed Apr 22 03:11:59 2020 GMT <unknown@Thomas-PC>
# name: contactConvergence
# type: matrix
# rows: 6
# columns: 1
 0
 0.097459223076524493
 3.4694469519536142e-18
 2.0816681711721685e-17
 2.0816681711721685e-17
 1.0408340855860843e-17


