# Created by Octave 5.1.0, Wed Apr 22 03:20:04 2020 GMT <unknown@Thomas-PC>
# name: contactConvergence
# type: matrix
# rows: 9
# columns: 1
 0.54952802021964886
 0.077685014698074123
 2.7051468861881365e-18
 4.248387623783245e-18
 3.3965915569652541e-18
 6.3842508952562362e-18
 0.00091698769590445274
 36.022673983539804
 582969.97268502915


