# Created by Octave 5.1.0, Wed Apr 22 07:21:04 2020 GMT <unknown@Thomas-PC>
# name: contactConvergence
# type: matrix
# rows: 101
# columns: 1
 0.77962484007999888
 0.7605884371158117
 0.66551488247633517
 0.33275744123816758
 0.2495680809286257
 1.2826936318988963e-18
 1.6958852102365139e-18
 0.016125903423740047
 0.015118034459756294
 0.013228280152286756
 0.011574745133250911
 0.0057873725666254556
 0.00023733698553354729
 0.00011866849276677347
 5.9334246383387574e-05
 5.5625855984424228e-05
 5.2149239985399064e-05
 4.8889912486310957e-05
 4.5834292955915862e-05
 4.296964964617079e-05
 3.7598443440399778e-05
 3.2898638010349727e-05
 2.4673978507762013e-05
 2.1589731194293304e-05
 2.091505209447232e-05
 2.0588254405496439e-05
 2.0593360619385987e-05
 2.0593280834794473e-05
 1.8019120730443053e-05
 1.689292568479139e-05
 1.6628973720966675e-05
 1.6369146006577609e-05
 1.6373205814612007e-05
 1.6373142380113142e-05
 1.4326499582598522e-05
 1.2535687134773949e-05
 1.1752206688849877e-05
 1.1017693770796127e-05
 1.0673390840458448e-05
 1.0506619108577119e-05
 1.0509224916887226e-05
 1.0509184201133476e-05
 1.0509184837317366e-05
 7.8818886279879117e-06
 7.3892705887392668e-06
 7.1583558828403285e-06
 7.046506572172145e-06
 6.9364049069816629e-06
 6.9381252454999406e-06
 6.9380983652093751e-06
 6.9380987852147659e-06
 5.203574088911424e-06
 4.5531273277960596e-06
 4.4819847133001914e-06
 4.4119537021532853e-06
 4.4130479367025014e-06
 4.275140188681347e-06
 4.1415420577853855e-06
 4.0121188684784427e-06
 3.9494295111592268e-06
 3.8877196750460087e-06
 3.8886838912368158e-06
 3.8886688253585461e-06
 3.4025852221867934e-06
 3.1899236458004951e-06
 3.1400810888343692e-06
 3.1408598787872381e-06
 3.0427080075762984e-06
 2.9951656949566509e-06
 0.028613500105176753
 0.00012672786036599799
 0.064309655263539878
 0.00014235183922386884
 2.0910056168952446e-18
 1.0696326199438254e-18
 1.8626001058579274e-18
 1.172646230781465e-18
 8.8446250694561964e-19
 1.8155705097242448e-18
 1.7153966723829852e-18
 1.6179652790887453e-18
 2.9621960782265172e-18
 2.4446711965003874e-18
 3.959167819564107e-18
 5.4569730976333056e-18
 1.6788495610956233e-18
 2.4397749026974507e-18
 1.8190371966181728e-18
 2.3749727124695225e-18
 2.625863626415578e-18
 1.6795338700171332e-18
 1.4841305349944953e-18
 1.9413405214132272e-18
 1.7402940917458631e-18
 2.1444272502011177e-18
 1.772390025441633e-18
 1.9202473613068074e-18
 1.4990136870243674e-18
 2.4522165746455379e-18
 1.7277012106838287e-18
 1.8723400079022429e-18


