# Created by Octave 5.1.0, Wed Apr 22 03:12:16 2020 GMT <unknown@Thomas-PC>
# name: contactConvergence
# type: matrix
# rows: 6
# columns: 1
 1.6699308454226114
 1.6396563196961496
 4.3368086899420177e-18
 4.3368086899420177e-18
 5.2041704279304213e-18
 2.6020852139652106e-18


