# Created by Octave 5.1.0, Wed Apr 22 03:13:10 2020 GMT <unknown@Thomas-PC>
# name: contactConvergence
# type: matrix
# rows: 6
# columns: 1
 1.1092901038646068
 0.5546450519323034
 0.32721205285635385
 1.1621292036329001e-18
 1.9922214919421144e-18
 8.8769052872250676e-19


