# Created by Octave 5.1.0, Wed Apr 22 03:20:04 2020 GMT <unknown@Thomas-PC>
# name: equilibriumConvergence
# type: matrix
# rows: 9
# columns: 1
 1.2032264284843679
 0.3428898279739338
 0.13031100480854363
 0.12945099668357885
 0.29362810746745016
 1.3242231671524478
 80.367119589647629
 65811.181235954034
 2229400444148865


