# Created by Octave 5.1.0, Wed Apr 22 03:13:10 2020 GMT <unknown@Thomas-PC>
# name: equilibriumConvergence
# type: matrix
# rows: 6
# columns: 1
 2.0413534001980995
 1.0927364658604153
 0.14724098067150101
 0.0028355410124155001
 1.6250408939984692e-06
 5.4381330810347645e-13


