# Created by Octave 5.1.0, Wed Apr 22 07:21:04 2020 GMT <unknown@Thomas-PC>
# name: equilibriumConvergence
# type: matrix
# rows: 101
# columns: 1
 0.79128517429699285
 0.74190946798090873
 0.68174682878461434
 0.87816891226426175
 0.78877750622403009
 0.31248938692364753
 0.27700732286184382
 0.25611655849440734
 0.2502080337076355
 0.25290824427872299
 0.24674610154029061
 0.22736626568471219
 0.073133954987903496
 0.06580433300682946
 0.065792761822733151
 0.064200400095059756
 0.062704803724061481
 0.061410747751061388
 0.059907653500234852
 0.05963045763370254
 0.056970761683724051
 0.057156916571329638
 0.052562926372803985
 0.050243915676393629
 0.049556142288855749
 0.050714234399661239
 0.050817800866715356
 0.050826148513509355
 0.049278176270666621
 0.048220866986494186
 0.047983269726522504
 0.048907339199520748
 0.048975688891075779
 0.048980215842463315
 0.048848333445713925
 0.047233792914662169
 0.047068742632897495
 0.046651823195608101
 0.046018626006222293
 0.048973209640945106
 0.049489158213335646
 0.049582616478927637
 0.049599724231631656
 0.045460582458427816
 0.044891009835114064
 0.044709541967903006
 0.044462895106331023
 0.047395763280896161
 0.047847653290050383
 0.047918006927677038
 0.047929028567490768
 0.0464888023443207
 0.044225151857477829
 0.04414233418571005
 0.044343621793508453
 0.044349837205164611
 0.044274233211412641
 0.044303459967708243
 0.044100495796927715
 0.043918286018070837
 0.045131841278526041
 0.045227448674300091
 0.045235009020698137
 0.044636875012914211
 0.043637546627994808
 0.04412713170283538
 0.044146924659986313
 0.043529115006900571
 0.055292186304917182
 0.062079428297351802
 0.069517276558210828
 0.070517252111941833
 0.07612812913994299
 0.059706447141477284
 0.048840480765258112
 0.048842854413685695
 0.045589232202224113
 0.044270210644594105
 0.052140422812922811
 0.055195002317531029
 0.056454396191251151
 0.056986720687759916
 0.05721392154804552
 0.057311286642721462
 0.057353083416541495
 0.046277908618997408
 0.046493586090030146
 0.045520325584521695
 0.045514330675874563
 0.045384045718438897
 0.045732885695856748
 0.04574671231791981
 0.045239939158613247
 0.04624694862904221
 0.046314230841155948
 0.046318484400836635
 0.045096391579705575
 0.046683686435990079
 0.046831019532425341
 0.04684439987960011
 0.045544159121888375


