# Created by Octave 5.1.0, Wed Apr 22 03:11:59 2020 GMT <unknown@Thomas-PC>
# name: equilibriumConvergence
# type: matrix
# rows: 6
# columns: 1
 5.7282196186948102
 5.2910962547533336
 1.129575320042626
 0.0057129290338594459
 1.5580660771253042e-06
 2.692224662828644e-13


