# Created by Octave 5.1.0, Wed Apr 22 03:12:16 2020 GMT <unknown@Thomas-PC>
# name: equilibriumConvergence
# type: matrix
# rows: 6
# columns: 1
 3.1016013900527892
 1.7060866021619454
 0.29450040345958589
 0.0064668974554054522
 7.1771666298730322e-06
 1.0916268463754027e-11


