# Created by Octave 5.1.0, Wed Apr 22 03:12:16 2020 GMT <unknown@Thomas-PC>
# name: lambda_sol
# type: matrix
# rows: 5
# columns: 1
 0
 0
 -5.9770998927054135
 0
 0


