# Created by Octave 5.1.0, Wed Apr 22 07:21:04 2020 GMT <unknown@Thomas-PC>
# name: lambda_sol
# type: matrix
# rows: 33
# columns: 1
 0
 0
 0
 0
 0
 0
 0
 0
 0
 0
 0
 0
 -0.10330967752056414
 -1.3249930953704836
 0
 -2.485593775542466
 -1.9062281946972164
 -2.4855937755424127
 0
 -1.3249930953704985
 -0.10330967752059343
 0
 0
 0
 0
 0
 0
 0
 0
 0
 0
 0
 0


