# Created by Octave 5.1.0, Wed Apr 22 03:11:59 2020 GMT <unknown@Thomas-PC>
# name: u_sol
# type: matrix
# rows: 18
# columns: 1
 0.010075321326220391
 -0.010075321326220408
 0
 0
 -1.1172639581209734e-17
 -0.030969373964326422
 0
 0.030969373964326408
 -4.8015225586802597e-18
 -0.19375068322974942
 -0.19375068322974942
 0
 0
 -0.10000000000000002
 -0.12682019552200066
 0
 -0.12682019552200066
 -0.12223624855668545


