# Created by Octave 5.1.0, Wed Apr 22 03:12:16 2020 GMT <unknown@Thomas-PC>
# name: u_sol
# type: matrix
# rows: 50
# columns: 1
 0.019693748615935383
 -0.019693748615935317
 0
 0
 3.7153279358273762e-17
 -0.035597081310764146
 0
 0.035597081310764167
 9.5402719086518714e-18
 0.011612206535761017
 1.8844753015730965e-17
 0.0086579059894180601
 -0.011612206535760951
 -0.0086579059894180202
 -0.022864429341049281
 -0.016073548570119011
 -0.037660527794651157
 -0.013034290820264787
 0
 2.8194304583845277e-18
 0
 0.013034290820264794
 0.037660527794651164
 0.016073548570119032
 0.022864429341049326
 -0.20310949839003525
 -0.20310949839003523
 0
 0
 -0.09999999999999995
 -0.13645049841549439
 0
 -0.13645049841549442
 -0.1312682030528467
 -0.18898865196807679
 -0.15282506718847597
 -0.17618244015886755
 -0.18898865196807679
 -0.17618244015886753
 -0.18057807194747616
 -0.13683186417707666
 -0.08090178799817567
 -0.074673517973184167
 0
 -0.072333742373298468
 0
 -0.074673517973184167
 -0.080901787998175684
 -0.13683186417707668
 -0.18057807194747619


