# Created by Octave 5.1.0, Wed Apr 22 03:13:10 2020 GMT <unknown@Thomas-PC>
# name: u_sol
# type: matrix
# rows: 162
# columns: 1
 0.024478506730052838
 -0.024478506730052831
 0
 0
 -1.098261112625677e-17
 -0.04375415815095772
 0
 0.043754158150957727
 1.0112676563758016e-18
 0.020235902298259931
 3.9256290100392771e-18
 0.015571282191046365
 -0.020235902298259924
 -0.015571282191046358
 -0.031162775427407023
 -0.020699717755274714
 -0.045410581646845763
 -0.016667351242898139
 0
 1.6550435226027635e-18
 0
 0.016667351242898143
 0.045410581646845763
 0.020699717755274717
 0.031162775427407034
 0.022228988114356467
 0.015187840421816192
 0.020788408452216429
 6.624723224386213e-18
 0.0082220638217512833
 0.019709767432153639
 0.0084709561981498645
 0.0073526850121395102
 2.6919655968311283e-18
 -0.019709767432153635
 -0.0082220638217512746
 -0.020788408452216422
 -0.015187840421816184
 -0.02222898811435646
 -0.0073526850121395024
 -0.0084709561981498593
 -0.025638834396142701
 -0.023458413694582
 -0.032523256345511703
 -0.028077999614180709
 -0.038108777662116365
 -0.018117279496323985
 -0.0097188526853092677
 -0.047570599075159509
 -0.033704179962180246
 -0.016708975715370902
 -0.029254102948009997
 -0.033649765449098347
 -0.02054189439850786
 -0.0096378061158865717
 0
 -0.0092981838129685933
 1.9306398796475116e-18
 -0.0042237316664460785
 0
 -0.0076577755862879656
 6.1207497850700304e-19
 0
 0.004223731666446082
 0.016708975715370902
 0.0092981838129685968
 0
 0.0076577755862879682
 0.0096378061158865717
 0.033649765449098347
 0.029254102948009997
 0.03252325634551171
 0.033704179962180253
 0.047570599075159516
 0.020541894398507864
 0.0097188526853092712
 0.038108777662116365
 0.028077999614180716
 0.023458413694582007
 0.025638834396142708
 0.018117279496323992
 -0.21588013157082192
 -0.21588013157082192
 0
 0
 -0.099999999999999964
 -0.14783286765264769
 0
 -0.14783286765264772
 -0.14612812253148014
 -0.21332315474236907
 -0.18613456817589313
 -0.19454250783798138
 -0.21332315474236907
 -0.19454250783798138
 -0.19345623341400128
 -0.14858083288215113
 -0.087486137276803586
 -0.080406873227517481
 0
 -0.079211271736204861
 0
 -0.080406873227517481
 -0.087486137276803586
 -0.14858083288215113
 -0.19345623341400128
 -0.21550946540085686
 -0.20778949535688832
 -0.20967472026999803
 -0.19338736750666202
 -0.20181066166792408
 -0.20400794060187494
 -0.17178428924978253
 -0.19040254983849825
 -0.16989721360979224
 -0.20400794060187494
 -0.20181066166792408
 -0.20967472026999801
 -0.20778949535688832
 -0.21550946540085686
 -0.19040254983849825
 -0.17178428924978253
 -0.20839406446508971
 -0.19604865429571522
 -0.15004764496741843
 -0.17588631602722024
 -0.172978369652488
 -0.17462374554999549
 -0.14647835346163754
 -0.12029413687737216
 -0.11896768823050517
 -0.041446651542088146
 -0.082582352715847449
 -0.048458603412237136
 -0.11681848314964585
 -0.11529071610528559
 0
 -0.040986070903567935
 -0.040738851421491251
 -0.040905543031345491
 0
 -0.079645181952896035
 -0.11468951539625108
 0
 -0.040905543031345491
 -0.041446651542088146
 -0.040986070903567935
 0
 -0.079645181952896035
 -0.11529071610528559
 -0.048458603412237136
 -0.082582352715847449
 -0.15004764496741843
 -0.11896768823050517
 -0.12029413687737216
 -0.11681848314964585
 -0.14647835346163754
 -0.17297836965248803
 -0.17588631602722027
 -0.19604865429571525
 -0.20839406446508973
 -0.17462374554999549


