# Created by Octave 5.1.0, Wed Apr 22 03:20:04 2020 GMT <unknown@Thomas-PC>
# name: u_sol
# type: matrix
# rows: 578
# columns: 1
 0.020732696528284578
 -0.020732696528284578
 0
 0
 7.622375046086319e-17
 -0.045596510843097349
 0
 0.045596510843097349
 2.0135070430704316e-18
 0.019249052536906675
 5.5189394568285739e-18
 0.016633987399927719
 -0.019249052536906675
 -0.016633987399927719
 -0.031976490679426206
 -0.021557840995228617
 -0.047239526547855348
 -0.017536755154651473
 0
 -9.384816559214431e-19
 0
 0.017536755154651473
 0.047239526547855348
 0.021557840995228617
 0.031976490679426206
 0.019668797831400298
 0.016137799229909433
 0.021099670353578404
 1.7393556046890428e-17
 0.009777226976439124
 0.020235041345586069
 0.0091462971422515693
 0.0080166833593011688
 2.7997654749100511e-18
 -0.020235041345586069
 -0.009777226976439124
 -0.021099670353578404
 -0.016137799229909433
 -0.019668797831400298
 -0.0080166833593011688
 -0.0091462971422515693
 -0.025279879413574236
 -0.024647919665312656
 -0.033821498338511446
 -0.029513468614823068
 -0.039387255257679499
 -0.019241327130657737
 -0.010211552715190919
 -0.04933499875733105
 -0.035033791878959164
 -0.018105111241311533
 -0.030654020461952314
 -0.035579844124185911
 -0.021401665955636417
 -0.0099984835169379949
 0
 -0.0097853471065718622
 -1.8098876907587394e-18
 -0.0043935915855399799
 0
 -0.007984102109730884
 5.2512249008058814e-19
 0
 0.0043935915855399799
 0.018105111241311533
 0.0097853471065718622
 0
 0.007984102109730884
 0.0099984835169379949
 0.035579844124185911
 0.030654020461952314
 0.033821498338511446
 0.035033791878959164
 0.04933499875733105
 0.021401665955636417
 0.010211552715190919
 0.039387255257679499
 0.029513468614823068
 0.024647919665312656
 0.025279879413574236
 0.019241327130657737
 0.020155521757260431
 0.020204904049023753
 0.021400969413662096
 0.017457889269280713
 0.018890460778493434
 0.019361401566129643
 0.019430355112490361
 0.018779687390633626
 0.015941875497446745
 -4.0800981499198609e-17
 0.014798299336689524
 0.0076529915677383542
 0.0040941791867226129
 0.005915218160225777
 8.1789607886379107e-18
 0.019412692519836128
 0.01480877649737522
 0.015984018093149643
 0.0047545073412038619
 0.0044379204268807371
 2.2539324130841624e-18
 0.012336058075007372
 0.0084873273226548918
 0.013119403257405793
 4.2458893267837078e-18
 0.0040966561659843137
 0.0038689674458964873
 0.013135570956364973
 0.0081470724262544536
 0.01214598913975351
 -0.0076529915677383542
 -0.014798299336689524
 -0.015984018093149643
 -0.01480877649737522
 -0.019412692519836128
 -0.005915218160225777
 -0.0040941791867226129
 -0.021400969413662096
 -0.020204904049023753
 -0.020155521757260431
 -0.015941875497446745
 -0.018779687390633626
 -0.019430355112490361
 -0.019361401566129643
 -0.018890460778493434
 -0.017457889269280713
 -0.0044379204268807371
 -0.0047545073412038619
 -0.0038689674458964873
 -0.0040966561659843137
 -0.013119403257405793
 -0.0084873273226548918
 -0.012336058075007372
 -0.013135570956364973
 -0.01214598913975351
 -0.0081470724262544536
 -0.022604932644753717
 -0.02319288896251237
 -0.02834068621541519
 -0.02554489756039402
 -0.028447930360925966
 -0.022602887051107245
 -0.020758059023592068
 -0.039890130470666918
 -0.037393456512290868
 -0.042812909967324231
 -0.026198930441751145
 -0.031848747783442377
 -0.027638340403427719
 -0.035693610149792221
 -0.034494254088713205
 -0.031398184150930319
 -0.0097723529697759659
 -0.005000404950351367
 -0.017842791431576188
 -0.014112797872257943
 -0.015726568248283002
 -0.01505174488920602
 -0.020558497773890849
 -0.027032387235522037
 -0.02441042552163708
 -0.022510409575261292
 -0.048077929603095981
 -0.041681420047098072
 -0.041525805805576965
 -0.042332493943831651
 -0.049178490708072786
 -0.034960493543621851
 -0.028270535607589409
 -0.012993380536045152
 -0.025361461219290504
 -0.023265830469426874
 -0.023523213363660034
 -0.025506469236461271
 -0.019097321363915398
 -0.042986356340406928
 -0.033707839502312709
 -0.038840299495859654
 -0.010320136789232492
 -0.0051057936580036767
 -0.021868143267056439
 -0.015880424718488939
 -0.014302108261290414
 -0.015437403924806858
 -0.019988325335361878
 -0.033714509838318918
 -0.026446496114658657
 -0.027959203089267248
 0
 -0.0091755593912239419
 -0.0049663322829474055
 -0.006766874294498848
 0
 -0.013351828767554252
 -0.014076904145440494
 -1.5928711960381354e-18
 -0.0010853636539422951
 0
 -0.003095137081345456
 -0.0021384414289968845
 -1.2284468130442508e-18
 0
 -0.0022322969330161868
 -0.003498902190813169
 -0.0049251250106863154
 1.3939041659853828e-18
 -0.01245019759699062
 -0.0092157293511263561
 2.4317171627615769e-19
 -0.0045193045243649976
 -0.003901780565684021
 -0.0068873438376613194
 -0.0063491197852272308
 -0.0099353190880719922
 0
 0.0010853636539422951
 0.003498902190813169
 0.0022322969330161868
 0
 0.0021384414289968845
 0.003095137081345456
 0.012993380536045152
 0.0091755593912239419
 0
 0.014076904145440494
 0.013351828767554252
 0.019097321363915398
 0
 0.006766874294498848
 0.0049663322829474055
 0.0049251250106863154
 0.0051057936580036767
 0.003901780565684021
 0.0045193045243649976
 0.014302108261290414
 0.0092157293511263561
 0.01245019759699062
 0.0068873438376613194
 0.0099353190880719922
 0.0063491197852272308
 0.023265830469426874
 0.025361461219290504
 0.038840299495859654
 0.033707839502312709
 0.042986356340406928
 0.025506469236461271
 0.023523213363660034
 0.039890130470666918
 0.041681420047098072
 0.048077929603095981
 0.028270535607589409
 0.034960493543621851
 0.027638340403427719
 0.049178490708072786
 0.042332493943831651
 0.041525805805576965
 0.010320136789232492
 0.005000404950351367
 0.019988325335361878
 0.015437403924806858
 0.015726568248283002
 0.015880424718488939
 0.021868143267056439
 0.033714509838318918
 0.027959203089267248
 0.026446496114658657
 0.042812909967324231
 0.037393456512290868
 0.031398184150930319
 0.034494254088713205
 0.035693610149792221
 0.031848747783442377
 0.026198930441751145
 0.02319288896251237
 0.022604932644753717
 0.020758059023592068
 0.022602887051107245
 0.028447930360925966
 0.02554489756039402
 0.02834068621541519
 0.0097723529697759659
 0.020558497773890849
 0.01505174488920602
 0.014112797872257943
 0.017842791431576188
 0.027032387235522037
 0.022510409575261292
 0.02441042552163708
 -0.2125410811167967
 -0.2125410811167967
 0
 0
 -0.099999999999999964
 -0.14884492919918557
 0
 -0.14884492919918557
 -0.14695233902602922
 -0.21465083739167312
 -0.18945384812832344
 -0.19609020455391146
 -0.21465083739167312
 -0.19609020455391146
 -0.19281044080344145
 -0.14952322749741143
 -0.088518593307526316
 -0.080970572027581511
 0
 -0.079854094148686272
 0
 -0.080970572027581511
 -0.088518593307526316
 -0.14952322749741143
 -0.19281044080344145
 -0.21520699369284557
 -0.20959756441880018
 -0.21009026098545291
 -0.19894677805132233
 -0.20440959469124209
 -0.2047649586602347
 -0.17331745747651439
 -0.19251370748679619
 -0.17185958630579989
 -0.2047649586602347
 -0.20440959469124209
 -0.21009026098545291
 -0.20959756441880018
 -0.21520699369284557
 -0.19251370748679619
 -0.17331745747651439
 -0.20652265224271105
 -0.19676518384585506
 -0.15101696090641781
 -0.1767863099121314
 -0.17326344167304342
 -0.17586068242962938
 -0.14752392665104708
 -0.12102802561457793
 -0.11975313595576154
 -0.042049923864396987
 -0.083177249867731007
 -0.050192637540931173
 -0.1175698543083854
 -0.11606033839780139
 0
 -0.041245024358431692
 -0.041079764077949221
 -0.041147854380142235
 0
 -0.080164495533608715
 -0.11550757237273501
 0
 -0.041147854380142235
 -0.042049923864396987
 -0.041245024358431692
 0
 -0.080164495533608715
 -0.11606033839780139
 -0.050192637540931173
 -0.083177249867731007
 -0.15101696090641781
 -0.11975313595576154
 -0.12102802561457793
 -0.1175698543083854
 -0.14752392665104708
 -0.17326344167304342
 -0.1767863099121314
 -0.19676518384585506
 -0.20652265224271105
 -0.17586068242962938
