# Created by Octave 5.1.0, Wed Apr 22 07:21:04 2020 GMT <unknown@Thomas-PC>
# name: u_sol
# type: matrix
# rows: 2178
# columns: 1
 0.016567633593303294
 -0.016567633593303408
 0
 0
 -2.7947688833268738e-16
 -0.045995996091391524
 0
 0.045995996091391461
 -2.2875486362926086e-17
 0.016251588755871408
 -3.9163129520984635e-17
 0.015941455046205422
 -0.016251588755871516
 -0.015941455046205498
 -0.031128494445672308
 -0.021731618851230379
 -0.048031588977594096
 -0.017945612107125114
 0
 -8.0638263316198234e-18
 0
 0.01794561210712509
 0.048031588977594096
 0.021731618851230327
 0.031128494445672221
 0.016061522718866544
 0.014292728124262192
 0.019261908593533952
 -3.9908253134871816e-17
 0.0077433926243114489
 0.019245246214482072
 0.0091450983694935269
 0.0075008793896912803
 -3.1394426798171359e-17
 -0.019245246214482162
 -0.0077433926243115668
 -0.019261908593534049
 -0.014292728124262287
 -0.016061522718866648
 -0.0075008793896913757
 -0.009145098369493598
 -0.023296383112073854
 -0.023941921086309846
 -0.034050928654382882
 -0.029467288851385588
 -0.039220001819517306
 -0.019187754580595812
 -0.010347336328636783
 -0.049851291165630689
 -0.035485558342173901
 -0.018778149169928024
 -0.031294570245191604
 -0.036567232911606774
 -0.021748088544270253
 -0.010169750196879167
 0
 -0.010067167013961343
 -3.1572805371528068e-18
 -0.0045121362743851968
 0
 -0.0081688427068639154
 -1.533139814755001e-17
 0
 0.0045121362743851898
 0.01877814916992801
 0.010067167013961332
 0
 0.0081688427068638998
 0.010169750196879133
 0.036567232911606781
 0.031294570245191569
 0.034050928654382827
 0.035485558342173859
 0.049851291165630661
 0.021748088544270218
 0.010347336328636729
 0.039220001819517236
 0.029467288851385533
 0.023941921086309766
 0.023296383112073778
 0.019187754580595743
 0.016236653931699371
 0.017554299141371698
 0.018645176956433938
 0.01489566737551328
 0.016335170236283478
 0.016038621063522378
 0.018239428010669096
 0.016964579641365898
 0.014739905788042429
 -5.2233931424411037e-16
 0.010997842041995269
 -0.0017292766583249894
 0.0033966441043398223
 0.0040578260083408962
 -4.0339720699892403e-17
 0.017038988636027565
 0.011160310744849479
 0.013101284904508815
 0.0048430180066872351
 0.0044707728154690218
 -2.7035318152741233e-17
 0.011684744378490828
 0.0082951548050778749
 0.012839389144641592
 -3.5686332469453181e-17
 0.0040210901619442442
 0.0035903790097652007
 0.011178114742250401
 0.0070850949742218144
 0.010950441473086671
 0.0017292766583244887
 -0.01099784204199534
 -0.0131012849045089
 -0.011160310744849558
 -0.017038988636027683
 -0.0040578260083410514
 -0.0033966441043399398
 -0.018645176956434029
 -0.017554299141371795
 -0.016236653931699482
 -0.014739905788042518
 -0.016964579641365989
 -0.018239428010669176
 -0.016038621063522489
 -0.016335170236283569
 -0.014895667375513377
 -0.0044707728154690877
 -0.0048430180066872889
 -0.0035903790097652944
 -0.0040210901619443214
 -0.01283938914464167
 -0.0082951548050779565
 -0.011684744378490916
 -0.011178114742250493
 -0.010950441473086768
 -0.0070850949742219272
 -0.019729262762807682
 -0.021309800635124079
 -0.027590081797125843
 -0.024306119376554428
 -0.027112141668200918
 -0.021404434113187275
 -0.020061999160892793
 -0.040177292779020116
 -0.037538641008005302
 -0.042900819202451784
 -0.026325346064444761
 -0.03199554639194218
 -0.027834169436250299
 -0.035224357278219161
 -0.034416098521694749
 -0.031025541612283238
 -0.0098707814154315593
 -0.0050895199649680575
 -0.017527923841327356
 -0.014072338060896071
 -0.015884098886356321
 -0.015148641215284279
 -0.020664013513521783
 -0.026703708175518284
 -0.02436317259154586
 -0.022191021413925996
 -0.048494525923053686
 -0.042047157517309308
 -0.042137686310151169
 -0.042812312643665008
 -0.049827282168887828
 -0.03530348757257451
 -0.028585527193382046
 -0.013830417268491846
 -0.026234252271724059
 -0.024285123637391
 -0.024050493083660217
 -0.026195922607409841
 -0.019626904479016834
 -0.043906826306563777
 -0.03456346878476009
 -0.039587979444637031
 -0.010472252654302409
 -0.0051599675731779275
 -0.022145166571978157
 -0.016105792886798639
 -0.014594553915780222
 -0.015705392427879369
 -0.020380584906413222
 -0.034269280837805567
 -0.026926056363735143
 -0.028366134949569671
 0
 -0.0095381355879415146
 -0.0051113116092870604
 -0.0069838532676949538
 0
 -0.013777716385306811
 -0.014453251801769
 -1.5175429978803163e-18
 -0.0011180093358648764
 0
 -0.0031734306816572529
 -0.002197327406234113
 -5.1568082438061873e-18
 0
 -0.0022956991964188139
 -0.0035974844581632181
 -0.0049964172399484712
 -1.9121961005764486e-17
 -0.012742156585422722
 -0.0094022825890837814
 -1.1539726700838807e-17
 -0.0046046458006821552
 -0.0039896548606013407
 -0.0070757676086834085
 -0.0065103551669008627
 -0.010192470935697482
 0
 0.0011180093358648736
 0.003597484458163215
 0.00229569919641881
 0
 0.0021973274062341073
 0.0031734306816572433
 0.013830417268491839
 0.0095381355879415094
 0
 0.014453251801768988
 0.013777716385306804
 0.019626904479016827
 0
 0.0069838532676949512
 0.0051113116092870569
 0.00499641723994844
 0.0051599675731778876
 0.0039896548606013233
 0.0046046458006821335
 0.0145945539157802
 0.0094022825890837589
 0.012742156585422706
 0.0070757676086834033
 0.01019247093569747
 0.0065103551669008523
 0.024285123637390993
 0.026234252271724053
 0.039587979444637003
 0.034563468784760062
 0.04390682630656375
 0.026195922607409831
 0.024050493083660199
 0.04017729277902006
 0.042047157517309253
 0.048494525923053637
 0.028585527193382008
 0.035303487572574468
 0.02783416943625024
 0.049827282168887793
 0.042812312643664967
 0.042137686310151148
 0.010472252654302374
 0.0050895199649680124
 0.020380584906413195
 0.015705392427879328
 0.015884098886356276
 0.016105792886798587
 0.022145166571978118
 0.034269280837805553
 0.028366134949569639
 0.026926056363735122
 0.042900819202451715
 0.037538641008005247
 0.031025541612283145
 0.034416098521694694
 0.035224357278219084
 0.031995546391942124
 0.026325346064444706
 0.021309800635123995
 0.019729262762807585
 0.020061999160892709
 0.021404434113187196
 0.027112141668200834
 0.024306119376554344
 0.027590081797125764
 0.009870781415431502
 0.020664013513521724
 0.015148641215284218
 0.014072338060896002
 0.017527923841327283
 0.026703708175518207
 0.022191021413925916
 0.024363172591545794
 0.016391630741220853
 0.017423185451861445
 0.017730435131420037
 0.016808087082065687
 0.017115232153904283
 0.016128510835330404
 0.019166099281824087
 0.018111246682772798
 0.018359755200629192
 0.015542673707534933
 0.015872740553245803
 0.016101738239324301
 0.015566579880094673
 0.01565081398723768
 0.014458226940209524
 0.016030473919628422
 0.016189725093111944
 0.016500411190076131
 0.017217476855464032
 0.016532036286606093
 0.015270462584964064
 0.018153125060852791
 0.017521657292186448
 0.018940572450693416
 0.014398258420568489
 0.01600944834273927
 0.015681868570347524
 0.016965471237582096
 0.016575169203613294
 0.017501022849851489
 -1.8915967371099819e-16
 -0.00037804823667950875
 0.0023335311038327196
 0.0011368968888623981
 -0.0025246759111472498
 4.2960952151848985e-17
 0.01555170917662867
 0.0040330468375413767
 0.012373778455732265
 0.0016730822243042807
 0.0016390054320074275
 -4.0231670804881922e-17
 0.005975941004407891
 0.0035487583231647909
 0.0053804957787552407
 -3.9552927415209612e-17
 0.0016965930284453153
 0.0018413919046181195
 0.016539378728608535
 0.01475411620513393
 0.015182572265153016
 0.013406151105361797
 0.014187262608505492
 0.017858154305682251
 0.010440961488068543
 0.012081206170793526
 0.0089457750067362136
 0.0053568347949029928
 0.0074009001024005873
 0.010716462406584191
 0.0024723522451883528
 0.0024041236792408174
 -2.4902514583520027e-17
 0.0067763318766244623
 0.0046704700041057283
 0.0070714181670910974
 -2.9172927565738267e-17
 0.0023189032252686546
 0.0022183340373062603
 0.013818963871191397
 0.012234333769195234
 0.014469544331358728
