# Created by Octave 5.1.0, Wed Feb 19 21:19:24 2020 GMT <unknown@Thomas-PC>
# name: contactConvergence
# type: matrix
# rows: 7
# columns: 1
 7.8921735802065447
 0.85309843487721537
 2.8747248410323684e-18
 2.6564772085960615e-18
 2.4855850040358487e-18
 3.016969087226847e-18
 3.9685735549780003e-18


