# Created by Octave 5.1.0, Thu Feb 20 00:34:15 2020 GMT <unknown@Thomas-PC>
# name: contactConvergence
# type: matrix
# rows: 8
# columns: 1
 17.974692691260735
 0.0036218769551347148
 2.1949648965421314e-18
 0.30715878801211483
 1.5521846352937291e-18
 1.9879373009733694e-18
 1.9500217042411057e-18
 2.0571090730239853e-18


