# Created by Octave 5.1.0, Wed Apr 22 03:39:30 2020 GMT <unknown@Thomas-PC>
# name: contactConvergence
# type: matrix
# rows: 8
# columns: 1
 6.1659520158860621
 0.0014831718840437416
 0.26188167929580164
 0.52158554531468981
 4.5018517201110718e-18
 2.9575481256142015e-18
 4.3146203691999796e-18
 4.3644204880573158e-18


