# Created by Octave 5.1.0, Wed Apr 22 03:11:58 2020 GMT <unknown@Thomas-PC>
# name: contactConvergence
# type: matrix
# rows: 6
# columns: 1
 0
 0.097459223076524493
 1.3877787807814457e-17
 1.7347234759768071e-17
 4.8572257327350599e-17
 3.1225022567582528e-17


