# Created by Octave 5.1.0, Wed Apr 22 03:12:56 2020 GMT <unknown@Thomas-PC>
# name: contactConvergence
# type: matrix
# rows: 6
# columns: 1
 2.748904271099518
 3.2860178575467005
 4.6078592330633938e-18
 2.7105054312137611e-18
 9.7578195523695399e-19
 3.7947076036992655e-18


