# Created by Octave 5.1.0, Wed Apr 22 03:15:29 2020 GMT <unknown@Thomas-PC>
# name: contactConvergence
# type: matrix
# rows: 6
# columns: 1
 4.8993595724772909
 5.2258583731999213e-18
 3.9169057321412178e-18
 2.6272557601607864e-18
 1.9333923628824052e-18
 7.9997354333687628e-19


