# Created by Octave 5.1.0, Wed Apr 22 03:12:13 2020 GMT <unknown@Thomas-PC>
# name: contactConvergence
# type: matrix
# rows: 6
# columns: 1
 2.8999988438379014
 1.4592141225239994
 6.0715321659188248e-18
 4.3368086899420177e-18
 4.3368086899420177e-18
 5.2041704279304213e-18


