# Created by Octave 5.1.0, Thu Feb 20 00:34:15 2020 GMT <unknown@Thomas-PC>
# name: equilibriumConvergence
# type: matrix
# rows: 8
# columns: 1
 1.8459406095407564
 2.602622418969041
 0.96913755628527998
 0.55085443933948941
 0.095223761859445324
 0.0037158315213633142
 6.0708448034194926e-06
 1.6275185615500687e-11


