# Created by Octave 5.1.0, Wed Apr 22 03:12:13 2020 GMT <unknown@Thomas-PC>
# name: equilibriumConvergence
# type: matrix
# rows: 6
# columns: 1
 3.7320415216065439
 1.9046686283855208
 0.11838602951948334
 0.0001508643020152821
 1.0530266634652352e-09
 5.8264961397331759e-15


