# Created by Octave 5.1.0, Wed Apr 22 03:12:56 2020 GMT <unknown@Thomas-PC>
# name: equilibriumConvergence
# type: matrix
# rows: 6
# columns: 1
 3.5356246401864615
 0.70816228629787459
 0.10359539768530435
 0.00040721946431757609
 1.1942474477846571e-08
 6.476712782279751e-15


