# Created by Octave 5.1.0, Wed Apr 22 03:39:30 2020 GMT <unknown@Thomas-PC>
# name: equilibriumConvergence
# type: matrix
# rows: 8
# columns: 1
 3.0502616274749568
 0.83311855469144147
 0.78172978788369263
 0.59612583784209372
 0.11330407934868068
 0.0017390431367961408
 6.7879338240576276e-07
 1.1082559836486737e-13


