# Created by Octave 5.1.0, Wed Apr 22 03:11:58 2020 GMT <unknown@Thomas-PC>
# name: equilibriumConvergence
# type: matrix
# rows: 6
# columns: 1
 5.7282196186948102
 1.0813006340369067
 0.87500340542805688
 0.0069285428533035712
 2.5515706950422672e-07
 4.0111158410160161e-15


