# Created by Octave 5.1.0, Wed Apr 22 03:15:29 2020 GMT <unknown@Thomas-PC>
# name: equilibriumConvergence
# type: matrix
# rows: 6
# columns: 1
 3.4478579726611334
 0.66580290839071965
 0.042574105938464092
 0.00024197497998742123
 1.0216341137846519e-08
 1.3522276900176734e-14


