# Created by Octave 5.1.0, Wed Feb 19 21:19:24 2020 GMT <unknown@Thomas-PC>
# name: equilibriumConvergence
# type: matrix
# rows: 7
# columns: 1
 2.2568989133062765
 1.3107999827990355
 0.34617625054895773
 0.038425666730449545
 0.0005275051417241804
 9.9445344337792946e-08
 5.1648430730520367e-14


