# Created by Octave 5.1.0, Wed Apr 22 03:12:56 2020 GMT <unknown@Thomas-PC>
# name: lambda_sol
# type: matrix
# rows: 9
# columns: 1
 0
 0
 0
 0
 -26.839838325866353
 0
 0
 0
 0


