# Created by Octave 5.1.0, Wed Apr 22 03:15:29 2020 GMT <unknown@Thomas-PC>
# name: lambda_sol
# type: matrix
# rows: 17
# columns: 1
 0
 0
 0
 0
 0
 0
 0
 -1.2787704590036619
 -46.94091611153997
 -1.2787704590036626
 0
 0
 0
 0
 0
 0
 0


