# Created by Octave 5.1.0, Wed Apr 22 03:39:30 2020 GMT <unknown@Thomas-PC>
# name: lambda_sol
# type: matrix
# rows: 33
# columns: 1
 0
 0
 0
 0
 0
 0
 0
 0
 0
 0
 0
 0
 -0.39797005674696057
 -2.6238334123947209
 -4.9405252840526455
 -3.4481566669542381
 -74.624616872523461
 -3.4481566669542287
 -4.9405252840526668
 -2.6238334123946574
 -0.39797005674701175
 0
 0
 0
 0
 0
 0
 0
 0
 0
 0
 0
 0


