# Created by Octave 5.1.0, Wed Feb 19 21:19:24 2020 GMT <unknown@Thomas-PC>
# name: lambda_sol
# type: matrix
# rows: 65
# columns: 1
 0
 0
 0
 0
 0
 0
 0
 0
 0
 0
 0
 0
 0
 0
 0
 0
 0
 0
 0
 0
 0
 0
 0
 0
 -0.59922977694340895
 -1.6709219124401449
 -2.6146615087564791
 -3.6863695886994603
 -5.0243981462748595
 -6.8936530663889881
 -9.9633277380823735
 -3.3951839583649681
 -126.03862282732527
 -3.3951839583649535
 -9.9633277380824108
 -6.8936530663889277
 -5.024398146274959
 -3.6863695886993608
 -2.6146615087564578
 -1.6709219124401957
 -0.59922977694341195
 0
 0
 0
 0
 0
 0
 0
 0
 0
 0
 0
 0
 0
 0
 0
 0
 0
 0
 0
 0
 0
 0
 0
 0


