# Created by Octave 5.1.0, Wed Apr 22 03:11:58 2020 GMT <unknown@Thomas-PC>
# name: u_sol
# type: matrix
# rows: 18
# columns: 1
 -0.0054581010652533417
 0.0054581010652532983
 0
 0
 -8.4487554902993592e-18
 -0.035452006826736181
 0
 0.035452006826736202
 5.4623427592382524e-18
 -0.23624304813938149
 -0.23624304813938155
 0
 0
 -0.10000000000000001
 -0.17021056689926284
 0
 -0.17021056689926278
 -0.15819896742582323


