# Created by Octave 5.1.0, Wed Apr 22 03:12:13 2020 GMT <unknown@Thomas-PC>
# name: u_sol
# type: matrix
# rows: 50
# columns: 1
 0.010628813975433115
 -0.010628813975433367
 0
 0
 -1.0025437049148629e-16
 -0.034716782259767542
 0
 0.034716782259767431
 -4.9244141603016999e-17
 0.0070873868608240173
 -9.0983927365316258e-17
 -0.00267435328855799
 -0.0070873868608242732
 0.0026743532885578282
 -0.0077651692068518036
 -0.014871476018550737
 -0.053792267058501562
 -0.021823359076987604
 0
 -1.5076789349371177e-17
 0
 0.021823359076987559
 0.0537922670585015
 0.01487147601855063
 0.0077651692068516319
 -0.25622042852081667
 -0.25622042852081683
 0
 0
 -0.09999999999999995
 -0.18862554465205181
 0
 -0.18862554465205172
 -0.17475174035155233
 -0.21701225728940335
 -0.16449890897387734
 -0.22106332815838226
 -0.21701225728940338
 -0.22106332815838234
 -0.23722042226549889
 -0.19039321827169434
 -0.12491565426102812
 -0.11339387981268392
 0
 -0.10365544673428508
 0
 -0.1133938798126839
 -0.12491565426102803
 -0.19039321827169428
 -0.23722042226549875


