# Created by Octave 5.1.0, Wed Apr 22 03:12:56 2020 GMT <unknown@Thomas-PC>
# name: u_sol
# type: matrix
# rows: 162
# columns: 1
 0.031295014119166444
 -0.031295014119166333
 0
 0
 4.8976512949410763e-17
 -0.034652428209629611
 0
 0.034652428209629632
 8.8868037778753034e-18
 0.026553518006568456
 3.6859321002347899e-17
 -0.0024114983868604592
 -0.026553518006568348
 0.0024114983868605273
 -0.010689685607292736
 -0.012038506445964587
 -0.060954394633287966
 -0.026528759259874742
 0
 -1.2876267129769316e-18
 0
 0.026528759259874746
 0.06095439463328798
 0.012038506445964613
 0.010689685607292818
 0.029559465121278536
 0.0037924688804546044
 0.0095265327940434914
 3.9896739809331247e-17
 -0.0019187978031674684
 0.016981722736864002
 -0.0020778311519299795
 -0.0051900166897550478
 2.0127931250290458e-17
 -0.016981722736863901
 0.0019187978031675495
 -0.009526532794043403
 -0.0037924688804545168
 -0.029559465121278432
 0.0051900166897551041
 0.0020778311519300189
 -0.014397426597867876
 -0.0033433127974616551
 -0.022415702501102842
 -0.0091060384314449027
 -0.019120185251788747
 -0.0018092625299270043
 -0.0042688030874666683
 -0.049502743915299977
 -0.035555788818116441
 -0.03523959688297966
 -0.04385728465550396
 -0.058805679082073965
 -0.021869816257744919
 -0.010251865835805103
 0
 -0.020715428775232712
 -2.513349951576619e-18
 -0.0095698189487905226
 0
 -0.012398408138071868
 5.713900086739754e-18
 0
 0.0095698189487905209
 0.035239596882979667
 0.020715428775232712
 0
 0.01239840813807187
 0.010251865835805115
 0.058805679082073979
 0.043857284655503974
 0.022415702501102867
 0.035555788818116447
 0.04950274391529999
 0.02186981625774493
 0.0042688030874666934
 0.019120185251788786
 0.0091060384314449495
 0.0033433127974617232
 0.014397426597867968
 0.0018092625299270455
 -0.28757145007931922
 -0.28757145007931911
 0
 0
 -0.099999999999999978
 -0.20514161914777421
 0
 -0.20514161914777426
 -0.19246541319563967
 -0.23715125355391928
 -0.18398613615049716
 -0.23782007407256875
 -0.23715125355391925
 -0.23782007407256869
 -0.26212651184571112
 -0.20567846824613792
 -0.13129297746262625
 -0.12463123490255162
 0
 -0.1175724198093583
 0
 -0.12463123490255164
 -0.13129297746262628
 -0.20567846824613795
 -0.26212651184571117
 -0.26876706452418192
 -0.2409915566125069
 -0.26687890930761443
 -0.15226936892504195
 -0.19956225287581025
 -0.18196848593721626
 -0.20932768193775975
 -0.20949706254813333
 -0.19698249371325505
 -0.18196848593721626
 -0.19956225287581023
 -0.26687890930761438
 -0.24099155661250685
 -0.26876706452418186
 -0.2094970625481333
 -0.20932768193775972
 -0.2803346513711733
 -0.25655176321225726
 -0.2117776258251825
 -0.23832028721277829
 -0.23645907536425115
 -0.22686914082534435
 -0.19559563426605803
 -0.17205106188157532
 -0.17669672045580512
 -0.066215713001052057
 -0.12961341269920801
 -0.079333400656312891
 -0.17242171628834116
 -0.1663175747930998
 0
 -0.064121349554777121
 -0.060673467536975383
 -0.062840446268538616
 0
 -0.12069967166278697
 -0.1629134532759198
 0
 -0.062840446268538616
 -0.066215713001052071
 -0.064121349554777135
 0
 -0.12069967166278697
 -0.1663175747930998
 -0.079333400656312919
 -0.12961341269920804
 -0.21177762582518256
 -0.17669672045580515
 -0.17205106188157535
 -0.17242171628834119
 -0.19559563426605803
 -0.23645907536425123
 -0.23832028721277834
 -0.25655176321225731
 -0.28033465137117342
 -0.2268691408253444


