# Created by Octave 5.1.0, Wed Apr 22 03:15:29 2020 GMT <unknown@Thomas-PC>
# name: u_sol
# type: matrix
# rows: 578
# columns: 1
 0.044797237949077362
 -0.044797237949077362
 0
 0
 1.0172388375482395e-17
 -0.035175420163677591
 0
 0.035175420163677605
 -2.9848945411574224e-19
 0.042725526313944585
 5.3402341319833003e-18
 -0.0018369049564741168
 -0.042725526313944572
 0.0018369049564741296
 -0.014401707865450027
 -0.011307045906602272
 -0.065699395011142595
 -0.029090769374572091
 0
 1.7395128198010601e-18
 0
 0.029090769374572091
 0.065699395011142608
 0.011307045906602283
 0.014401707865450029
 0.043260768310944421
 0.009273384476650319
 0.017741787017035479
 4.4229012976883238e-18
 -0.0014377836094831029
 0.031288302615597244
 -0.0023766675601053309
 -0.0060676278382344852
 3.4348257782310258e-18
 -0.031288302615597223
 0.0014377836094831222
 -0.017741787017035472
 -0.0092733844766503103
 -0.043260768310944414
 0.0060676278382344991
 0.0023766675601053409
 -0.023935085453784338
 -0.0057849700259913284
 -0.021818793503714386
 -0.0089335838893220519
 -0.019749147511454276
 -0.0011836000985215459
 -0.0040338642373130146
 -0.05238618943253924
 -0.03693113505765909
 -0.040962010645132614
 -0.047313880306766726
 -0.064335907533341827
 -0.022582138097925804
 -0.010490597100034509
 0
 -0.023617600229038825
 3.7630407290143775e-19
 -0.010748638976352977
 0
 -0.013578491955105453
 1.3087547189755578e-18
 0
 0.010748638976352981
 0.040962010645132621
 0.023617600229038829
 0
 0.013578491955105455
 0.010490597100034508
 0.064335907533341813
 0.047313880306766733
 0.0218187935037144
 0.036931135057659104
 0.052386189432539254
 0.022582138097925815
 0.004033864237313018
 0.019749147511454283
 0.0089335838893220606
 0.0057849700259913397
 0.023935085453784338
 0.0011836000985215548
 0.043595185603263233
 0.029467000058161521
 0.031522519874614859
 0.022856143264643879
 0.026797260520237967
 0.043359848933255757
 0.0057110187095569575
 0.013966164372539563
 0.001417789611929679
 1.3921652027284299e-17
 0.00099611211959195478
 0.015718478623933607
 -0.0051666977934859025
 -0.0040909938821858793
 6.4379999946301105e-18
 0.039534962183764295
 0.0090449507492295998
 0.016977472933906522
 -0.00020920350479205005
 -0.0018841434661355397
 3.8496397705834581e-18
 -0.0047795575262856767
 -0.0047597865316878242
 -0.0039764592688489638
 2.6515962599829467e-18
 -0.003408509841781563
 -0.0046254328659795603
 0.0038203999374294933
 -0.0054831293649265055
 -0.0026879385463780322
 -0.0157184786239336
 -0.00099611211959193288
 -0.016977472933906512
 -0.0090449507492295824
 -0.039534962183764281
 0.0040909938821858975
 0.0051666977934859155
 -0.031522519874614859
 -0.029467000058161514
 -0.043595185603263233
 -0.0014177896119296676
 -0.013966164372539556
 -0.0057110187095569488
 -0.04335984893325575
 -0.02679726052023796
 -0.022856143264643868
 0.0018841434661355442
 0.00020920350479205401
 0.0046254328659795715
 0.0034085098417815729
 0.0039764592688489716
 0.0047597865316878329
 0.004779557526285688
 -0.0038203999374294808
 0.0026879385463780452
 0.0054831293649265193
 -0.033616787444655745
 -0.020862106545109803
 -0.0098540756926540473
 -0.013392919398456491
 -0.017256740987987591
 -0.0096995153850566312
 -0.0018567636894348167
 -0.028130329884139556
 -0.020158864542552505
 -0.026640255249797948
 -0.0097421066583187974
 -0.014568178550347265
 -0.016200009184055404
 -0.01540461028463478
 -0.013900985276446735
 -0.01020381749451151
 -0.00064720689223459697
 -0.0016993700783905449
 0.0015990736819563431
 0.0012778126133801879
 -0.0072267626319104609
 -0.0026330192426104876
 -0.0057159958527259807
 -0.0057408293111447586
 -0.0046727011767918429
 -0.001773572592457749
 -0.043718074472705939
 -0.036419390408732592
 -0.051787787099186564
 -0.04461479288550213
 -0.060077634530353342
 -0.029478012201018759
 -0.023013457003609978
 -0.03426227839526752
 -0.052570196738949138
 -0.051084627186588009
 -0.037932123088104626
 -0.047415148428816972
 -0.037349377602570975
 -0.067839143634449151
 -0.057950050147574352
 -0.056777392305677757
 -0.0075614568548315105
 -0.0037436645444738534
 -0.017147855025129489
 -0.011986744416794605
 -0.019425427319753576
 -0.016234392663528732
 -0.026848596978493421
 -0.043266985461496224
 -0.034854738622462481
 -0.029524288343980201
 0
 -0.025550201575077428
 -0.014282051419624138
 -0.019298002722917769
 0
 -0.031528346678091068
 -0.028331506220230417
 -1.4496838621302844e-18
 -0.0030779450748980846
 0
 -0.0064029329583514842
 -0.0052352888408005935
 -1.1106796312324652e-19
 0
 -0.0063841176355382192
 -0.010059346872367968
 -0.0051774047284606564
 1.0081797764656309e-18
 -0.020989645004694257
 -0.012592922683061877
 7.7915254333275694e-19
 -0.0062020740060947039
 -0.0066712827988022307
 -0.01679114350337339
 -0.013077290793536272
 -0.020305798552004373
 0
 0.0030779450748980833
 0.010059346872367968
 0.0063841176355382201
 0
 0.0052352888408005952
 0.0064029329583514876
 0.03426227839526752
 0.025550201575077432
 0
 0.02833150622023042
 0.031528346678091068
 0.037349377602570982
 0
 0.019298002722917765
 0.014282051419624136
 0.0051774047284606564
 0.0037436645444738539
 0.0066712827988022359
 0.0062020740060947082
 0.019425427319753583
 0.012592922683061881
 0.02098964500469426
 0.016791143503373393
 0.02030579855200438
 0.013077290793536273
 0.051084627186588003
 0.052570196738949138
 0.056777392305677771
 0.057950050147574358
 0.067839143634449164
 0.047415148428816979
 0.037932123088104633
 0.02813032988413957
 0.036419390408732606
 0.043718074472705946
 0.023013457003609992
 0.029478012201018769
 0.016200009184055415
 0.060077634530353356
 0.044614792885502137
 0.05178778709918657
 0.0075614568548315123
 0.0016993700783905455
 0.026848596978493428
 0.016234392663528743
 0.0072267626319104643
 0.011986744416794608
 0.017147855025129499
 0.043266985461496231
 0.029524288343980212
 0.034854738622462487
 0.026640255249797962
 0.020158864542552515
 0.010203817494511521
 0.013900985276446745
 0.015404610284634785
 0.014568178550347274
 0.0097421066583188044
 0.02086210654510981
 0.033616787444655752
 0.0018567636894348293
 0.0096995153850566364
 0.017256740987987598
 0.013392919398456495
 0.009854075692654056
 0.00064720689223460195
 0.0057159958527259885
 0.0026330192426104911
 -0.0012778126133801788
 -0.001599073681956332
 0.0057408293111447708
 0.0017735725924577599
 0.0046727011767918524
 -0.30979346518190692
 -0.30979346518190692
 0
 0
 -0.099999999999999964
 -0.21666098655970523
 0
 -0.21666098655970523
 -0.20304598750562486
 -0.25362043527996486
 -0.19967719456140498
 -0.25096312545269528
 -0.25362043527996486
 -0.25096312545269528
 -0.28151646622131654
 -0.21661564468136693
 -0.13576996452899184
 -0.13199860111558126
 0
 -0.12594639248980088
 0
 -0.13199860111558126
 -0.13576996452899182
 -0.21661564468136693
 -0.28151646622131654
 -0.28764884850433331
 -0.25659938770433682
 -0.28526855291253655
 -0.16530795073237464
 -0.21057024842335834
 -0.19234999385047949
 -0.2203818353934742
 -0.22037436837391913
 -0.21087751918423822
 -0.19234999385047949
 -0.21057024842335834
 -0.28526855291253655
 -0.25659938770433682
 -0.28764884850433331
 -0.22037436837391913
 -0.2203818353934742
 -0.30284204350452232
 -0.27266873181910006
 -0.22352288815137242
 -0.25201962098705016
 -0.25143555893672781
 -0.23861882278951191
 -0.20636180625874961
 -0.17931019089161429
 -0.18590822884021846
 -0.071151903302500152
 -0.13626340631165151
 -0.082949589944555174
 -0.18189025061702621
 -0.17583877593407532
 0
 -0.068085153985466204
 -0.065515439042431622
 -0.066699879737795897
 0
 -0.12806715824375242
 -0.17309347347946366
 0
 -0.066699879737795884
 -0.071151903302500152
 -0.068085153985466204
 0
 -0.12806715824375239
 -0.17583877593407529
 -0.082949589944555174
 -0.13626340631165151
 -0.22352288815137242
 -0.18590822884021846
 -0.17931019089161429
 -0.18189025061702621
 -0.20636180625874964
 -0.25143555893672781
 -0.25201962098705016
 -0.27266873181910006
 -0.30284204350452232
