# Created by Octave 5.1.0, Wed Apr 22 03:39:30 2020 GMT <unknown@Thomas-PC>
# name: u_sol
# type: matrix
# rows: 2178
# columns: 1
 0.042778577561578518
 -0.042778577561578476
 0
 0
 1.2262601969938493e-17
 -0.034800006393015628
 0
 0.034800006393015649
 9.6666909776770584e-18
 0.043178089694039759
 1.2060491276360628e-17
 -0.0031102678819391488
 -0.04317808969403971
 0.0031102678819391761
 -0.013771501408797541
 -0.011137925791902408
 -0.067186653855227374
 -0.029989651066617457
 0
 3.8361717618456101e-18
 0
 0.029989651066617468
 0.067186653855227388
 0.011137925791902427
 0.013771501408797572
 0.042014554293622573
 0.0081915037702211691
 0.017349407607999998
 1.1582974300628674e-17
 -0.0037932083042136939
 0.030673994702105353
 -0.002489405733868375
 -0.0070363535107034799
 1.0259202342545216e-17
 -0.030673994702105269
 0.003793208304213713
 -0.017349407607999957
 -0.0081915037702211344
 -0.042014554293622525
 0.0070363535107035042
 0.0024894057338683954
 -0.023620822444098969
 -0.004926108066634253
 -0.021426444448770454
 -0.008138104760388204
 -0.019008938520701089
 -0.00052459950892481835
 -0.0041672247894515386
 -0.053165656535965958
 -0.037366189922027358
 -0.042901171317729372
 -0.048489167856864759
 -0.066186077069287155
 -0.022898972837186747
 -0.010617492620495354
 0
 -0.024705848565104018
 8.5904198572103764e-19
 -0.011223850991563018
 0
 -0.014034322719719713
 6.4542516621656211e-18
 0
 0.011223850991563021
 0.042901171317729372
 0.024705848565104022
 0
 0.014034322719719723
 0.01061749262049537
 0.066186077069287169
 0.048489167856864766
 0.021426444448770472
 0.037366189922027372
 0.053165656535965965
 0.022898972837186761
 0.0041672247894515577
 0.019008938520701114
 0.00813810476038823
 0.004926108066634286
 0.023620822444099007
 0.00052459950892484307
 0.041888182941366828
 0.029036827506571803
 0.030908798154220738
 0.02253957929082789
 0.026544479544458582
 0.042849691743501173
 0.0047634128685395596
 0.013357048109762166
 4.6858480575587643e-05
 9.4775940337952227e-18
 -0.0015523775324347796
 0.012906837495411891
 -0.005991759155893661
 -0.0057852510802584725
 1.2706506116585542e-17
 0.040652277512500903
 0.0066757656065157232
 0.015974527611116399
 6.8668740740961705e-06
 -0.0017668697982458313
 8.8784219500763757e-18
 -0.0060859422417224342
 -0.0052124113778806453
 -0.0048022856940803452
 1.0399722946743829e-17
 -0.003445970016871126
 -0.0049348818919464172
 0.0020041084541699301
 -0.0071522557268767573
 -0.0044311418913360332
 -0.012906837495411874
 0.0015523775324347959
 -0.015974527611116358
 -0.0066757656065156981
 -0.040652277512500848
 0.0057852510802584925
 0.0059917591558936861
 -0.030908798154220696
 -0.029036827506571761
 -0.041888182941366786
 -4.6858480575558533e-05
 -0.01335704810976213
 -0.0047634128685395275
 -0.042849691743501131
 -0.026544479544458537
 -0.022539579290827845
 0.0017668697982458515
 -6.866874074076936e-06
 0.0049348818919464407
 0.0034459700168711473
 0.0048022856940803686
 0.0052124113778806679
 0.0060859422417224611
 -0.0020041084541699019
 0.0044311418913360592
 0.0071522557268767807
 -0.032815087224650555
 -0.020548868340910572
 -0.0091317500629236326
 -0.012917133882052362
 -0.016864991091955786
 -0.0090563829866460634
 -0.0007892922607219278
 -0.027710999101309388
 -0.019545627885114165
 -0.026042235452022285
 -0.0092243006609273193
 -0.013975495628435345
 -0.015892952406630918
 -0.014636292854819958
 -0.013117174056810746
 -0.0093646829595971388
 -0.00072664087374687484
 -0.0018521788899310207
 0.0025863578082142178
 0.0017081495257212696
 -0.0072242017060810924
 -0.0024779588569083543
 -0.0053446906742143458
 -0.004833030880098307
 -0.0039048616846356111
 -0.0007932587463838353
 -0.044020173410874143
 -0.036516857711491921
 -0.052741921906329758
 -0.045169757895321266
 -0.061245954772751569
 -0.029503864001627338
 -0.023044932051772115
 -0.03696524972884941
 -0.054450520069197178
 -0.052629200006763584
 -0.038983777216323533
 -0.048939563074689038
 -0.038742418858636038
 -0.069572229197251423
 -0.059577569176385965
 -0.058086675878745685
 -0.0076101039188317269
 -0.0036896082908889931
 -0.017215626339379904
 -0.012074556230344114
 -0.01988601067828993
 -0.016474976523096336
 -0.027447203994407771
 -0.044082550944921979
 -0.035562808220634734
 -0.029893958197192302
 0
 -0.027036372471979982
 -0.014862830593108259
 -0.020199230486273499
 0
 -0.033033796816037277
 -0.029462664733983814
 2.9475997470476331e-18
 -0.0032095373309326356
 0
 -0.0066635792028252828
 -0.0054687585449746138
 7.9283129255299407e-19
 0
 -0.006630744464503774
 -0.010442789232106533
 -0.0052006892844481383
 8.2861217265137719e-18
 -0.021681841499136965
 -0.012887105924497993
 4.751725147465188e-18
 -0.0063291427880812091
 -0.006887486615367905
 -0.017541816628448781
 -0.013616658402572207
 -0.021138444805604506
 0
 0.0032095373309326391
 0.010442789232106529
 0.0066307444645037749
 0
 0.0054687585449746173
 0.006663579202825288
 0.036965249728849417
 0.027036372471979986
 0
 0.029462664733983821
 0.033033796816037284
 0.038742418858636045
 0
 0.020199230486273499
 0.014862830593108256
 0.0052006892844481531
 0.0036896082908890095
 0.006887486615367912
 0.0063291427880812195
 0.019886010678289944
 0.012887105924498005
 0.021681841499136975
 0.017541816628448784
 0.021138444805604513
 0.013616658402572212
 0.052629200006763591
 0.054450520069197185
 0.058086675878745692
 0.059577569176385972
 0.069572229197251423
 0.048939563074689045
 0.03898377721632354
 0.027710999101309405
 0.036516857711491935
 0.04402017341087415
 0.023044932051772129
 0.029503864001627356
 0.015892952406630936
 0.061245954772751576
 0.045169757895321273
 0.052741921906329765
 0.0076101039188317442
 0.0018521788899310398
 0.027447203994407785
 0.01647497652309635
 0.0072242017060811098
 0.012074556230344129
 0.017215626339379918
 0.044082550944921986
 0.029893958197192316
 0.035562808220634741
 0.026042235452022305
 0.019545627885114186
 0.0093646829595971665
 0.01311717405681077
 0.014636292854819988
 0.013975495628435367
 0.0092243006609273401
 0.02054886834091061
 0.032815087224650596
 0.00078929226072195675
 0.0090563829866461016
 0.016864991091955828
 0.012917133882052401
 0.009131750062923669
 0.00072664087374689306
 0.0053446906742143641
 0.0024779588569083747
 -0.0017081495257212464
 -0.0025863578082141923
 0.0048330308800983357
 0.00079325874638386219
 0.003904861684635635
 0.042238172114461472
 0.036492148645416896
 0.037073174974556089
 0.035560187718003324
 0.036000901733212659
 0.041818641381425263
 0.024239433116032324
 0.030005936269861515
 0.022863612400111252
 0.032164313517578313
 0.033575085202657097
 0.043188762185965179
 0.017197002867763378
 0.024797645517598003
 0.014538527603474929
 0.042399864828598824
 0.034483812120653719
 0.035093103303709482
 5.8861807574563602e-05
 0.0024346666191363848
 -0.0020697670808455613
 0.015483728947036942
 0.0084613816936844125
 0.010685408161302886
 0.0034103917110977471
 0.0060259924427432526
 0.01092984183535942
 0.027917014719968145
 0.01942324850369723
 0.021285608515302284
 8.0902417973642113e-18
 4.4095110317385107e-05
 0.006466106713905022
 -0.0038249664383307614
 -0.0028043210106151856
 9.4909839977527971e-18
 0.021579293147385915
 0.0039885267365265681
 0.0098115158712413619
 -0.0031264021594274967
 -0.0035099610159071565
 1.2218161718803047e-17
 -0.0055428975977831058
 -0.0061485479689673299
 -0.0068132411307870186
 1.3059505461099227e-17
 -0.0038320531748805512
 -0.0040069396188113669
 0.042487787921311235
 0.026801780189994358
 0.03000166110154829
 0.016433021359840899
 0.022300267927340481
 0.037010350810013998
 0.0039973930374331487
 0.011571882675764495
 0.00022622653253835765
 -0.0044848179541051251
 -0.0028620616877591196
 0.0019549527589473388
 0.00039086072147957886
 -5.8347769140972424e-05
 9.6707477880604478e-18
 -0.0023016726356924941
 -0.00088780962159880057
 -0.0010470662741260274
 1.0179524542566688e-17
 -0.00050940689534278104
 -0.00096145417690379157
