# Created by Octave 5.1.0, Mon Apr 20 19:29:12 2020 GMT <unknown@Thomas-PC>
# name: contactConvergence
# type: matrix
# rows: 2
# columns: 1
 0
 0


