# Created by Octave 5.1.0, Mon Apr 20 19:29:12 2020 GMT <unknown@Thomas-PC>
# name: equilibriumConvergence
# type: matrix
# rows: 2
# columns: 1
 3.8188130791298733
 7.1118585094372158e-16


