# Created by Octave 5.1.0, Mon Apr 20 19:29:32 2020 GMT <unknown@Thomas-PC>
# name: equilibriumConvergence
# type: matrix
# rows: 2
# columns: 1
 0.89150353894562895
 9.0808085112776443e-15


