# Created by Octave 5.1.0, Mon Apr 20 19:29:12 2020 GMT <unknown@Thomas-PC>
# name: lambda_sol
# type: matrix
# rows: 3
# columns: 1
 0
 0
 0


