# Created by Octave 5.1.0, Mon Apr 20 19:29:12 2020 GMT <unknown@Thomas-PC>
# name: u_sol
# type: matrix
# rows: 18
# columns: 1
 0.0093423761782270749
 -0.0093423761782271027
 0
 0
 -1.641482391681615e-17
 -0.016598551799405663
 0
 0.016598551799405659
 1.320880951214546e-18
 -0.10720122998574096
 -0.10720122998574098
 0
 0
 -0.098306148717683062
 -0.072111109344478966
 0
 -0.072111109344478952
 -0.076221675428023467


