# Created by Octave 5.1.0, Mon Apr 20 19:29:13 2020 GMT <unknown@Thomas-PC>
# name: u_sol
# type: matrix
# rows: 50
# columns: 1
 0.0073316018513678652
 -0.0073316018513678704
 0
 0
 -3.317912355774492e-18
 -0.018323570083561953
 0
 0.018323570083561953
 2.3006971304577577e-18
 0.0038816294977248285
 -5.0236893866165755e-19
 0.0054653376849065948
 -0.0038816294977248342
 -0.0054653376849065974
 -0.011558003960208025
 -0.0094643055632192639
 -0.021546919986802186
 -0.0091758613670121641
 0
 2.1667294476124229e-18
 0
 0.0091758613670121694
 0.021546919986802193
 0.0094643055632192673
 0.01155800396020802
 -0.10549200175541558
 -0.10549200175541559
 0
 0
 -0.10379366897223614
 -0.074222665127304688
 0
 -0.074222665127304688
 -0.078736328764987526
 -0.10562015514990789
 -0.097810330021447373
 -0.098070695622850271
 -0.1056201551499079
 -0.098070695622850271
 -0.095744863619571088
 -0.077198042837408401
 -0.046063329651668469
 -0.042770495441430752
 0
 -0.042277088551380258
 0
 -0.042770495441430752
 -0.046063329651668469
 -0.077198042837408401
 -0.095744863619571088


