# Created by Octave 5.1.0, Mon Apr 20 19:29:17 2020 GMT <unknown@Thomas-PC>
# name: u_sol
# type: matrix
# rows: 162
# columns: 1
 0.0043875137534433268
 -0.0043875137534432748
 0
 0
 2.5096678851554277e-17
 -0.019655898448863368
 0
 0.019655898448863396
 1.1802363070255175e-17
 0.002499690298823536
 1.9167378648930398e-17
 0.0058092019606686852
 -0.0024996902988234848
 -0.0058092019606686461
 -0.01134201010311604
 -0.010267941609973394
 -0.023239812367577682
 -0.010219868999321511
 0
 6.1079074772735227e-18
 0
 0.010219868999321521
 0.023239812367577696
 0.010267941609973418
 0.01134201010311608
 0.0035404985213382989
 0.0038601972434523777
 0.0055882307995154031
 2.2462255199876042e-17
 0.001939352888307952
 0.0012943212120676692
 0.0039972968301951271
 0.0028973785324319682
 1.5821258860424853e-17
 -0.0012943212120676186
 -0.0019393528883079067
 -0.0055882307995153572
 -0.0038601972434523326
 -0.0035404985213382473
 -0.0028973785324319301
 -0.003997296830195095
 -0.0072078058949875193
 -0.0085927065114190723
 -0.015218274195983515
 -0.011993232500472635
 -0.015808567239491478
 -0.0080665361046442195
 -0.0051484929423459124
 -0.022912868649918948
 -0.01729809023902262
 -0.010706160259904202
 -0.016516977387767997
 -0.018347067217375904
 -0.011335374553357407
 -0.0056249715635796772
 0
 -0.0063385340600669053
 2.1763400355662063e-18
 -0.0029847572598787346
 0
 -0.0049155914559768686
 8.7166289794274551e-18
 0
 0.002984757259878739
 0.010706160259904203
 0.0063385340600669079
 0
 0.0049155914559768791
 0.0056249715635796945
 0.018347067217375907
 0.016516977387768007
 0.015218274195983541
 0.017298090239022637
 0.022912868649918969
 0.011335374553357426
 0.0051484929423459376
 0.015808567239491512
 0.011993232500472668
 0.0085927065114191122
 0.0072078058949875661
 0.0080665361046442525
 -0.10326692557097117
 -0.10326692557097115
 0
 0
 -0.10692971199906311
 -0.075121239823012262
 0
 -0.07512123982301229
 -0.079415883692772984
 -0.1067641009440382
 -0.10021612543472957
 -0.099462100084322019
 -0.10676410094403818
 -0.099462100084322005
 -0.094985126607318462
 -0.078497367887567435
 -0.046869012268219552
 -0.043751286257239411
 0
 -0.043243868746602653
 0
 -0.043751286257239418
 -0.046869012268219566
 -0.078497367887567449
 -0.094985126607318476
 -0.1052428795951468
 -0.10474910789108924
 -0.1032394339951573
 -0.105305314521208
 -0.10540323659194473
 -0.10740522597809134
 -0.091275436137903079
 -0.10009870773697963
 -0.091580140269464844
 -0.10740522597809134
 -0.10540323659194473
 -0.10323943399515728
 -0.10474910789108922
 -0.10524287959514678
 -0.10009870773697961
 -0.091275436137903065
 -0.10070289138137861
 -0.097965543042063494
 -0.077704462861361651
 -0.089409798752323258
 -0.086393143901964953
 -0.090720142078408533
 -0.078774947439884987
 -0.06247839181993995
 -0.062975667511517189
 -0.02284804156737618
 -0.044773913239647148
 -0.02741980024557155
 -0.062773566929619107
 -0.062636613486027184
 0
 -0.022338578798950758
 -0.022125201919517026
 -0.022294110978662258
 0
 -0.043489183253719609
 -0.06258196831809236
 0
 -0.022294110978662261
 -0.022848041567376184
 -0.022338578798950761
 0
 -0.043489183253719615
 -0.062636613486027198
 -0.027419800245571557
 -0.044773913239647155
 -0.077704462861361664
 -0.062975667511517203
 -0.062478391819939964
 -0.062773566929619107
 -0.078774947439884987
 -0.086393143901964981
 -0.089409798752323272
 -0.097965543042063508
 -0.10070289138137864
 -0.090720142078408533


