# Created by Octave 5.1.0, Mon Apr 20 19:29:32 2020 GMT <unknown@Thomas-PC>
# name: u_sol
# type: matrix
# rows: 578
# columns: 1
 0.0026395183990453779
 -0.0026395183990453792
 0
 0
 4.6320025473327121e-19
 -0.020316991754798782
 0
 0.020316991754798779
 -2.679370882646998e-18
 0.0017191992699303225
 -1.1156597271884077e-18
 0.0059708595495867886
 -0.0017191992699303223
 -0.0059708595495867912
 -0.011285289208228792
 -0.01058341541046773
 -0.0240007306352936
 -0.010659314980379401
 0
 -2.0548794647207087e-18
 0
 0.010659314980379397
 0.024000730635293597
 0.010583415410467726
 0.011285289208228791
 0.0022301063384829608
 0.0036394197272484811
 0.0051925579246043865
 -7.7238788031018731e-20
 0.0018663010105465976
 0.00096575607310101842
 0.0042396341793510704
 0.0030273492720910653
 -2.2009736188839692e-18
 -0.00096575607310101766
 -0.0018663010105465982
 -0.0051925579246043883
 -0.0036394197272484824
 -0.0022301063384829616
 -0.0030273492720910679
 -0.0042396341793510747
 -0.0065865235063207175
 -0.0087114549905005379
 -0.015688077357252941
 -0.012374957734795895
 -0.016076635306654485
 -0.0084168627332028428
 -0.0053079640437000905
 -0.023558218670260915
 -0.017783114333612664
 -0.01152975453101677
 -0.017159661635820278
 -0.019179993811609064
 -0.011656654127961087
 -0.0057390088331229069
 0
 -0.0066631098905097245
 -1.9277984332691719e-18
 -0.003098178132714785
 0
 -0.0050862620381947254
 -2.0960394643018194e-18
 0
 0.0030981781327147815
 0.011529754531016767
 0.0066631098905097219
 0
 0.0050862620381947219
 0.0057390088331229026
 0.019179993811609061
 0.017159661635820275
 0.015688077357252937
 0.017783114333612661
 0.023558218670260912
 0.011656654127961083
 0.0053079640437000853
 0.016076635306654482
 0.012374957734795891
 0.0087114549905005344
 0.0065865235063207158
 0.0084168627332028394
 0.0024418448237362514
 0.0036276904556135467
 0.0040452351825513624
 0.0026121923335273782
 0.0031507194099107015
 0.0019987857489819254
 0.0058664244734903644
 0.00444732765631046
 0.0047704108186209715
 1.547372646108275e-19
 0.00068427128270294381
 0.00049779478097597592
 0.0012153006520007658
 0.00093324444650902741
 -5.018920814370106e-19
 0.0013754529014209245
 0.0013664848932252616
 0.0020146635548829398
 0.0023894274993014773
 0.0021147743022515318
 -2.7040356553840842e-18
 0.00451887919455879
 0.0036389608201036938
 0.0054397208841288165
 -1.999528860272629e-18
 0.0018190941327759754
 0.0015148586623145934
 0.0027746782779682227
 0.0024286374047376093
 0.0036199229294212993
 -0.00049779478097597483
 -0.0006842712827029437
 -0.0020146635548829402
 -0.0013664848932252616
 -0.0013754529014209241
 -0.00093324444650902784
 -0.0012153006520007671
 -0.0040452351825513632
 -0.003627690455613548
 -0.0024418448237362531
 -0.0047704108186209732
 -0.0044473276563104609
 -0.005866424473490367
 -0.0019987857489819254
 -0.0031507194099107023
 -0.0026121923335273791
 -0.0021147743022515366
 -0.0023894274993014825
 -0.0015148586623145957
 -0.0018190941327759793
 -0.00543972088412882
 -0.0036389608201036977
 -0.0045188791945587935
 -0.002774678277968224
 -0.0036199229294213014
 -0.002428637404737611
 -0.0044479567241723795
 -0.0058874802669030384
 -0.010007719818225394
 -0.0079000516619671703
 -0.008891843532882554
 -0.0069045424608819095
 -0.0073695763868034444
 -0.01808167755106297
 -0.016254698629057023
 -0.018329352876314306
 -0.011873484042374061
 -0.014107519431629332
 -0.013174096490943317
 -0.01370227262102148
 -0.014252045240050758
 -0.012146364357228687
 -0.0048062773558203362
 -0.0026578969013631567
 -0.0072013039741714033
 -0.0063480298089435847
 -0.0079532115163133636
 -0.0072035101868529071
 -0.0095654015804643375
 -0.010554949333317232
 -0.010429580228630287
 -0.0089085071310652259
 -0.022207257840938553
 -0.019678504805021511
 -0.021185373441838413
 -0.020770911640088995
 -0.024236596082345734
 -0.016973120855489091
 -0.014162281909364166
 -0.0085120340591968401
 -0.015064804782561607
 -0.013028740353884512
 -0.01378502977748362
 -0.015149539485262459
 -0.011888907634317315
 -0.022495860458932239
 -0.018814076343125541
 -0.020660641186103511
 -0.0056353101352158968
 -0.0028341392109286364
 -0.011309542361485252
 -0.0084598765991706747
 -0.0084627308295247543
 -0.00866140201436532
 -0.011486718723887438
 -0.017928618774222478
 -0.014655961571163076
 -0.014714146849204822
 0
 -0.0062738669195183915
 -0.0035625099319984786
 -0.0047536445952842859
 0
 -0.0088440957390626511
 -0.0090617529090310824
 -1.5043121928828181e-18
 -0.00080637178056798683
 0
 -0.0020983782297363252
 -0.0015210638236029246
 -2.2103817085056601e-18
 0
 -0.0016475943287823512
 -0.0025517672976962378
 -0.0028661655161368047
 -2.7215917177658307e-18
 -0.0077788980764159641
 -0.0055700524194737177
 -1.982723576421003e-18
 -0.0027663723345098487
 -0.0025146664987732437
 -0.0047867821736748356
 -0.0042604463747522425
 -0.0065539027648940209
 0
 0.0008063717805679839
 0.0025517672976962356
 0.0016475943287823486
 0
 0.0015210638236029209
 0.0020983782297363208
 0.0085120340591968366
 0.0062738669195183889
 0
 0.0090617529090310806
 0.0088440957390626494
 0.011888907634317313
 0
 0.004753644595284285
 0.0035625099319984777
 0.0028661655161368003
 0.0028341392109286316
 0.0025146664987732393
 0.0027663723345098452
 0.0084627308295247509
 0.0055700524194737134
 0.0077788980764159606
 0.004786782173674833
 0.0065539027648940183
 0.004260446374752239
 0.013028740353884509
 0.015064804782561603
 0.020660641186103508
 0.018814076343125537
 0.022495860458932232
 0.015149539485262457
 0.013785029777483616
 0.018081677551062967
 0.019678504805021511
 0.022207257840938549
 0.014162281909364163
 0.016973120855489087
 0.013174096490943314
 0.02423659608234573
 0.020770911640088995
 0.02118537344183841
 0.0056353101352158924
 0.0026578969013631515
 0.011486718723887434
 0.0086614020143653166
 0.0079532115163133583
 0.0084598765991706713
 0.011309542361485247
 0.017928618774222475
 0.014714146849204818
 0.014655961571163072
 0.018329352876314303
 0.01625469862905702
 0.012146364357228684
 0.014252045240050755
 0.013702272621021477
 0.014107519431629328
 0.011873484042374058
 0.0058874802669030358
 0.0044479567241723778
 0.0073695763868034409
 0.0069045424608819078
 0.0088918435328825523
 0.0079000516619671685
 0.01000771981822539
 0.0048062773558203318
 0.0095654015804643323
 0.0072035101868529027
 0.0063480298089435803
 0.007201303974171399
 0.010554949333317231
 0.0089085071310652224
 0.010429580228630284
 -0.10190719388942943
 -0.10190719388942941
 0
 0
 -0.10841943186664176
 -0.075561458357379527
 0
 -0.075561458357379541
 -0.079503923847152685
 -0.10725473240901277
 -0.10117801880149682
 -0.10006147563878846
 -0.10725473240901277
 -0.10006147563878845
 -0.09454657154959753
 -0.079002336125349626
 -0.047174061951882541
 -0.044117808526539175
 0
 -0.043657257948098979
 0
 -0.044117808526539175
 -0.047174061951882541
 -0.079002336125349626
 -0.094546571549597544
 -0.10505694914021026
 -0.10535374307824519
 -0.10325334350906977
 -0.10659025835384513
 -0.10637408424384216
 -0.10835782144237593
 -0.091906799604108261
 -0.10093912160290362
 -0.092125761660617575
 -0.10835782144237593
 -0.10637408424384216
 -0.10325334350906977
 -0.10535374307824519
 -0.10505694914021026
 -0.10093912160290361
 -0.091906799604108247
 -0.099773068650837474
 -0.098148309535652747
 -0.078194254638644795
 -0.089768910076127015
 -0.086438258623501282
 -0.091287208825916677
 -0.079221550303261598
 -0.062685872094176379
 -0.063395363563710061
 -0.023295253844992064
 -0.045147259678209629
 -0.028260287179933802
 -0.063207265297709203
 -0.063020943449562827
 0
 -0.022529381465523933
 -0.022391670363280859
 -0.022451898483117395
 0
 -0.043799620494511603
 -0.062943774688620738
 0
 -0.022451898483117398
 -0.023295253844992068
 -0.022529381465523936
 0
 -0.043799620494511603
 -0.063020943449562827
 -0.028260287179933806
 -0.045147259678209629
 -0.078194254638644795
 -0.063395363563710061
 -0.062685872094176392
 -0.063207265297709203
