# Created by Octave 5.1.0, Tue Feb 25 02:02:23 2020 GMT <unknown@Thomas-PC>
# name: equilibriumConvergence
# type: matrix
# rows: 2
# columns: 1
 1.7830070778912543
 1.8708515765854186e-14


