# Created by Octave 5.1.0, Tue Feb 25 02:01:55 2020 GMT <unknown@Thomas-PC>
# name: equilibriumConvergence
# type: matrix
# rows: 2
# columns: 1
 7.6376261582597316
 3.8144230167696726e-15


