# Created by Octave 5.1.0, Tue Feb 25 02:03:39 2020 GMT <unknown@Thomas-PC>
# name: equilibriumConvergence
# type: matrix
# rows: 2
# columns: 1
 1.0611998658188326
 3.7167600449187091e-14


