# Created by Octave 5.1.0, Tue Feb 25 02:08:48 2020 GMT <unknown@Thomas-PC>
# name: equilibriumConvergence
# type: matrix
# rows: 2
# columns: 1
 0.61781117589490731
 7.367586288334546e-14


