# Created by Octave 5.1.0, Tue Feb 25 02:02:02 2020 GMT <unknown@Thomas-PC>
# name: equilibriumConvergence
# type: matrix
# rows: 2
# columns: 1
 2.8035062196673479
 9.3037279368615971e-15


