# Created by Octave 5.1.0, Tue Feb 25 02:40:23 2020 GMT <unknown@Thomas-PC>
# name: equilibriumConvergence
# type: matrix
# rows: 2
# columns: 1
 0.36174366866375052
 1.4369409454549431e-13


