# Created by Octave 5.1.0, Tue Feb 25 02:01:57 2020 GMT <unknown@Thomas-PC>
# name: equilibriumConvergence
# type: matrix
# rows: 2
# columns: 1
 4.0970825437686216
 4.8510213728381908e-15


