# Created by Octave 5.1.0, Tue Feb 25 02:01:55 2020 GMT <unknown@Thomas-PC>
# name: u_sol
# type: matrix
# rows: 18
# columns: 1
 0.037369504712908154
 -0.037369504712908355
 0
 0
 -1.0505487306762332e-16
 -0.066394207197622512
 0
 0.066394207197622429
 -2.1134095219432726e-17
 -0.42880491994296271
 -0.42880491994296288
 0
 0
 -0.39322459487073125
 -0.28844443737791514
 0
 -0.28844443737791503
 -0.30488670171209314


