# Created by Octave 5.1.0, Tue Feb 25 02:01:57 2020 GMT <unknown@Thomas-PC>
# name: u_sol
# type: matrix
# rows: 50
# columns: 1
 0.029326407405471315
 -0.029326407405471457
 0
 0
 -7.5708089754918864e-17
 -0.073294280334247702
 0
 0.073294280334247605
 -4.6955133354783242e-17
 0.015526517990899203
 -6.591232516118368e-17
 0.021861350739626275
 -0.015526517990899352
 -0.021861350739626403
 -0.046232015840832051
 -0.037857222252877035
 -0.086187679947208606
 -0.036703445468048629
 0
 -3.1928963939971219e-17
 0
 0.036703445468048553
 0.086187679947208537
 0.037857222252876931
 0.046232015840831919
 -0.42196800702166137
 -0.42196800702166143
 0
 0
 -0.41517467588894369
 -0.29689066050921809
 0
 -0.29689066050921809
 -0.31494531505994944
 -0.42248062059963065
 -0.39124132008578866
 -0.39228278249140025
 -0.42248062059963071
 -0.39228278249140031
 -0.38297945447828352
 -0.30879217134963299
 -0.18425331860667349
 -0.1710819817657227
 0
 -0.1691083542055207
 0
 -0.1710819817657227
 -0.18425331860667346
 -0.30879217134963299
 -0.38297945447828352


