# Created by Octave 5.1.0, Tue Feb 25 02:02:02 2020 GMT <unknown@Thomas-PC>
# name: u_sol
# type: matrix
# rows: 162
# columns: 1
 0.017550055013773113
 -0.017550055013773207
 0
 0
 -5.0969479028506838e-17
 -0.078623593795453389
 0
 0.078623593795453334
 -2.2317385282536666e-17
 0.0099987611952939703
 -4.0260614991466448e-17
 0.023236807842674574
 -0.009998761195294064
 -0.023236807842674657
 -0.045368040412464186
 -0.041071766439893562
 -0.092959249470310576
 -0.040879475997285981
 0
 -1.0560608939834265e-17
 0
 0.040879475997285961
 0.092959249470310548
 0.041071766439893513
 0.045368040412464103
 0.01416199408535301
 0.015440788973809341
 0.022352923198061425
 -4.5391664448636251e-17
 0.0077574115532316546
 0.0051772848482705153
 0.01598918732078038
 0.011589514129727732
 -3.4250200761180346e-17
 -0.0051772848482706134
 -0.0077574115532317457
 -0.022352923198061515
 -0.015440788973809431
 -0.014161994085353105
 -0.011589514129727814
 -0.015989187320780449
 -0.028831223579950147
 -0.034370826045676338
 -0.06087309678393401
 -0.04797293000189054
 -0.063234268957965883
 -0.032266144418576913
 -0.020593971769383681
 -0.091651474599675653
 -0.069192360956090382
 -0.042824641039616737
 -0.066067909551071877
 -0.073388268869503476
 -0.045341498213429587
 -0.022499886254318709
 0
 -0.025354136240267576
 -8.3645694294141711e-18
 -0.01193902903951493
 0
 -0.019662365823907461
 -1.6026101900751712e-17
 0
 0.011939029039514919
 0.042824641039616723
 0.025354136240267562
 0
 0.019662365823907443
 0.022499886254318677
 0.073388268869503462
 0.066067909551071849
 0.060873096783933954
 0.069192360956090354
 0.091651474599675611
 0.04534149821342956
 0.020593971769383629
 0.063234268957965814
 0.047972930001890464
 0.034370826045676255
 0.028831223579950063
 0.032266144418576836
 -0.41306770228388379
 -0.41306770228388379
 0
 0
 -0.42771884799625154
 -0.30048495929204849
 0
 -0.30048495929204849
 -0.31766353477109127
 -0.42705640377615184
 -0.40086450173891747
 -0.39784840033728719
 -0.42705640377615189
 -0.39784840033728724
 -0.37994050642927313
 -0.31398947155026913
 -0.18747604907287788
 -0.17500514502895728
 0
 -0.17297547498641025
 0
 -0.17500514502895728
 -0.18747604907287785
 -0.31398947155026913
 -0.37994050642927307
 -0.42097151838058627
 -0.41899643156435606
 -0.41295773598062829
 -0.42122125808483113
 -0.42161294636777802
 -0.42962090391236446
 -0.36510174455161154
 -0.40039483094791767
 -0.36632056107785865
 -0.42962090391236446
 -0.42161294636777807
 -0.41295773598062835
 -0.41899643156435606
 -0.42097151838058633
 -0.40039483094791767
 -0.36510174455161154
 -0.40281156552551367
 -0.3918621721682532
 -0.31081785144544605
 -0.35763919500929231
 -0.3455725756078592
 -0.36288056831363341
 -0.31509978975953928
 -0.24991356727975933
 -0.25190267004606826
 -0.091392166269504541
 -0.17909565295858823
 -0.10967920098228599
 -0.25109426771847593
 -0.25054645394410824
 0
 -0.08935431519580285
 -0.088500807678067922
 -0.089176443914648851
 0
 -0.17395673301487807
 -0.25032787327236894
 0
 -0.089176443914648865
 -0.091392166269504541
 -0.08935431519580285
 0
 -0.17395673301487807
 -0.25054645394410824
 -0.10967920098228598
 -0.17909565295858823
 -0.31081785144544599
 -0.25190267004606826
 -0.24991356727975933
 -0.25109426771847587
 -0.31509978975953928
 -0.34557257560785914
 -0.35763919500929231
 -0.3918621721682532
 -0.40281156552551367
 -0.36288056831363336


