# Created by Octave 5.1.0, Tue Feb 25 02:02:23 2020 GMT <unknown@Thomas-PC>
# name: u_sol
# type: matrix
# rows: 578
# columns: 1
 0.010558073596181435
 -0.010558073596181548
 0
 0
 -4.7069403503637978e-17
 -0.081267967019194975
 0
 0.08126796701919492
 -2.3283071797321989e-17
 0.0068767970797212283
 -3.9206105058385653e-17
 0.023883438198347075
 -0.0068767970797213307
 -0.023883438198347155
 -0.045141156832915114
 -0.042333661641870836
 -0.096002922541174179
 -0.042637259921517505
 0
 -6.7559340871661271e-18
 0
 0.042637259921517491
 0.096002922541174152
 0.042333661641870794
 0.045141156832915037
 0.0089204253539317737
 0.014557678908993853
 0.020770231698417463
 -4.3315441922952773e-17
 0.007465204042186333
 0.0038630242924040216
 0.016958536717404223
 0.012109397088364204
 -3.3135055635237058e-17
 -0.0038630242924041179
 -0.0074652040421864232
 -0.02077023169841756
 -0.014557678908993947
 -0.008920425353931883
 -0.012109397088364282
 -0.016958536717404285
 -0.026346094025282867
 -0.034845819962002117
 -0.062752309429011638
 -0.049499830939183496
 -0.06430654122661783
 -0.03366745093281133
 -0.021231856174800324
 -0.094232874681043452
 -0.071132457334450505
 -0.04611901812406697
 -0.068638646543280959
 -0.07671997524643609
 -0.04662661651184425
 -0.022956035332491579
 0
 -0.026652439562038832
 -4.3881590883605113e-18
 -0.012392712530859107
 0
 -0.02034504815277885
 -1.3091615918493009e-17
 0
 0.012392712530859098
 0.046119018124066963
 0.026652439562038825
 0
 0.020345048152778839
 0.022956035332491551
 0.076719975246436062
 0.068638646543280932
 0.062752309429011596
 0.071132457334450463
 0.094232874681043424
 0.046626616511844216
 0.021231856174800279
 0.064306541226617761
 0.049499830939183441
 0.034845819962002041
 0.026346094025282769
 0.03366745093281126
 0.0097673792949449327
 0.014510761822454111
 0.01618094073020537
 0.010448769334109447
 0.012602877639642735
 0.0079951429959276357
 0.023465697893961374
 0.01778931062524176
 0.01908164327448381
 -4.5618487738989038e-17
 0.0027370851308117262
 0.0019911791239038534
 0.0048612026080030145
 0.0037329777860360589
 -4.1236838204177891e-17
 0.0055018116056836427
 0.0054659395729009918
 0.0080586542195316985
 0.0095577099972058693
 0.0084590972090060855
 -2.8232798508841838e-17
 0.018075516778235091
 0.014555843280414716
 0.021758883536515197
 -3.6603904764174068e-17
 0.0072763765311038573
 0.0060594346492583275
 0.011098713111872827
 0.0097145496189503799
 0.014479691717685131
 -0.0019911791239039475
 -0.0027370851308118173
 -0.0080586542195317939
 -0.0054659395729010855
 -0.0055018116056837416
 -0.0037329777860361474
 -0.0048612026080030986
 -0.016180940730205474
 -0.014510761822454215
 -0.0097673792949450437
 -0.019081643274483896
 -0.017789310625241854
 -0.023465697893961465
 -0.0079951429959277398
 -0.012602877639642835
 -0.010448769334109546
 -0.0084590972090061514
 -0.0095577099972059248
 -0.0060594346492584055
 -0.007276376531103931
 -0.021758883536515266
 -0.014555843280414789
 -0.018075516778235171
 -0.011098713111872919
 -0.014479691717685218
 -0.0097145496189504649
 -0.017791826896689532
 -0.023549921067612153
 -0.040030879272901526
 -0.03160020664786866
 -0.035567374131530188
 -0.027618169843527628
 -0.029478305547213753
 -0.072326710204251729
 -0.065018794516227968
 -0.073317411505257085
 -0.047493936169496168
 -0.05643007772651723
 -0.052696385963773164
 -0.054809090484085839
 -0.057008180960202937
 -0.04858545742891468
 -0.019225109423281317
 -0.010631587605452613
 -0.028805215896685582
 -0.025392119235774311
 -0.031812846065253392
 -0.028814040747411587
 -0.03826160632185728
 -0.042219797333268874
 -0.041718320914521087
 -0.035634028524260862
 -0.08882903136375403
 -0.07871401922008589
 -0.08474149376735346
 -0.083083646560355814
 -0.096946384329382712
 -0.067892483421956223
 -0.056649127637456546
 -0.034048136236787284
 -0.060259219130246296
 -0.052114961415537939
 -0.055140119109934348
 -0.060598157941049696
 -0.047555630537269147
 -0.089983441835728747
 -0.075256305372501997
 -0.082642564744413852
 -0.022541240540863546
 -0.011336556843714528
 -0.045238169445940911
 -0.03383950639668263
 -0.033850923318098941
 -0.034645608057461204
 -0.045946874895549647
 -0.071714475096889746
 -0.05862384628465217
 -0.058856587396819156
 0
 -0.025095467678073507
 -0.01425003972799388
 -0.019014578381137098
 0
 -0.035376382956250521
 -0.036247011636124246
 -3.5400880581950538e-18
 -0.0032254871222719399
 0
 -0.0083935129189452746
 -0.0060842552944116819
 -5.180919274104095e-18
 0
 -0.0065903773151293884
 -0.010207069190784923
 -0.011464662064547196
 -1.7319603429430595e-17
 -0.031115592305663783
 -0.022280209677894819
 -9.0348695059731468e-18
 -0.011065489338039369
 -0.010058665995092947
 -0.019147128694699291
 -0.017041785499008925
 -0.026215611059576018
 0
 0.0032254871222719308
 0.010207069190784918
 0.0065903773151293815
 0
 0.0060842552944116732
 0.0083935129189452659
 0.03404813623678727
 0.025095467678073496
 0
 0.036247011636124232
 0.035376382956250514
 0.04755563053726914
 0
 0.019014578381137095
 0.014250039727993876
 0.01146466206454717
 0.011336556843714492
 0.010058665995092935
 0.01106548933803935
 0.033850923318098927
 0.022280209677894802
 0.03111559230566377
 0.019147128694699284
 0.026215611059576011
 0.017041785499008918
 0.052114961415537925
 0.060259219130246282
 0.082642564744413824
 0.075256305372501983
 0.089983441835728734
 0.060598157941049689
 0.055140119109934334
 0.072326710204251687
 0.078714019220085849
 0.088829031363753988
 0.056649127637456512
 0.067892483421956182
 0.052696385963773115
 0.096946384329382684
 0.083083646560355773
 0.084741493767353432
 0.022541240540863507
 0.010631587605452568
 0.045946874895549626
 0.034645608057461176
 0.03181284606525335
 0.033839506396682595
 0.045238169445940876
 0.071714475096889732
 0.058856587396819128
 0.058623846284652142
 0.073317411505257044
 0.065018794516227926
 0.048585457428914611
 0.057008180960202881
 0.054809090484085769
 0.056430077726517175
 0.047493936169496112
 0.023549921067612056
 0.017791826896689428
 0.029478305547213673
 0.027618169843527541
 0.035567374131530105
 0.031600206647868577
 0.040030879272901457
 0.019225109423281265
 0.038261606321857232
 0.028814040747411531
 0.025392119235774245
 0.028805215896685513
 0.042219797333268805
 0.035634028524260793
 0.041718320914521025
 -0.40762877555771676
 -0.40762877555771676
 0
 0
 -0.43367772746656608
 -0.3022458334295175
 0
 -0.30224583342951744
 -0.31801569538861002
 -0.42901892963605015
 -0.4047120752059864
 -0.40024590255515297
 -0.42901892963605021
 -0.40024590255515297
 -0.37818628619838934
 -0.31600934450139778
 -0.18869624780752975
 -0.17647123410615631
 0
 -0.17462903179239553
 0
 -0.17647123410615631
 -0.18869624780752972
 -0.31600934450139778
 -0.37818628619838929
 -0.42022779656084008
 -0.42141497231297981
 -0.41301337403627814
 -0.42636103341537956
 -0.42549633697536771
 -0.43343128576950279
 -0.36762719841643221
 -0.40375648641161355
 -0.36850304664246947
 -0.43343128576950279
 -0.42549633697536771
 -0.41301337403627819
 -0.42141497231297981
 -0.42022779656084014
 -0.40375648641161355
 -0.36762719841643221
 -0.39909227460334906
 -0.39259323814261016
 -0.31277701855457851
 -0.35907564030450728
 -0.34575303449400441
 -0.36514883530366593
 -0.31688620121304567
 -0.25074348837670501
 -0.25358145425483969
 -0.093181015379968063
 -0.18058903871283813
 -0.11304114871973497
 -0.25282906119083626
 -0.2520837737982507
 0
 -0.090117525862095552
 -0.089566681453123256
 -0.089807593932469384
 0
 -0.17519848197804602
 -0.2517750987544824
 0
 -0.089807593932469384
 -0.093181015379968063
 -0.090117525862095552
 0
 -0.17519848197804602
 -0.2520837737982507
 -0.11304114871973496
 -0.1805890387128381
 -0.31277701855457846
 -0.25358145425483963
 -0.25074348837670496
 -0.25282906119083626
 -0.31688620121304567
 -0.34575303449400441
 -0.35907564030450728
 -0.39259323814261016
 -0.39909227460334901
 -0.36514883530366588
 -0.41414992633957881
