# Created by Octave 5.1.0, Tue Feb 25 02:03:39 2020 GMT <unknown@Thomas-PC>
# name: u_sol
# type: matrix
# rows: 2178
# columns: 1
 0.0077642899330894084
 -0.0077642899330892827
 0
 0
 6.5527402812333206e-17
 -0.082187398907342585
 0
 0.08218739890734264
 2.2080266695250247e-17
 0.0058767870865818394
 4.1315760493231668e-17
 0.024101386157278078
 -0.0058767870865817137
 -0.024101386157277988
 -0.045140406862701141
 -0.042709665263206631
 -0.097239328648053944
 -0.043310350570264902
 0
 9.6679847530676665e-18
 0
 0.043310350570264923
 0.097239328648053971
 0.042709665263206679
 0.045140406862701231
 0.0070655892839555237
 0.014256000456775334
 0.020285102058898143
 5.343999565505279e-17
 0.0073633876614486466
 0.0034244469699121387
 0.01726196889707482
 0.01227610989171327
 3.0557309613875613e-17
 -0.0034244469699120099
 -0.0073633876614485399
 -0.020285102058898035
 -0.014256000456775227
 -0.0070655892839553997
 -0.012276109891713185
 -0.017261968897074757
 -0.025599980123252323
 -0.035043501247397711
 -0.063334565440342508
 -0.05002129820336252
 -0.064693635665251062
 -0.034123728212986752
 -0.021406444406693832
 -0.095039221062267892
 -0.071761223763206317
 -0.04750985887374011
 -0.069649743942579778
 -0.078349687631894829
 -0.04708542523605791
 -0.023139467471022152
 0
 -0.027236506598590775
 4.0455091726967306e-18
 -0.012615983320798231
 0
 -0.020638790522373579
 1.5961642266492841e-17
 0
 0.012615983320798238
 0.047509858873740124
 0.027236506598590785
 0
 0.020638790522373596
 0.023139467471022183
 0.078349687631894843
 0.069649743942579806
 0.063334565440342563
 0.071761223763206344
 0.095039221062267934
 0.047085425236057944
 0.021406444406693877
 0.064693635665251131
 0.050021298203362582
 0.035043501247397801
 0.025599980123252434
 0.034123728212986822
 0.0073888576393327157
 0.013436482211222234
 0.014915402069260284
 0.0097970928898025514
 0.011739368715783662
 0.0066117777843098012
 0.023426069085648305
 0.017389279617257114
 0.019075162341277728
 5.9832289527189176e-17
 0.0026290842461136037
 0.0017930328061207007
 0.0049037409040360068
 0.0037044740829146219
 4.7269581426880922e-17
 0.0048074829565276931
 0.0051990331251899292
 0.0076078756432308575
 0.0097519472137976779
 0.0086453727386696221
 2.6598737174212824e-17
 0.018276955734688963
 0.01481123048449001
 0.022083772319558066
 3.5415959325082156e-17
 0.007428213462969833
 0.0061625574845936802
 0.010900656652696324
 0.0097603887083722602
 0.014504577154988957
 -0.0017930328061205698
 -0.0026290842461134849
 -0.0076078756432307396
 -0.0051990331251898121
 -0.0048074829565275673
 -0.0037044740829145157
 -0.0049037409040359114
 -0.014915402069260167
 -0.013436482211222116
 -0.0073888576393325908
 -0.019075162341277631
 -0.017389279617257006
 -0.023426069085648208
 -0.0066117777843096763
 -0.011739368715783544
 -0.0097970928898024334
 -0.0086453727386695597
 -0.0097519472137976241
 -0.0061625574845935961
 -0.007428213462969761
 -0.022083772319557989
 -0.014811230484489936
 -0.018276955734688877
 -0.010900656652696218
 -0.014504577154988861
 -0.0097603887083721648
 -0.016308252035104817
 -0.022975954760416945
 -0.040162204902251475
 -0.031451569729780027
 -0.035270818620852039
 -0.027539920077724756
 -0.029697987101279764
 -0.073046276157414006
 -0.065635648316935136
 -0.073880975583616282
 -0.04803699635768121
 -0.057029411750297236
 -0.053171211102250274
 -0.055021623227955486
 -0.05749557201947858
 -0.048916937510627756
 -0.019509794795476949
 -0.010708833182959593
 -0.029177042308823967
 -0.025779284966278973
 -0.032089206839190774
 -0.029189172174731742
 -0.038726007106655871
 -0.042608707704362252
 -0.042223893725166474
 -0.036030886894626524
 -0.089582253592366434
 -0.079337863834159403
 -0.085611628923710756
 -0.083774407008819204
 -0.09793041664556501
 -0.068446972535247022
 -0.057134615761135141
 -0.035880626667621762
 -0.061925452655286553
 -0.05364316142842121
 -0.055998241941876831
 -0.061841753460231498
 -0.048548761245148397
 -0.091482966604616328
 -0.076685295366204484
 -0.083774461116068788
 -0.0226870035442749
 -0.011340974253315031
 -0.045634678795670465
 -0.034121983662355901
 -0.034260290138300724
 -0.034976344237841961
 -0.046509791598176878
 -0.07250456689270933
 -0.059314656845795705
 -0.05941385941109216
 0
 -0.025951596894992067
 -0.014545984500314649
 -0.019494999564129999
 0
 -0.03628971879984718
 -0.036958272810080114
 9.5846997937165552e-19
 -0.0032895498307902032
 0
 -0.0085305025753798884
 -0.006194232830964215
 6.3044895978636021e-18
 0
 -0.0067093085064663808
 -0.010395802798168334
 -0.011519738133491405
 1.987881725384163e-17
 -0.03159165272328758
 -0.022528907781682806
 1.180085146003253e-17
 -0.011171017663977415
 -0.010194329844308545
 -0.019516955836315145
 -0.017330042105239803
 -0.026690111911829108
 0
 0.0032895498307902063
 0.010395802798168338
 0.0067093085064663842
 0
 0.0061942328309642237
 0.0085305025753799005
 0.035880626667621776
 0.02595159689499207
 0
 0.036958272810080128
 0.036289718799847187
 0.048548761245148418
 0
 0.019494999564130006
 0.014545984500314652
 0.011519738133491437
 0.011340974253315069
 0.010194329844308564
 0.011171017663977439
 0.034260290138300752
 0.02252890778168283
 0.031591652723287601
 0.019516955836315152
 0.026690111911829122
 0.017330042105239814
 0.053643161428421224
 0.061925452655286567
 0.083774461116068816
 0.076685295366204498
 0.091482966604616356
 0.061841753460231519
 0.055998241941876852
 0.073046276157414061
 0.079337863834159458
 0.08958225359236649
 0.057134615761135182
 0.068446972535247064
 0.053171211102250322
 0.097930416645565052
 0.083774407008819246
 0.085611628923710797
 0.022687003544274938
 0.010708833182959638
 0.046509791598176906
 0.034976344237841996
 0.032089206839190823
 0.034121983662355942
 0.045634678795670507
 0.072504566892709357
 0.059413859411092194
 0.059314656845795732
 0.073880975583616351
 0.065635648316935205
 0.048916937510627839
 0.05749557201947865
 0.05502162322795557
 0.057029411750297292
 0.048036996357681265
 0.022975954760417056
 0.016308252035104935
 0.029697987101279855
 0.027539920077724857
 0.035270818620852143
 0.031451569729780124
 0.040162204902251565
 0.019509794795477001
 0.038726007106655927
 0.029189172174731798
 0.025779284966279039
 0.029177042308824046
 0.042608707704362328
 0.0360308868946266
 0.042223893725166543
 0.0075703890104273476
 0.011091044339108012
 0.011486052528639433
 0.010192885707040701
 0.010661880729886877
 0.0072300828550725116
 0.017864753131641282
 0.014200313605667831
 0.016802362103059607
 0.0077560396801877977
 0.0084631457122859438
 0.0062847896563090659
 0.013269451190744684
 0.010799629934996422
 0.011971487825251098
 0.006866906680608454
 0.0091015283605130511
 0.0096757137031081696
 0.024087435234271488
 0.021280056281134656
 0.021571926942686472
 0.018866494518329842
 0.020368265366674791
 0.022148332628271542
 0.016630254501609251
 0.018528508425548804
 0.015852056826338876
 0.012617453286432666
 0.014507363663871856
 0.015684607828741315
 6.2772871957562461e-17
 0.0010835363916171063
 0.00090713092997693479
 0.0015728416436352399
 0.0013131323116059794
 5.6588732010546079e-17
 0.0026349675219167566
 0.0021693445356698823
 0.0032300888306259078
 0.0027668567114494391
 0.002453922790491273
 4.4616566994962602e-17
 0.0055446194573146868
 0.0042931679100444995
 0.0064269401298472171
 5.0245057701424378e-17
 0.0021481608596100876
 0.0018530781892372955
 0.0053840537465019017
 0.0061323038788976009
 0.0069786492714576324
 0.0042507994186949845
 0.0052209490415705655
 0.0041517534736639078
 0.0077458672795731693
 0.0064280227120139541
 0.0062436864543422626
 0.0031461117825896433
 0.004707069843543462
 0.003929147524919064
 0.0051074146606822149
 0.0048674852137392957
 2.4131330477136887e-17
 0.012961432910793675
 0.009216296946718992
 0.013824494136940738
 2.8556697981837448e-17
 0.0046051685233847207
 0.0043225231835567531
 0.021214886693629014
 0.020184699630482875
 0.023440283289430614
 0.013547472438576574
