# Created by Octave 5.1.0, Tue Apr 21 17:48:56 2020 GMT <unknown@Thomas-PC>
# name: contactConvergence
# type: matrix
# rows: 4
# columns: 1
 0.60341075401832578
 0.39355030412223252
 1.5911469228681102e-07
 3.579937073529016e-13


