# Created by Octave 5.1.0, Tue Apr 21 17:55:49 2020 GMT <unknown@Thomas-PC>
# name: contactConvergence
# type: matrix
# rows: 4
# columns: 1
 0.6169028525282666
 2.5285247587907517e-07
 8.6694568749457535e-13
 2.8407084381416693e-18


