# Created by Octave 5.1.0, Tue Apr 21 17:46:13 2020 GMT <unknown@Thomas-PC>
# name: contactConvergence
# type: matrix
# rows: 7
# columns: 1
 0
 0.11671738458553034
 0.12449204342695749
 0.031647045894265292
 0.0018275466652365683
 2.3299112444051528e-08
 1.4839691975243596e-14


