# Created by Octave 5.1.0, Sun Feb 16 19:37:18 2020 GMT <unknown@Thomas-PC>
# name: contactConvergence
# type: matrix
# rows: 4
# columns: 1
 0.14139703676966245
 0.16095772611688983
 1.0808805622946804e-08
 8.2318702195815727e-14


