# Created by Octave 5.1.0, Tue Apr 21 17:46:23 2020 GMT <unknown@Thomas-PC>
# name: contactConvergence
# type: matrix
# rows: 4
# columns: 1
 3.0684867253361201
 0.00012413793304851247
 1.6347207839852861e-08
 2.1743128048899585e-15


