# Created by Octave 5.1.0, Tue Apr 21 17:46:56 2020 GMT <unknown@Thomas-PC>
# name: contactConvergence
# type: matrix
# rows: 5
# columns: 1
 1.3004476347834071
 1.195213490259448
 1.8343025960319171e-06
 4.0377455616302366e-10
 1.1551175702421888e-17


