# Created by Octave 5.1.0, Sun Feb 16 20:45:10 2020 GMT <unknown@Thomas-PC>
# name: contactConvergence
# type: matrix
# rows: 5
# columns: 1
 0.15068549051899394
 0.11301411788926694
 0.14888768743649528
 4.466656195575278e-10
 4.2129939523807706e-16


