# Created by Octave 5.1.0, Sun Feb 16 20:45:10 2020 GMT <unknown@Thomas-PC>
# name: equilibriumConvergence
# type: matrix
# rows: 5
# columns: 1
 0.28239069086718399
 0.21179300126363421
 0.18531887373087572
 9.3689594143451527e-07
 1.452677171525251e-13


