# Created by Octave 5.1.0, Tue Apr 21 17:46:56 2020 GMT <unknown@Thomas-PC>
# name: equilibriumConvergence
# type: matrix
# rows: 5
# columns: 1
 2.14044492091563
 1.0698263915680184
 0.0029713907998531355
 1.2744637888410926e-07
 3.9918395253013416e-15


