# Created by Octave 5.1.0, Tue Apr 21 17:46:23 2020 GMT <unknown@Thomas-PC>
# name: equilibriumConvergence
# type: matrix
# rows: 4
# columns: 1
 3.9377422079481574
 0.022629334880485758
 1.3809859248331195e-06
 4.6413906454524679e-15


