# Created by Octave 5.1.0, Sun Feb 16 19:37:18 2020 GMT <unknown@Thomas-PC>
# name: equilibriumConvergence
# type: matrix
# rows: 4
# columns: 1
 0.50705723625117261
 0.44367503072623521
 1.0360821729631626e-05
 1.7216362720533441e-11


