# Created by Octave 5.1.0, Tue Apr 21 17:46:13 2020 GMT <unknown@Thomas-PC>
# name: equilibriumConvergence
# type: matrix
# rows: 7
# columns: 1
 5.7282196186948102
 2.6578137629021552e-15
 1.5356651361127514e-05
 0.015356049631370884
 0.0151014183653534
 8.5018814571457505e-06
 1.6126792693384051e-14


