# Created by Octave 5.1.0, Tue Apr 21 17:48:56 2020 GMT <unknown@Thomas-PC>
# name: equilibriumConvergence
# type: matrix
# rows: 4
# columns: 1
 1.4208975483089838
 0.71038463465212254
 0.00010418702138752143
 3.3437298754553606e-11


