# Created by Octave 5.1.0, Tue Apr 21 17:55:49 2020 GMT <unknown@Thomas-PC>
# name: equilibriumConvergence
# type: matrix
# rows: 4
# columns: 1
 0.87277178892644369
 0.0001952990456602615
 4.2944114760926307e-10
 1.8538714285953928e-14


