# Created by Octave 5.1.0, Tue Apr 21 17:46:23 2020 GMT <unknown@Thomas-PC>
# name: lambda_sol
# type: matrix
# rows: 5
# columns: 1
 0
 -3.0202344906329261
 -9.2094456992630711
 -3.0202344906329275
 0


