# Created by Octave 5.1.0, Tue Apr 21 17:46:56 2020 GMT <unknown@Thomas-PC>
# name: lambda_sol
# type: matrix
# rows: 9
# columns: 1
 0
 0
 -2.6435610681319615
 -7.8030474437538544
 -8.7026194980078344
 -7.8030474437538588
 -2.6435610681319632
 0
 0


