# Created by Octave 5.1.0, Tue Apr 21 17:48:56 2020 GMT <unknown@Thomas-PC>
# name: lambda_sol
# type: matrix
# rows: 17
# columns: 1
 0
 0
 0
 0
 -2.9098822284385513
 -5.9539342961463415
 -7.5271936799334496
 -8.4640505235398962
 -8.7275549074624923
 -8.464050523539898
 -7.5271936799334442
 -5.95393429614633
 -2.9098822284385557
 0
 0
 0
 0


