# Created by Octave 5.1.0, Tue Apr 21 17:55:49 2020 GMT <unknown@Thomas-PC>
# name: lambda_sol
# type: matrix
# rows: 33
# columns: 1
 0
 0
 0
 0
 0
 0
 0
 -0.49906105880406759
 -3.4674328280060571
 -4.7099865107410217
 -5.7403537736832178
 -6.640113959576583
 -7.4120624682210758
 -8.0399060679221854
 -8.5007580159240383
 -8.7716472127660321
 -8.8245992936440487
 -8.7716472127660339
 -8.5007580159240295
 -8.0399060679222085
 -7.4120624682210536
 -6.6401139595765954
 -5.7403537736832231
 -4.7099865107410119
 -3.467432828006054
 -0.49906105880406698
 0
 0
 0
 0
 0
 0
 0


