# Created by Octave 5.1.0, Sun Feb 16 19:37:18 2020 GMT <unknown@Thomas-PC>
# name: lambda_sol
# type: matrix
# rows: 65
# columns: 1
 0
 0
 0
 0
 0
 0
 0
 0
 0
 0
 0
 0
 0
 0
 -0.62667013711310326
 -2.5086619461022472
 -3.3170441125436554
 -3.9880507729031862
 -4.5909287717424494
 -5.1455959371480038
 -5.6608504035506622
 -6.1410373344623599
 -6.5879666095429013
 -7.0017639351880128
 -7.3813725377551647
 -7.7249059640345425
 -8.0299295019852632
 -8.2937052590837617
 -8.513414874937725
 -8.686361833963522
 -8.8101584471780701
 -8.8830085494221667
 -8.8797907246728478
 -8.8830085494221951
 -8.8101584471780505
 -8.6863618339635149
 -8.5134148749377196
 -8.2937052590837794
 -8.0299295019852632
 -7.724905964034531
 -7.3813725377551505
 -7.0017639351880296
 -6.5879666095428577
 -6.1410373344623874
 -5.6608504035506382
 -5.14559593714805
 -4.5909287717423943
 -3.9880507729031831
 -3.3170441125436634
 -2.5086619461023072
 -0.62667013711309105
 0
 0
 0
 0
 0
 0
 0
 0
 0
 0
 0
 0
 0
 0


