# Created by Octave 5.1.0, Sun Feb 16 20:45:10 2020 GMT <unknown@Thomas-PC>
# name: lambda_sol
# type: matrix
# rows: 129
# columns: 1
 0
 0
 0
 0
 0
 0
 0
 0
 0
 0
 0
 0
 0
 0
 0
 0
 0
 0
 0
 0
 0
 0
 0
 0
 0
 0
 0
 0
 -0.88222484178909144
 -1.9163089775074873
 -2.4331876083909139
 -2.8662887971284796
 -3.2549902052513313
 -3.612922499072277
 -3.9473976918008877
 -4.2630998574939172
 -4.5632409010234118
 -4.8500908022291531
 -5.1252769172548724
 -5.3899701133906008
 -5.6450065156827138
 -5.8909698769836503
 -6.1282489110758984
 -6.3570782958620891
 -6.5775688199903337
 -6.7897302035927121
 -6.9934889213153593
 -7.1887025929012953
 -7.3751720109468888
 -7.5526515452717877
 -7.7208584374316844
 -7.8794813396457242
 -8.0281883365910556
 -8.1666346013573463
 -8.2944697689273976
 -8.4113450551611582
 -8.5169201008216202
 -8.6108694719914141
 -8.6928886910262797
 -8.7626995987842715
 -8.820054804351086
 -8.8647413846022172
 -8.8965877098793502
 -8.9155119187612666
 -8.9049041387172725
 -8.9155119187612684
 -8.89658770987932
 -8.8647413846022367
 -8.8200548043510381
 -8.7626995987843426
 -8.6928886910262442
 -8.6108694719913839
 -8.5169201008216824
 -8.4113450551611386
 -8.2944697689273603
 -8.1666346013573285
 -8.028188336591132
 -7.8794813396456638
 -7.7208584374317022
 -7.5526515452717531
 -7.3751720109468781
 -7.1887025929013824
 -6.993488921315282
 -6.7897302035926979
 -6.5775688199903186
 -6.3570782958621921
 -6.1282489110758194
 -5.8909698769836956
 -5.6450065156825993
 -5.3899701133907394
 -5.1252769172547552
 -4.8500908022291966
 -4.5632409010233932
 -4.2630998574939092
 -3.9473976918010063
 -3.6129224990721314
 -3.2549902052513859
 -2.866288797128417
 -2.4331876083909716
 -1.9163089775073818
 -0.88222484178917593
 0
 0
 0
 0
 0
 0
 0
 0
 0
 0
 0
 0
 0
 0
 0
 0
 0
 0
 0
 0
 0
 0
 0
 0
 0
 0
 0
 0


