# Created by Octave 5.1.0, Tue Apr 21 17:46:13 2020 GMT <unknown@Thomas-PC>
# name: u_sol
# type: matrix
# rows: 18
# columns: 1
 0.013589292771827221
 -0.013589292771827181
 0
 0
 2.1989651822767691e-17
 -0.031668842637610356
 0
 0.03166884263761037
 2.7342675427444889e-18
 -0.20800517097936541
 -0.20800517097936538
 0
 0
 -0.060567437315661159
 -0.14710748119399666
 0
 -0.14710748119399669
 -0.1266505478073375


