# Created by Octave 5.1.0, Tue Apr 21 17:46:23 2020 GMT <unknown@Thomas-PC>
# name: u_sol
# type: matrix
# rows: 50
# columns: 1
 -0.010246720765383091
 0.010246720765383082
 0
 0
 -4.0232891771662663e-18
 -0.024374357976623309
 0
 0.024374357976623309
 -1.3384681672099597e-18
 -0.012614834218965398
 -4.1999881323694953e-18
 -0.0077740789023936496
 0.012614834218965389
 0.0077740789023936427
 0.001018666783518364
 -0.0095369682694706245
 -0.038392054449950905
 -0.015155549966752821
 0
 9.4672220363679846e-19
 0
 0.015155549966752821
 0.038392054449950905
 0.0095369682694706227
 -0.0010186667835183696
 -0.1968886211904953
 -0.1968886211904953
 0
 0
 -0.088505574808025386
 -0.14752091041394327
 0
 -0.14752091041394327
 -0.14996481911672666
 -0.15810920928631586
 -0.14703814921270111
 -0.17401340116730823
 -0.15810920928631586
 -0.17401340116730823
 -0.18420419884282127
 -0.15214022857748388
 -0.096535011993867548
 -0.091185193336292242
 0
 -0.088384066271703407
 0
 -0.091185193336292242
 -0.096535011993867548
 -0.15214022857748388
 -0.18420419884282127


