# Created by Octave 5.1.0, Tue Apr 21 17:46:56 2020 GMT <unknown@Thomas-PC>
# name: u_sol
# type: matrix
# rows: 162
# columns: 1
 -0.0027563141921256558
 0.0027563141921255452
 0
 0
 -5.6315371583230861e-17
 -0.023856522664684424
 0
 0.023856522664684372
 -2.8049224869615897e-17
 -0.0057112396317945992
 -4.5396489487635051e-17
 -0.0095481320649547126
 0.0057112396317944873
 0.0095481320649546311
 0.0023157999484024533
 -0.0080845656009694497
 -0.041947423855016618
 -0.016701715927595326
 0
 -1.0103463325438004e-17
 0
 0.016701715927595305
 0.04194742385501659
 0.0080845656009693959
 -0.0023157999484025331
 -0.0034268294721727607
 -0.013010819348123622
 -0.011278524716366674
 -5.2987699961849128e-17
 -0.0096433670909153463
 -0.0046625223789642208
 -0.0026163129096666285
 -0.0072820672950628757
 -3.6949531317806107e-17
 0.0046625223789641063
 0.009643367090915244
 0.01127852471636658
 0.013010819348123526
 0.0034268294721726492
 0.007282067295062789
 0.0026163129096665582
 0.0082147592803200886
 0.0072027020984291503
 -0.015706295987649936
 -0.0031632966964628361
 -0.0099491301378356843
 0.0014432665393037862
 -0.0027713055203729192
 -0.03564919715410915
 -0.025204188736740775
 -0.020424041898979277
 -0.028651115371853299
 -0.036400940488698873
 -0.015050390874136975
 -0.0070537616678592761
 0
 -0.011488722102344832
 -4.5459862134077283e-18
 -0.0051941557577976421
 0
 -0.0076977399480217578
 -1.8707147179307654e-17
 0
 0.0051941557577976326
 0.02042404189897927
 0.011488722102344822
 0
 0.007697739948021737
 0.0070537616678592388
 0.036400940488698859
 0.028651115371853275
 0.015706295987649881
 0.025204188736740737
 0.035649197154109108
 0.015050390874136937
 0.002771305520372865
 0.0099491301378356184
 0.0031632966964627697
 -0.0072027020984292301
 -0.0082147592803201806
 -0.0014432665393038539
 -0.20862977905498986
 -0.20862977905498989
 0
 0
 -0.097197938381720764
 -0.15225064401310723
 0
 -0.1522506440131072
 -0.152687017332618
 -0.16280928848144938
 -0.15353090720951493
 -0.17739308506244242
 -0.16280928848144935
 -0.17739308506244242
 -0.19037098955657941
 -0.15633563738290648
 -0.098437030873111037
 -0.094258560990834891
 0
 -0.091835894136608975
 0
 -0.094258560990834891
 -0.098437030873111009
 -0.15633563738290648
 -0.19037098955657938
 -0.19750115529861031
 -0.17363137530796954
 -0.19635234547491445
 -0.13196440684835253
 -0.14444950024724904
 -0.11408731564044544
 -0.16321316494008595
 -0.16073305041354594
 -0.16011764223618397
 -0.1140873156404454
 -0.14444950024724901
 -0.19635234547491445
 -0.17363137530796954
 -0.19750115529861031
 -0.16073305041354594
 -0.16321316494008595
 -0.20256853509436326
 -0.19041588764074435
 -0.15890177157288163
 -0.17825266043479066
 -0.17360041428948011
 -0.17200990315237602
 -0.15200205953259341
 -0.12883314864405032
 -0.13227467263772968
 -0.050553786970837337
 -0.09655901056811042
 -0.058597548221420874
 -0.13042039445095788
 -0.12800225730163137
 0
 -0.049647217796097473
 -0.048738928647584716
 -0.049294200731603753
 0
 -0.092806078017242583
 -0.12717828449759111
 0
 -0.049294200731603753
 -0.050553786970837331
 -0.049647217796097473
 0
 -0.092806078017242569
 -0.12800225730163137
 -0.05859754822142086
 -0.096559010568110407
 -0.15890177157288163
 -0.13227467263772966
 -0.12883314864405029
 -0.13042039445095788
 -0.15200205953259341
 -0.17360041428948009
 -0.17825266043479063
 -0.19041588764074432
 -0.20256853509436323
 -0.17200990315237602


