# Created by Octave 5.1.0, Tue Apr 21 17:48:56 2020 GMT <unknown@Thomas-PC>
# name: u_sol
# type: matrix
# rows: 578
# columns: 1
 0.00022541414354427164
 -0.00022541414354421404
 0
 0
 2.7246248309000274e-17
 -0.023609210881328571
 0
 0.023609210881328592
 9.3901521834435205e-18
 -0.0029314839132242119
 2.1067950709300886e-17
 -0.01040004145174301
 0.0029314839132242726
 0.010400041451743046
 0.0032801657439584324
 -0.0078270024714387383
 -0.04382815512304767
 -0.017542462318355583
 0
 2.0734675586488483e-19
 0
 0.017542462318355587
 0.043828155123047677
 0.0078270024714387574
 -0.0032801657439583977
 0.00037341114588475971
 -0.013781202529423942
 -0.011206185381044009
 2.6195510802874631e-17
 -0.0096015565957161958
 -0.0057896976532372376
 -0.002353329161168447
 -0.0072352079684270352
 1.5346359270187606e-17
 0.0057896976532372897
 0.0096015565957162461
 0.011206185381044056
 0.013781202529423987
 -0.00037341114588470127
 0.0072352079684270751
 0.0023533291611684765
 0.0074715626975290364
 0.0083496373899500168
 -0.015153468121564078
 -0.0022213280097492533
 -0.0088602105630071377
 0.0018561997447523141
 -0.0029177090421425465
 -0.036664493396217461
 -0.02574989805923637
 -0.022427463759072848
 -0.030082006784297399
 -0.03861590467760493
 -0.015285261471278731
 -0.0069325083154528483
 0
 -0.012256407544015821
 -2.2637934352960589e-18
 -0.0054238305401245329
 0
 -0.0079238949682889637
 4.786683563294038e-18
 0
 0.0054238305401245303
 0.022427463759072848
 0.012256407544015821
 0
 0.0079238949682889654
 0.0069325083154528561
 0.038615904677604937
 0.030082006784297403
 0.015153468121564097
 0.02574989805923638
 0.036664493396217475
 0.01528526147127874
 0.0029177090421425656
 0.0088602105630071638
 0.0022213280097492798
 -0.0083496373899499821
 -0.0074715626975289905
 -0.0018561997447522868
 0.00011800268423522753
 -0.0076284800489417335
 -0.0062393258390743981
 -0.011237747433692486
 -0.0095066012314635965
 -0.00012467536808622308
 -0.012634457490848594
 -0.012909884323672403
 -0.013085897565430519
 2.6762137924753113e-17
 -0.0047781369563978686
 -0.0034867146718463447
 -0.0047904215003172169
 -0.0051521901851556539
 2.4255516769313813e-17
 -0.0055414406950981517
 -0.0086881744095753249
 -0.011064001312550123
 -8.4429016056006636e-05
 -0.0014204631410347809
 1.223473935413002e-17
 -0.0095093585734287774
 -0.00494193258315807
 -0.0062687196201813445
 1.8194941884347848e-17
 -0.0027349519014295419
 -0.0039132583875620937
 -0.012698858234346598
 -0.0089319151746139313
 -0.011857093069650361
 0.0034867146718463951
 0.0047781369563979249
 0.011064001312550175
 0.0086881744095753805
 0.0055414406950982081
 0.0051521901851557077
 0.0047904215003172646
 0.0062393258390744501
 0.0076284800489417846
 -0.00011800268423516965
 0.013085897565430559
 0.012909884323672448
 0.012634457490848634
 0.00012467536808628222
 0.0095066012314636485
 0.011237747433692536
 0.0014204631410348111
 8.4429016056031261e-05
 0.0039132583875621354
 0.0027349519014295779
 0.0062687196201813783
 0.0049419325831581038
 0.0095093585734288156
 0.012698858234346643
 0.011857093069650403
 0.0089319151746139781
 0.0050606788245196087
 0.009418585004649857
 0.0061149872823355713
 0.0091719107881408669
 0.0067198981110714673
 0.011151497234470148
 0.0098946737948994688
 -0.019370623488337464
 -0.012278080896521722
 -0.016230426129380266
 -0.0055121120895458538
 -0.0086498266583142427
 -0.011233801663891849
 -0.0021463752875019262
 -0.0053023497963441803
 0.0010412728237274946
 -0.00032413461809195876
 -0.0012988698223899691
 0.0064771975543944944
 0.0025536769512380835
 -0.0050551662481361868
 -0.0013156370362334515
 -0.0030349021396835433
 0.0036473630917238696
 0.00022514568046332932
 0.0055382809540053509
 -0.030590452875138483
 -0.025838847132756405
 -0.035328928960851214
 -0.031338273143425945
 -0.041300020942744611
 -0.020953349091360204
 -0.016267598340359724
 -0.017520647658960397
 -0.029960806666434341
 -0.027187454955893291
 -0.023439514976380475
 -0.02818608476126289
 -0.021509748613352635
 -0.0433651895477703
 -0.035789322155716757
 -0.037122492380972372
 -0.0052670202256764852
 -0.0026103968312459307
 -0.012028103215050717
 -0.0083622137251723495
 -0.012253329673034573
 -0.010836045256790858
 -0.017239161018103879
 -0.029005975853742157
 -0.022862739946818224
 -0.020301710458639627
 0
 -0.01262740241724721
 -0.0067684340015056509
 -0.0093045889101564024
 0
 -0.016743235651818046
 -0.015914406967398032
 -1.2334532793627754e-18
 -0.0014309048144556778
 0
 -0.0034527846634713616
 -0.002623261550352766
 -1.9550568924159439e-18
 0
 -0.0029723294068401242
 -0.0047131618979509467
 -0.0034061560684283641
 6.9048051367199051e-18
 -0.012417581614054162
 -0.0078430174003318448
 2.8588181710170253e-18
 -0.003833451438150694
 -0.0038588751619939312
 -0.0085693054763785435
 -0.0071137656116648951
 -0.011193688057767669
 0
 0.0014309048144556748
 0.0047131618979509441
 0.0029723294068401225
 0
 0.0026232615503527621
 0.0034527846634713594
 0.017520647658960397
 0.012627402417247212
 0
 0.015914406967398032
 0.016743235651818046
 0.021509748613352635
 0
 0.0093045889101564042
 0.00676843400150565
 0.0034061560684283741
 0.0026103968312459441
 0.0038588751619939316
 0.0038334514381506996
 0.012253329673034578
 0.00784301740033185
 0.012417581614054164
 0.0085693054763785418
 0.011193688057767668
 0.0071137656116648925
 0.027187454955893295
 0.029960806666434348
 0.037122492380972379
 0.035789322155716757
 0.043365189547770307
 0.02818608476126289
 0.023439514976380478
 0.019370623488337482
 0.025838847132756422
 0.0305904528751385
 0.016267598340359738
 0.020953349091360218
 0.011233801663891868
 0.041300020942744625
 0.031338273143425951
 0.035328928960851221
 0.0052670202256764982
 0.0012988698223899879
 0.017239161018103886
 0.010836045256790867
 0.005055166248136205
 0.0083622137251723634
 0.012028103215050731
 0.029005975853742164
 0.020301710458639637
 0.022862739946818228
 0.01623042612938029
 0.012278080896521744
 -0.001041272823727464
 0.0053023497963442063
 0.0021463752875019565
 0.0086498266583142653
 0.0055121120895458764
 -0.0094185850046498102
 -0.0050606788245195567
 -0.0098946737948994341
 -0.011151497234470108
 -0.0067198981110714274
 -0.009171910788140827
 -0.0061149872823355357
 0.00032413461809198321
 0.0030349021396835663
 0.0013156370362334756
 -0.0025536769512380549
 -0.0064771975543944631
 -0.0036473630917238388
 -0.0055382809540053205
 -0.00022514568046330262
 -0.21429092609883363
 -0.2142909260988336
 0
 0
 -0.099274292247957863
 -0.15368186802086223
 0
 -0.15368186802086226
 -0.15303845865418395
 -0.16337849435453727
 -0.15652968519612109
 -0.17863155453198154
 -0.16337849435453727
 -0.17863155453198151
 -0.19280275986089093
 -0.1584018115674963
 -0.09883599621717333
 -0.09562903921992906
 0
 -0.093354947519688189
 0
 -0.095629039219929074
 -0.098835996217173344
 -0.1584018115674963
 -0.19280275986089096
 -0.20156441128288244
 -0.17423942077105237
 -0.19897462566219593
 -0.13545490870500726
 -0.1464700233260452
 -0.11643305283226725
 -0.16544891241690537
 -0.16307417548252637
 -0.16202661836425922
 -0.11643305283226728
 -0.1464700233260452
 -0.1989746256621959
 -0.17423942077105237
 -0.20156441128288241
 -0.16307417548252637
 -0.16544891241690537
 -0.20707635443010008
 -0.19225361032276717
 -0.1608432983718974
 -0.18002401223253772
 -0.17502080659660169
 -0.17379966676064965
 -0.15396691633554913
 -0.12923778894716464
 -0.13382284070267481
 -0.051638765339929733
 -0.097716606883771623
 -0.06014895340163405
 -0.13223496860178147
 -0.12964222397881645
 0
 -0.050340151323448774
 -0.049700180641486763
 -0.049985236915236042
 0
 -0.09411687595207846
 -0.12854994704919143
 0
 -0.049985236915236049
 -0.05163876533992974
 -0.050340151323448781
 0
 -0.094116875952078474
 -0.12964222397881645
 -0.06014895340163405
 -0.097716606883771637
 -0.16084329837189743
 -0.13382284070267483
 -0.12923778894716467
 -0.13223496860178147
 -0.15396691633554913
 -0.17502080659660171
