# Created by Octave 5.1.0, Tue Apr 21 17:55:48 2020 GMT <unknown@Thomas-PC>
# name: u_sol
# type: matrix
# rows: 2178
# columns: 1
 0.00046171930015821786
 -0.00046171930015818973
 0
 0
 1.6782041889472868e-17
 -0.023572092096914847
 0
 0.023572092096914864
 1.1491026347678967e-17
 -0.001650799661972261
 1.406988928793048e-17
 -0.010636735472713477
 0.0016507996619722863
 0.010636735472713502
 0.003670458409607523
 -0.0078171884863002892
 -0.044610578265675362
 -0.017901315255326868
 0
 7.4517514734777881e-18
 0
 0.017901315255326882
 0.044610578265675369
 0.00781718848630031
 -0.0036704584096074987
 0.0014950646740040029
 -0.014124973645058847
 -0.011263709730017691
 1.5100167770126184e-17
 -0.0096289385152331479
 -0.0066468575359271108
 -0.002256055087324764
 -0.0072126542130296891
 1.2906078547253663e-17
 0.0066468575359271429
 0.0096289385152331774
 0.011263709730017717
 0.014124973645058875
 -0.0014950646740039745
 0.007212654213029716
 0.0022560550873247892
 0.0071968533929597138
 0.0087917094146335532
 -0.015032363104460742
 -0.0019388981397002599
 -0.0084950550475797332
 0.0019309449589930414
 -0.0029946020552885878
 -0.037058189928410354
 -0.025995153994965523
 -0.023266918438597871
 -0.030683217786353363
 -0.039643257147800412
 -0.015423517231602544
 -0.0069316220322610915
 0
 -0.012607152652934816
 4.5576382215145907e-18
 -0.0055488301990635671
 0
 -0.0080512032543783064
 9.8770482919626152e-18
 0
 0.0055488301990635775
 0.023266918438597878
 0.012607152652934824
 0
 0.0080512032543783203
 0.0069316220322611097
 0.039643257147800419
 0.030683217786353374
 0.015032363104460763
 0.025995153994965537
 0.037058189928410368
 0.015423517231602561
 0.0029946020552886103
 0.0084950550475797557
 0.0019388981397002831
 -0.0087917094146335271
 -0.0071968533929596887
 -0.0019309449589930174
 0.00055380219454365424
 -0.0070976811330274959
 -0.0055846269345703158
 -0.01143102634441801
 -0.0093657299640729705
 0.0018828875446236305
 -0.013057995990401416
 -0.013243813224008697
 -0.013393750795383326
 1.6091416192616376e-17
 -0.004924815266220327
 -0.0042303171316405179
 -0.0047574909587122681
 -0.0051543075752633798
 1.4323696025550082e-17
 -0.0058117975483690746
 -0.0088552120419551419
 -0.011135482000249925
 4.520322000824843e-05
 -0.0013192168123946648
 1.1908370800863573e-17
 -0.0095858643936648624
 -0.004883578907953769
 -0.006290989898139328
 1.3723738384376294e-17
 -0.002663776679777549
 -0.0038638546127600978
 -0.012821893395873404
 -0.0089331478998351654
 -0.011973037788130596
 0.0042303171316405534
 0.0049248152662203582
 0.011135482000249957
 0.0088552120419551714
 0.0058117975483691006
 0.0051543075752634102
 0.0047574909587122976
 0.0055846269345703418
 0.0070976811330275228
 -0.00055380219454362583
 0.013393750795383354
 0.013243813224008723
 0.013057995990401442
 -0.0018828875446236025
 0.0093657299640729982
 0.01143102634441804
 0.0013192168123946902
 -4.5203220008224774e-05
 0.003863854612760126
 0.0026637766797775759
 0.0062909898981393531
 0.004883578907953795
 0.0095858643936648884
 0.012821893395873436
 0.011973037788130624
 0.0089331478998351949
 0.0043997207969150715
 0.0092444960329668389
 0.0065456159597857902
 0.0094168980522634088
 0.0068787529029856213
 0.011509844255854508
 0.01028140608937241
 -0.019257834353259951
 -0.012068735134781796
 -0.015984938364750342
 -0.0054080087693150099
 -0.0084781986779942763
 -0.011156650128988607
 -0.0017125289486879455
 -0.0049691006101956602
 0.0014721183500856704
 -0.00043563463186095609
 -0.0013613855855315641
 0.0066312033558321949
 0.0025243387790212972
 -0.0051039690158677462
 -0.0013735143418664179
 -0.0030158537812328039
 0.0040398200044792967
 0.00041617315870646603
 0.005835009826251767
 -0.030779049562969625
 -0.025936746593171911
 -0.035828828003917734
 -0.031640039599711713
 -0.041890948807710354
 -0.021017591149838578
 -0.016322292197058965
 -0.018599544088311527
 -0.030977794278953696
 -0.028133856765771084
 -0.023926269827266141
 -0.028941757854285519
 -0.022099530839047577
 -0.044316485576516622
 -0.036674579523248693
 -0.037820422529426682
 -0.0052443913217532917
 -0.0025313917460528176
 -0.01207418433422656
 -0.0083848704256591494
 -0.012408686924640429
 -0.010906681317201686
 -0.017491425750428728
 -0.029431141444481852
 -0.023206293256966177
 -0.020496598550546648
 0
 -0.013154226022140178
 -0.0069522330734079346
 -0.0096058780495451735
 0
 -0.017297011690623573
 -0.016324076390686008
 2.2805079984164051e-18
 -0.0014667754063735475
 0
 -0.0035192022410212133
 -0.0026826998976275476
 6.8034158072100425e-18
 0
 -0.0030407699953501322
 -0.0048265327210596327
 -0.0033658196262752529
 1.0769214831924619e-17
 -0.012650314694777957
 -0.0079114608351508273
 8.3591567342335703e-18
 -0.0038454495028067744
 -0.0039093339211577639
 -0.0087850631153245668
 -0.0072625255551710113
 -0.011454319373143451
 0
 0.0014667754063735529
 0.004826532721059637
 0.0030407699953501378
 0
 0.0026826998976275567
 0.0035192022410212268
 0.018599544088311531
 0.013154226022140184
 0
 0.016324076390686018
 0.01729701169062358
 0.022099530839047588
 0
 0.009605878049545177
 0.006952233073407939
 0.0033658196262752725
 0.0025313917460528393
 0.0039093339211577786
 0.0038454495028067913
 0.012408686924640446
 0.0079114608351508447
 0.012650314694777969
 0.0087850631153245755
 0.011454319373143463
 0.0072625255551710226
 0.028133856765771084
 0.0309777942789537
 0.037820422529426689
 0.0366745795232487
 0.044316485576516629
 0.028941757854285526
 0.023926269827266151
 0.019257834353259971
 0.025936746593171928
 0.030779049562969642
 0.016322292197058982
 0.021017591149838595
 0.011156650128988628
 0.041890948807710368
 0.031640039599711726
 0.035828828003917748
 0.0052443913217533134
 0.0013613855855315871
 0.017491425750428745
 0.010906681317201706
 0.0051039690158677679
 0.0083848704256591685
 0.012074184334226579
 0.029431141444481865
 0.020496598550546665
 0.023206293256966191
 0.015984938364750362
 0.012068735134781818
 -0.0014721183500856466
 0.0049691006101956836
 0.0017125289486879692
 0.0084781986779942989
 0.0054080087693150324
 -0.0092444960329668129
 -0.0043997207969150454
 -0.010281406089372386
 -0.011509844255854483
 -0.006878752902985597
 -0.0094168980522633845
 -0.0065456159597857659
 0.00043563463186097984
 0.0030158537812328269
 0.0013735143418664416
 -0.0025243387790212725
 -0.0066312033558321697
 -0.0040398200044792732
 -0.0058350098262517427
 -0.00041617315870644251
 0.00039368946317070678
 -0.0026506340776117805
 -0.0024032824376910228
 -0.0033269691414206178
 -0.002926024090352666
 0.00096159254562887492
 -0.0087233494647691624
 -0.0062568613314861804
 -0.0097248681607801334
 -0.0078600048142906838
 -0.0064537106979613984
 0.00077563840825177087
 -0.012878799917831826
 -0.010586919450537254
 -0.013344126388567776
 0.0019276900166479598
 -0.0050286675433261164
 -0.0039851959437831519
 -0.012252953778929251
 -0.013425858551785184
 -0.012212284677457256
 -0.012302636800806448
 -0.013546694829803991
 -0.01276497447092889
 -0.014076831627807198
 -0.014029696144041749
 -0.013916878094208022
 -0.00814433779729371
 -0.011947953407294961
 -0.010831110373789015
 1.6531501782139474e-17
 -0.002389851014030431
 -0.0022137112922780804
 -0.0026117633418374928
 -0.0025291642905003217
 1.5763345433256496e-17
 -0.0057800274568928353
 -0.0046066692852474531
 -0.0064825857973207128
 -0.0022160809683460956
 -0.0024164275967788777
 1.4146731813154823e-17
 -0.0075155670891659098
 -0.0050295337593588563
 -0.0073487341041836912
 1.4736995773936845e-17
 -0.0025549676012270512
 -0.0026217265251950888
 -0.0040682527847422535
 -0.008952593244640485
 -0.0086387362681412064
 -0.0078809066915639919
 -0.0087134108796238108
 -0.0066811850863017158
 -0.011116477939980107
 -0.010223964380591651
 -0.009445544865966134
 -0.0051180591051840259
 -0.0074234250686362815
 -0.0070662326195578256
 0.00031620244030491776
 -8.6770916601386704e-06
 1.1635254184208757e-17
 -0.0018550833498968903
 -0.00063322317814000647
