# Created by Octave 5.1.0, Tue Sep 17 16:40:05 2019 GMT <unknown@Thomas-PC>
# name: edges
# type: matrix
# rows: 800
# columns: 2
 1 82
 82 26
 26 83
 83 28
 28 84
 84 1
 82 83
 83 84
 84 82
 10 85
 85 27
 27 86
 86 26
 26 87
 87 10
 85 86
 86 87
 87 85
 12 88
 88 28
 28 89
 89 27
 27 90
 90 12
 88 89
 89 90
 90 88
 86 89
 89 83
 83 86
 5 91
 91 29
 29 92
 92 31
 31 93
 93 5
 91 92
 92 93
 93 91
 11 94
 94 30
 30 95
 95 29
 29 96
 96 11
 94 95
 95 96
 96 94
 10 97
 97 31
 31 98
 98 30
 30 99
 99 10
 97 98
 98 99
 99 97
 95 98
 98 92
 92 95
 9 100
 100 32
 32 101
 101 34
 34 102
 102 9
 100 101
 101 102
 102 100
 12 103
 103 33
 33 104
 104 32
 32 105
 105 12
 103 104
 104 105
 105 103
 11 106
 106 34
 34 107
 107 33
 33 108
 108 11
 106 107
 107 108
 108 106
 104 107
 107 101
 101 104
 30 109
 109 27
 99 109
 109 85
 85 99
 33 110
 110 30
 108 110
 110 94
 94 108
 27 111
 111 33
 90 111
 111 103
 103 90
 110 111
 111 109
 109 110
 5 112
 112 35
 35 113
 113 29
 112 113
 113 91
 91 112
 13 114
 114 36
 36 115
 115 35
 35 116
 116 13
 114 115
 115 116
 116 114
 29 117
 117 36
 36 118
 118 11
 96 117
 117 118
 118 96
 115 117
 117 113
 113 115
 2 119
 119 37
 37 120
 120 39
 39 121
 121 2
 119 120
 120 121
 121 119
 14 122
 122 38
 38 123
 123 37
 37 124
 124 14
 122 123
 123 124
 124 122
 13 125
 125 39
 39 126
 126 38
 38 127
 127 13
 125 126
 126 127
 127 125
 123 126
 126 120
 120 123
 34 128
 128 41
 41 129
 129 9
 102 128
 128 129
 129 102
 11 130
 130 40
 40 131
 131 34
 130 131
 131 106
 106 130
 14 132
 132 41
 41 133
 133 40
 40 134
 134 14
 132 133
 133 134
 134 132
 131 133
 133 128
 128 131
 38 135
 135 36
 127 135
 135 114
 114 127
 40 136
 136 38
 134 136
 136 122
 122 134
 36 137
 137 40
 118 137
 137 130
 130 118
 136 137
 137 135
 135 136
 2 138
 138 42
 42 139
 139 37
 138 139
 139 119
 119 138
 15 140
 140 43
 43 141
 141 42
 42 142
 142 15
 140 141
 141 142
 142 140
 37 143
 143 43
 43 144
 144 14
 124 143
 143 144
 144 124
 141 143
 143 139
 139 141
 6 145
 145 44
 44 146
 146 46
 46 147
 147 6
 145 146
 146 147
 147 145
 16 148
 148 45
 45 149
 149 44
 44 150
 150 16
 148 149
 149 150
 150 148
 15 151
 151 46
 46 152
 152 45
 45 153
 153 15
 151 152
 152 153
 153 151
 149 152
 152 146
 146 149
 41 154
 154 48
 48 155
 155 9
 129 154
 154 155
 155 129
 14 156
 156 47
 47 157
 157 41
 156 157
 157 132
 132 156
 16 158
 158 48
 48 159
 159 47
 47 160
 160 16
 158 159
 159 160
 160 158
 157 159
 159 154
 154 157
 45 161
 161 43
 153 161
 161 140
 140 153
 47 162
 162 45
 160 162
 162 148
 148 160
 43 163
 163 47
 144 163
 163 156
 156 144
 162 163
 163 161
 161 162
 6 164
 164 49
 49 165
 165 44
 164 165
 165 145
 145 164
 17 166
 166 50
 50 167
 167 49
 49 168
 168 17
 166 167
 167 168
 168 166
 44 169
 169 50
 50 170
 170 16
 150 169
 169 170
 170 150
 167 169
 169 165
 165 167
 3 171
 171 51
 51 172
 172 53
 53 173
 173 3
 171 172
 172 173
 173 171
 18 174
 174 52
 52 175
 175 51
 51 176
 176 18
 174 175
 175 176
 176 174
 17 177
 177 53
 53 178
 178 52
 52 179
 179 17
 177 178
 178 179
 179 177
 175 178
 178 172
 172 175
 48 180
 180 55
 55 181
 181 9
 155 180
 180 181
 181 155
 16 182
 182 54
 54 183
 183 48
 182 183
 183 158
 158 182
 18 184
 184 55
 55 185
 185 54
 54 186
 186 18
 184 185
 185 186
 186 184
 183 185
 185 180
 180 183
 52 187
 187 50
 179 187
 187 166
 166 179
 54 188
 188 52
 186 188
 188 174
 174 186
 50 189
 189 54
 170 189
 189 182
 182 170
 188 189
 189 187
 187 188
 3 190
 190 56
 56 191
 191 51
 190 191
 191 171
 171 190
 19 192
 192 57
 57 193
 193 56
 56 194
 194 19
 192 193
 193 194
 194 192
 51 195
 195 57
 57 196
 196 18
 176 195
 195 196
 196 176
 193 195
 195 191
 191 193
 7 197
 197 58
 58 198
 198 60
 60 199
 199 7
 197 198
 198 199
 199 197
 20 200
 200 59
 59 201
 201 58
 58 202
 202 20
 200 201
 201 202
 202 200
 19 203
 203 60
 60 204
 204 59
 59 205
 205 19
 203 204
 204 205
 205 203
 201 204
 204 198
 198 201
 55 206
 206 62
 62 207
 207 9
 181 206
 206 207
 207 181
 18 208
 208 61
 61 209
 209 55
 208 209
 209 184
 184 208
 20 210
 210 62
 62 211
 211 61
 61 212
 212 20
 210 211
 211 212
 212 210
 209 211
 211 206
 206 209
 59 213
 213 57
 205 213
 213 192
 192 205
 61 214
 214 59
 212 214
 214 200
 200 212
 57 215
 215 61
 196 215
 215 208
 208 196
 214 215
 215 213
 213 214
 7 216
 216 63
 63 217
 217 58
 216 217
 217 197
 197 216
 21 218
 218 64
 64 219
 219 63
 63 220
 220 21
 218 219
 219 220
 220 218
 58 221
 221 64
 64 222
 222 20
 202 221
 221 222
 222 202
 219 221
 221 217
 217 219
 4 223
 223 65
 65 224
 224 67
 67 225
 225 4
 223 224
 224 225
 225 223
 22 226
 226 66
 66 227
 227 65
 65 228
 228 22
 226 227
 227 228
 228 226
 21 229
 229 67
 67 230
 230 66
 66 231
 231 21
 229 230
 230 231
 231 229
 227 230
 230 224
 224 227
 62 232
 232 69
 69 233
 233 9
 207 232
 232 233
 233 207
 20 234
 234 68
 68 235
 235 62
 234 235
 235 210
 210 234
 22 236
 236 69
 69 237
 237 68
 68 238
 238 22
 236 237
 237 238
 238 236
 235 237
 237 232
 232 235
 66 239
 239 64
 231 239
 239 218
 218 231
 68 240
 240 66
 238 240
 240 226
 226 238
 64 241
 241 68
 222 241
 241 234
 234 222
 240 241
 241 239
 239 240
 4 242
 242 70
 70 243
 243 65
 242 243
 243 223
 223 242
 23 244
 244 71
 71 245
 245 70
 70 246
 246 23
 244 245
 245 246
 246 244
 65 247
 247 71
 71 248
 248 22
 228 247
 247 248
 248 228
 245 247
 247 243
 243 245
 8 249
 249 72
 72 250
 250 74
 74 251
 251 8
 249 250
 250 251
 251 249
 24 252
 252 73
 73 253
 253 72
 72 254
 254 24
 252 253
 253 254
 254 252
 23 255
 255 74
 74 256
 256 73
 73 257
 257 23
 255 256
 256 257
 257 255
 253 256
 256 250
 250 253
 69 258
 258 76
 76 259
 259 9
 233 258
 258 259
 259 233
 22 260
 260 75
 75 261
 261 69
 260 261
 261 236
 236 260
 24 262
 262 76
 76 263
 263 75
 75 264
 264 24
 262 263
 263 264
 264 262
 261 263
 263 258
 258 261
 73 265
 265 71
 257 265
 265 244
 244 257
 75 266
 266 73
 264 266
 266 252
 252 264
 71 267
 267 75
 248 267
 267 260
 260 248
 266 267
 267 265
 265 266
 8 268
 268 77
 77 269
 269 72
 268 269
 269 249
 249 268
 25 270
 270 78
 78 271
 271 77
 77 272
 272 25
 270 271
 271 272
 272 270
 72 273
 273 78
 78 274
 274 24
 254 273
 273 274
 274 254
 271 273
 273 269
 269 271
 28 275
 275 80
 80 276
 276 1
 84 275
 275 276
 276 84
 12 277
 277 79
 79 278
 278 28
 277 278
 278 88
 88 277
 25 279
 279 80
 80 280
 280 79
 79 281
 281 25
 279 280
 280 281
 281 279
 278 280
 280 275
 275 278
 76 282
 282 32
 259 282
 282 100
 100 259
 24 283
 283 81
 81 284
 284 76
 283 284
 284 262
 262 283
 32 285
 285 81
 81 286
 286 12
 105 285
 285 286
 286 105
 284 285
 285 282
 282 284
 79 287
 287 78
 281 287
 287 270
 270 281
 81 288
 288 79
 286 288
 288 277
 277 286
 78 289
 289 81
 274 289
 289 283
 283 274
 288 289
 289 287
 287 288


