# Created by Octave 5.1.0, Tue Apr 21 22:16:27 2020 GMT <unknown@Thomas-PC>
# name: contactConvergence
# type: matrix
# rows: 6
# columns: 1
 2.6705371944006835
 5.7846910676426112e-18
 1.5861438281331493e-17
 9.236422603526081e-18
 1.1929488377555794e-17
 5.9022617225585709e-18


