# Created by Octave 5.1.0, Tue Apr 21 22:16:12 2020 GMT <unknown@Thomas-PC>
# name: contactConvergence
# type: matrix
# rows: 7
# columns: 1
 0
 0.067582419354645179
 0.03379120967732259
 5.2041704279304213e-18
 3.0357660829594124e-18
 5.6378512969246231e-18
 3.903127820947816e-18


