# Created by Octave 5.1.0, Tue Apr 21 22:30:23 2020 GMT <unknown@Thomas-PC>
# name: contactConvergence
# type: matrix
# rows: 19
# columns: 1
 0.95683102109916018
 3.2228010686410783e-18
 5.3275935844388387e-18
 3.2069394716940813e-18
 4.4736678069032383e-18
 2.9038686013994982e-18
 4.109928659484144e-18
 4.3115670540843292e-18
 4.7904641500063638e-18
 4.8570694728958059e-18
 5.0794635242051814e-18
 5.3340364615553917e-18
 4.5257895306015138e-18
 5.2765626767352508e-18
 0.2106982404711826
 1.0887343756612853
 12.847917721405731
 1258.2683090285129
 584798590.92582834


