# Created by Octave 5.1.0, Tue Apr 21 23:59:20 2020 GMT <unknown@Thomas-PC>
# name: contactConvergence
# type: matrix
# rows: 14
# columns: 1
 0.1746698800206018
 0.20894040018155491
 0.20567570642871813
 0.17996624312512835
 0.17434229802746809
 0.15254951077403456
 0.13348082192728025
 0.1001106164454602
 0.07508296233409513
 0.070390277188214195
 10.033212786434181
 58.44242204566946
 8193.1032700648429
 2773662667.8859324


