# Created by Octave 5.1.0, Tue Apr 21 22:17:20 2020 GMT <unknown@Thomas-PC>
# name: contactConvergence
# type: matrix
# rows: 7
# columns: 1
 1.6767595206995369
 2.3574163913862036
 4.2209772265512475e-18
 7.4806328441099003e-18
 5.2190527373646429e-18
 8.4786441022220249e-18
 4.1056630614515496e-18


