# Created by Octave 5.1.0, Tue Apr 21 22:30:23 2020 GMT <unknown@Thomas-PC>
# name: equilibriumConvergence
# type: matrix
# rows: 19
# columns: 1
 1.664440071603531
 2.0774541669717723
 0.90233761170981386
 0.70025046426035775
 0.72898266416395829
 0.73019326343640656
 0.72817286410409576
 0.74925196818974582
 0.74993500999999385
 0.73790075091170959
 0.9347176718604413
 1.1273800809024648
 1.4274656708697204
 2.1557743396517006
 5.6915100454817136
 27.236669284622199
 4333.624687598267
 818136284.22677362
 1.4518329789345654e+26


