# Created by Octave 5.1.0, Tue Apr 21 22:16:12 2020 GMT <unknown@Thomas-PC>
# name: equilibriumConvergence
# type: matrix
# rows: 7
# columns: 1
 7.6376261582597467
 1.7491887187132373
 1.132343787942669
 0.70841701692424719
 0.004612081720699524
 9.851231555617147e-07
 1.5842794320181827e-13


