# Created by Octave 5.1.0, Tue Apr 21 23:59:20 2020 GMT <unknown@Thomas-PC>
# name: equilibriumConvergence
# type: matrix
# rows: 14
# columns: 1
 1.3464098937812445
 1.2869556464088241
 1.2705020439830621
 1.1906554154375768
 1.1913051008190492
 1.0826369341508393
 0.99767288879952187
 0.99943035782440004
 0.82414523574433951
 0.78965351684885332
 37.906689559674795
 7725.3590614165632
 5671400970.5453949
 3.0732027655778706e+26


