# Created by Octave 5.1.0, Tue Apr 21 22:16:27 2020 GMT <unknown@Thomas-PC>
# name: equilibriumConvergence
# type: matrix
# rows: 6
# columns: 1
 4.481854663925259
 3.8995784873282813
 0.56223255986791743
 0.023100528173869855
 4.0032878727502559e-05
 1.2304289388875992e-10


