# Created by Octave 5.1.0, Tue Apr 21 22:17:20 2020 GMT <unknown@Thomas-PC>
# name: equilibriumConvergence
# type: matrix
# rows: 7
# columns: 1
 2.3902296349713543
 1.2023958124589809
 0.22556882006083148
 0.013092415917583618
 0.00059292290070847261
 1.992277688481896e-06
 2.2819509541576673e-11


