# Created by Octave 5.1.0, Tue Apr 21 22:16:12 2020 GMT <unknown@Thomas-PC>
# name: lambda_sol
# type: matrix
# rows: 3
# columns: 1
 0
 -7.5533893838787307
 0


