# Created by Octave 5.1.0, Tue Apr 21 22:16:27 2020 GMT <unknown@Thomas-PC>
# name: lambda_sol
# type: matrix
# rows: 5
# columns: 1
 0
 -4.2613449122801885
 -6.7358806702293483
 -4.2613449122801894
 0


