# Created by Octave 5.1.0, Tue Apr 21 22:17:20 2020 GMT <unknown@Thomas-PC>
# name: lambda_sol
# type: matrix
# rows: 9
# columns: 1
 0
 0
 -4.7848890298293378
 -4.9215501206857439
 -3.0891820618194612
 -4.9215501206857475
 -4.7848890298293343
 0
 0


