# Created by Octave 5.1.0, Tue Apr 21 22:30:23 2020 GMT <unknown@Thomas-PC>
# name: lambda_sol
# type: matrix
# rows: 17
# columns: 1
 0
 0
 0
 -0.60604476928710938
 -4.4261016845703125
 -5.8089027404785156
 -7.6868438720703125
 -4.8017501831054688
 -1.7081327175692422
 -4.8017501831054688
 -7.6868438720703125
 -5.8089027404785156
 -4.4261016845703125
 -0.60604476928710938
 0
 0
 0


