# Created by Octave 5.1.0, Tue Apr 21 23:59:20 2020 GMT <unknown@Thomas-PC>
# name: lambda_sol
# type: matrix
# rows: 33
# columns: 1
 0.00038740292786180693
 0.00077480585572361387
 0.0027118204950326505
 0.010072476124406992
 0.037578084002595338
 0.028441525564800223
 0.012116243648485042
 -3.4674472808837891
 -4.514744758605957
 -6.1881637573242188
 -9.004913330078125
 -4.462158203125
 -0.0532379150390625
 -4.0772925775381736
 -5.8832528851132793
 -4.9724828056205315
 -3.2194266262522433
 -4.9724827852842282
 -5.8832528545683545
 -4.0772925878409296
 -0.0532379150390625
 -4.462158203125
 -9.004913330078125
 -6.1881637573242188
 -4.514744758605957
 -3.4674472808837891
 0.012116243648409197
 0.028441525564762121
 0.037578084002595338
 0.010072476124406992
 0.0027118204950326514
 0.00077480585572361387
 0.00038740292786180693


