# Created by Octave 5.1.0, Tue Apr 21 22:16:12 2020 GMT <unknown@Thomas-PC>
# name: u_sol
# type: matrix
# rows: 18
# columns: 1
 0.041843088806678135
 -0.0418430888066781
 0
 0
 1.273521131624162e-17
 -0.044076750857260226
 0
 0.04407675085726024
 1.8096042637341753e-18
 -0.24347560400173843
 -0.2434756040017384
 0
 0
 -0.065307181467779682
 -0.15777252713027978
 0
 -0.15777252713027981
 -0.13948367482853119


