# Created by Octave 5.1.0, Tue Apr 21 22:16:27 2020 GMT <unknown@Thomas-PC>
# name: u_sol
# type: matrix
# rows: 50
# columns: 1
 -0.0077098456291685843
 0.0077098456291685479
 0
 0
 -2.0474207825569888e-17
 -0.031255770993124071
 0
 0.031255770993124057
 -8.3239892813838551e-18
 -0.017544808810990645
 -1.0176928825033032e-17
 -0.0032956936742278928
 0.01754480881099061
 0.0032956936742278725
 -0.0077747285177115662
 -0.012139216159914352
 -0.039283993703746162
 -0.01392870921636695
 0
 -5.7921839846991607e-18
 0
 0.013928709216366939
 0.039283993703746155
 0.012139216159914338
 0.0077747285177115462
 -0.20698778997993381
 -0.20698778997993381
 0
 0
 -0.088121265932417425
 -0.14546366394018256
 0
 -0.14546366394018256
 -0.15134070356212084
 -0.16053449417094665
 -0.17065098612447641
 -0.18086035784186272
 -0.16053449417094662
 -0.18086035784186272
 -0.18857170303055196
 -0.1488580920302614
 -0.088289736925670256
 -0.083772356465562081
 0
 -0.08385758226492529
 0
 -0.083772356465562081
 -0.088289736925670256
 -0.14885809203026143
 -0.18857170303055196


