# Created by Octave 5.1.0, Tue Apr 21 22:17:20 2020 GMT <unknown@Thomas-PC>
# name: u_sol
# type: matrix
# rows: 162
# columns: 1
 -0.011319943469272743
 0.011319943469272764
 0
 0
 3.0227632986449094e-18
 -0.03843195512321624
 0
 0.038431955123216253
 5.0743355532278577e-18
 -0.027779774759685991
 9.8101150876700231e-18
 -0.00010507940247497922
 0.027779774759685981
 0.00010507940247500162
 -0.011398147892474769
 -0.016811043198944161
 -0.047290166985138687
 -0.017185977240630979
 0
 1.8274249017655671e-18
 0
 0.017185977240630982
 0.047290166985138694
 0.016811043198944175
 0.011398147892474789
 -0.014077755602820466
 -0.011682226619763713
 -0.0083031502935328495
 1.6445003757809872e-17
 -0.0088476543016091022
 -0.023110605437583132
 0.0041920589209142088
 -0.00068055567748915864
 7.5792755303087507e-18
 0.023110605437583132
 0.0088476543016091317
 0.0083031502935328721
 0.011682226619763739
 0.014077755602820487
 0.00068055567748918108
 -0.0041920589209141906
 0.0037332523852457093
 -0.0044655607498012744
 -0.027804165315071717
 -0.017311468970312778
 -0.026689515862790104
 -0.0095216450113691439
 -0.0078500986048288864
 -0.046849753826694991
 -0.032766531645363584
 -0.017763410702464774
 -0.030229528181363194
 -0.036038747747192117
 -0.019761858807970996
 -0.0094206811738660103
 0
 -0.009943831249856018
 1.170612065392775e-18
 -0.0045740469742505995
 0
 -0.007992686054495126
 2.5366281087280586e-18
 0
 0.0045740469742506003
 0.017763410702464774
 0.009943831249856018
 0
 0.0079926860544951295
 0.0094206811738660173
 0.036038747747192117
 0.030229528181363197
 0.027804165315071735
 0.03276653164536359
 0.046849753826694998
 0.019761858807971006
 0.0078500986048288986
 0.026689515862790125
 0.017311468970312799
 0.0044655607498012961
 -0.0037332523852456863
 0.0095216450113691613
 -0.21572862715642063
 -0.21572862715642063
 0
 0
 -0.096432891440100685
 -0.15422409958873753
 0
 -0.15422409958873756
 -0.16198953874439359
 -0.17397390508473387
 -0.19836927657784659
 -0.19795123257367983
 -0.1739739050847339
 -0.19795123257367983
 -0.19601714871604575
 -0.16013848791903151
 -0.093861464434132
 -0.089005903106070303
 0
 -0.089077172381748546
 0
 -0.089005903106070303
 -0.093861464434132014
 -0.16013848791903151
 -0.19601714871604575
 -0.21505911549674864
 -0.19794683717993306
 -0.21209454959879545
 -0.19730565757758428
 -0.19560394520964799
 -0.11821973938523565
 -0.18386697239260835
 -0.19675460555457724
 -0.18518356608061218
 -0.11821973938523567
 -0.19560394520964797
 -0.21209454959879545
 -0.19794683717993306
 -0.21505911549674861
 -0.19675460555457722
 -0.18386697239260832
 -0.20886189688283813
 -0.20240515251987173
 -0.16024884606863993
 -0.18500731210109317
 -0.17788450436794245
 -0.18416854238961594
 -0.16009492542915219
 -0.12753743942147469
 -0.12869208539840457
 -0.045712593375025305
 -0.090251889723584125
 -0.052381747362073829
 -0.12786490416607882
 -0.12773709675005032
 0
 -0.045790850446487945
 -0.046089063077689736
 -0.046108015464689893
 0
 -0.08908908458470495
 -0.12810059390957251
 0
 -0.046108015464689893
 -0.045712593375025312
 -0.045790850446487945
 0
 -0.08908908458470495
 -0.12773709675005032
 -0.052381747362073829
 -0.090251889723584125
 -0.16024884606863993
 -0.1286920853984046
 -0.12753743942147469
 -0.12786490416607882
 -0.16009492542915221
 -0.17788450436794245
 -0.18500731210109317
 -0.20240515251987176
 -0.20886189688283816
 -0.18416854238961597


