# Created by Octave 5.1.0, Tue Apr 21 22:30:23 2020 GMT <unknown@Thomas-PC>
# name: u_sol
# type: matrix
# rows: 578
# columns: 1
 -0.009838402271270752
 0.009838402271270752
 0
 0
 1.9317880628477724e-14
 -0.038149625062942505
 0
 0.038149625062942505
 3.8857805861880479e-15
 -0.021431148052215576
 6.9944050551384862e-15
 -0.0020565986633300781
 0.021431148052215576
 0.0020565986633300781
 -0.0089403837919235229
 -0.016209393739700317
 -0.047998569905757904
 -0.017302807420492172
 0
 1.3739009929736312e-15
 0
 0.017302807420492172
 0.047998569905757904
 0.016209393739700317
 0.0089403837919235229
 -0.010322600603103638
 -0.015212275087833405
 -0.0103499386459589
 2.1538326677728037e-14
 -0.012534990906715393
 -0.011877510696649551
 0.0041059777140617371
 -0.0011258870363235474
 5.3845816694320092e-15
 0.011877510696649551
 0.012534990906715393
 0.0103499386459589
 0.015212275087833405
 0.010322600603103638
 0.0011258870363235474
 -0.0041059777140617371
 0.0053391270339488983
 -0.0020762160420417786
 -0.026976004242897034
 -0.015841171145439148
 -0.024992942810058594
 -0.0085866451263427734
 -0.0076199397444725037
 -0.046982347965240479
 -0.032652817666530609
 -0.018800433725118637
 -0.030732512474060059
 -0.037431605160236359
 -0.019438944756984711
 -0.0090414397418498993
 0
 -0.010083381086587906
 4.2674197509029455e-16
 -0.0045164823532104492
 0
 -0.0078373104333877563
 2.6922908347160046e-15
 0
 0.0045164823532104492
 0.018800433725118637
 0.010083381086587906
 0
 0.0078373104333877563
 0.0090414397418498993
 0.037431605160236359
 0.030732512474060059
 0.026976004242897034
 0.032652817666530609
 0.046982347965240479
 0.019438944756984711
 0.0076199397444725037
 0.024992942810058594
 0.015841171145439148
 0.0020762160420417786
 -0.0053391270339488983
 0.0085866451263427734
 -0.010164886713027954
 -0.013111859560012817
 -0.010935619473457336
 -0.020760225132107735
 -0.016626901924610138
 -0.010875493288040161
 -0.0070434734225273132
 -0.013049405068159103
 -0.0083327144384384155
 1.9317880628477724e-14
 -0.0042569395154714584
 -0.0012383945286273956
 -0.0011953976936638355
 -0.0077988766133785248
 9.6589403142388619e-15
 -0.021929770708084106
 -0.017107665538787842
 -0.02159041166305542
 0.0030723400413990021
 0.0022362656891345978
 4.7184478546569153e-15
 -0.0022258982062339783
 0.0017436742782592773
 0.0022703409194946289
 6.0507154842071031e-15
 0.0013032443821430206
 0.00027367845177650452
 -0.015133008360862732
 -0.0050211325287818909
 -0.0077166259288787842
 0.0012383945286273956
 0.0042569395154714584
 0.02159041166305542
 0.017107665538787842
 0.021929770708084106
 0.0077988766133785248
 0.0011953976936638355
 0.010935619473457336
 0.013111859560012817
 0.010164886713027954
 0.0083327144384384155
 0.013049405068159103
 0.0070434734225273132
 0.010875493288040161
 0.016626901924610138
 0.020760225132107735
 -0.0022362656891345978
 -0.0030723400413990021
 -0.00027367845177650452
 -0.0013032443821430206
 -0.0022703409194946289
 -0.0017436742782592773
 0.0022258982062339783
 0.015133008360862732
 0.0077166259288787842
 0.0050211325287818909
 0.0093018114566802979
 0.0078661069273948669
 -0.0052503049373626709
 0.0020065493881702423
 -0.0011477917432785034
 0.0047307908535003662
 0.00049091875553131104
 -0.032731577754020691
 -0.026968300342559814
 -0.032178431749343872
 -0.017077177762985229
 -0.021866634488105774
 -0.021354943513870239
 -0.017099618911743164
 -0.020274713635444641
 -0.012895986437797546
 -0.0060793980956077576
 -0.0038254186511039734
 -0.0035962909460067749
 -0.0060646906495094299
 -0.011663846671581268
 -0.0092201381921768188
 -0.012834653258323669
 -0.0091248452663421631
 -0.011872947216033936
 -0.0059362947940826416
 -0.043453171849250793
 -0.037175104022026062
 -0.040817506611347198
 -0.039976462721824646
 -0.048619836568832397
 -0.030601724982261658
 -0.02424931526184082
 -0.013687357306480408
 -0.026503894478082657
 -0.024698000401258469
 -0.023372635245323181
 -0.026104863733053207
 -0.019408095628023148
 -0.044567912817001343
 -0.034768283367156982
 -0.039275333285331726
 -0.0086802057921886444
 -0.0043533202260732651
 -0.018453322350978851
 -0.013302579522132874
 -0.013577278703451157
 -0.013943605124950409
 -0.019066721200942993
 -0.03280755877494812
 -0.025452502071857452
 -0.025688715279102325
 0
 -0.0096447132527828217
 -0.0052018333226442337
 -0.0070986766368150711
 0
 -0.013802673667669296
 -0.014232903718948364
 1.4051260155412137e-16
 -0.0011355425231158733
 0
 -0.0031170118600130081
 -0.0021979520097374916
 8.4654505627668186e-16
 0
 -0.0023362347856163979
 -0.0036621997132897377
 -0.0044790282845497131
 3.3584246494910985e-15
 -0.012235108762979507
 -0.0087439306080341339
 1.9984014443252818e-15
 -0.0042967647314071655
 -0.0038321316242218018
 -0.0070843342691659927
 -0.0063939392566680908
 -0.010015808045864105
 0
 0.0011355425231158733
 0.0036621997132897377
 0.0023362347856163979
 0
 0.0021979520097374916
 0.0031170118600130081
 0.013687357306480408
 0.0096447132527828217
 0
 0.014232903718948364
 0.013802673667669296
 0.019408095628023148
 0
 0.0070986766368150711
 0.0052018333226442337
 0.0044790282845497131
 0.0043533202260732651
 0.0038321316242218018
 0.0042967647314071655
 0.013577278703451157
 0.0087439306080341339
 0.012235108762979507
 0.0070843342691659927
 0.010015808045864105
 0.0063939392566680908
 0.024698000401258469
 0.026503894478082657
 0.039275333285331726
 0.034768283367156982
 0.044567912817001343
 0.026104863733053207
 0.023372635245323181
 0.032731577754020691
 0.037175104022026062
 0.043453171849250793
 0.02424931526184082
 0.030601724982261658
 0.021354943513870239
 0.048619836568832397
 0.039976462721824646
 0.040817506611347198
 0.0086802057921886444
 0.0038254186511039734
 0.019066721200942993
 0.013943605124950409
 0.011663846671581268
 0.013302579522132874
 0.018453322350978851
 0.03280755877494812
 0.025688715279102325
 0.025452502071857452
 0.032178431749343872
 0.026968300342559814
 0.012895986437797546
 0.020274713635444641
 0.017099618911743164
 0.021866634488105774
 0.017077177762985229
 -0.0078661069273948669
 -0.0093018114566802979
 -0.00049091875553131104
 -0.0047307908535003662
 0.0011477917432785034
 -0.0020065493881702423
 0.0052503049373626709
 0.0060793980956077576
 0.012834653258323669
 0.0092201381921768188
 0.0060646906495094299
 0.0035962909460067749
 0.0091248452663421631
 0.0059362947940826416
 0.011872947216033936
 -0.21527744084596634
 -0.21527744084596634
 0
 0
 -0.099323153495788574
 -0.15307603776454926
 0
 -0.15307603776454926
 -0.15852111577987671
 -0.17267969250679016
 -0.19657230377197266
 -0.19468635320663452
 -0.17267969250679016
 -0.19468635320663452
 -0.19327777624130249
 -0.15873593091964722
 -0.09363778680562973
 -0.088529191911220551
 0
 -0.088233359158039093
 0
 -0.088529191911220551
 -0.09363778680562973
 -0.15873593091964722
 -0.19327777624130249
 -0.21251869201660156
 -0.19395765662193298
 -0.20914949476718903
 -0.20322561264038086
 -0.17754125595092773
 -0.11772780120372772
 -0.18054899573326111
 -0.1906093955039978
 -0.18180951476097107
 -0.11772780120372772
 -0.17754125595092773
 -0.20914949476718903
 -0.19395765662193298
 -0.21251869201660156
 -0.1906093955039978
 -0.18054899573326111
 -0.20725505705922842
 -0.19968560338020325
 -0.15909573435783386
 -0.18309195339679718
 -0.17555940896272659
 -0.18202239274978638
 -0.1578637957572937
 -0.1264558732509613
 -0.12791986763477325
 -0.045840572565793991
 -0.089823231101036072
 -0.053518861532211304
 -0.1269574910402298
 -0.1263173371553421
 0
 -0.045558847486972809
 -0.04580114409327507
 -0.045773472636938095
 0
 -0.088316105306148529
 -0.12624852359294891
 0
 -0.045773472636938095
 -0.045840572565793991
 -0.045558847486972809
 0
 -0.088316105306148529
 -0.1263173371553421
 -0.053518861532211304
 -0.089823231101036072
 -0.15909573435783386
 -0.12791986763477325
 -0.1264558732509613
 -0.1269574910402298
 -0.1578637957572937
 -0.17555940896272659
 -0.18309195339679718
