# Created by Octave 5.1.0, Tue Apr 21 23:59:20 2020 GMT <unknown@Thomas-PC>
# name: u_sol
# type: matrix
# rows: 2178
# columns: 1
 -0.0055047869682312012
 0.0055047869682312012
 0
 0
 1.4733814168721437e-10
 -0.04107724130153656
 0
 0.04107724130153656
 2.0918378140777349e-11
 -0.015593290328979492
 3.6834535421803594e-11
 0.0022593438625335693
 0.015593290328979492
 -0.0022593438625335693
 -0.013200074434280396
 -0.017893608659505844
 -0.049808502197265625
 -0.017976526170969009
 0
 6.5654148784233257e-12
 0
 0.017976526170969009
 0.049808502197265625
 0.017893608659505844
 0.013200074434280396
 -0.0049598813056945801
 -0.0071579217910766602
 -0.0054909586906433105
 1.2505552149377763e-11
 -0.0076687494292855263
 -0.010705962777137756
 0.0053260363638401031
 0.00088894367218017578
 3.0240698833949864e-11
 0.010705962777137756
 0.0076687494292855263
 0.0054909586906433105
 0.0071579217910766602
 0.0049598813056945801
 -0.00088894367218017578
 -0.0053260363638401031
 0.00058609247207641602
 -0.0063954144716262817
 -0.02929871529340744
 -0.019143715500831604
 -0.028504461050033569
 -0.011251941323280334
 -0.0083929374814033508
 -0.04920002818107605
 -0.034332998096942902
 -0.01957270409911871
 -0.031941045075654984
 -0.038857489824295044
 -0.020507417619228363
 -0.0094757974147796631
 0
 -0.010400025639683008
 2.2879476091475226e-12
 -0.0046322161797434092
 0
 -0.0081016062758862972
 1.2846612662542611e-11
 0
 0.0046322161797434092
 0.01957270409911871
 0.010400025639683008
 0
 0.0081016062758862972
 0.0094757974147796631
 0.038857489824295044
 0.031941045075654984
 0.029298722743988037
 0.034332998096942902
 0.04920002818107605
 0.020507417619228363
 0.0083929374814033508
 0.028504461050033569
 0.019143715500831604
 0.0063954144716262817
 -0.00058609247207641602
 0.011251941323280334
 -0.0055592358112335205
 -0.0085754096508026123
 -0.0061067342758178711
 -0.021241188049316406
 -0.01336178183555603
 -0.0053406059741973877
 -0.0018866956233978271
 -0.0075100958347320557
 -0.0025286376476287842
 2.9558577807620168e-11
 -0.0078050829470157623
 -0.00087201595306396484
 -2.0261853933334351e-05
 -0.0050134137272834778
 2.3874235921539366e-11
 -0.019693832844495773
 -0.0096779167652130127
 -0.017144329845905304
 0.0035091284662485123
 0.0027323365211486816
 2.5579538487363607e-11
 0.0012782812118530273
 0.0032716728746891022
 0.0048608109354972839
 3.4788172342814505e-11
 0.0018644779920578003
 0.00097864121198654175
 -0.0054697245359420776
 -0.0021035410463809967
 -0.0024625584483146667
 0.00087201595306396484
 0.0078050829470157623
 0.017144329845905304
 0.0096779167652130127
 0.019693832844495773
 0.0050134137272834778
 2.0261853933334351e-05
 0.0061067342758178711
 0.0085754096508026123
 0.0055592358112335205
 0.0025286376476287842
 0.0075100958347320557
 0.0018866956233978271
 0.0053406059741973877
 0.01336178183555603
 0.021241188049316406
 -0.0027323365211486816
 -0.0035091284662485123
 -0.00097864121198654175
 -0.0018644779920578003
 -0.0048608109354972839
 -0.0032716728746891022
 -0.0012782812118530273
 0.0054697245359420776
 0.0024625584483146667
 0.0021035410463809967
 0.0044812560081481934
 0.0030782818794250488
 -0.009535372257232666
 -0.0026033520698547363
 -0.0057046413421630859
 -5.9008598327636719e-06
 -0.0039088726043701172
 -0.035330966114997864
 -0.029986068606376648
 -0.035330265760421753
 -0.019610762596130371
 -0.02468021959066391
 -0.023390598595142365
 -0.020995169878005981
 -0.023717403411865234
 -0.016772106289863586
 -0.007059972733259201
 -0.0041567916050553322
 -0.0069445893168449402
 -0.008079826831817627
 -0.012914050370454788
 -0.010810621082782745
 -0.014967091381549835
 -0.012936487793922424
 -0.014944419264793396
 -0.0096221566200256348
 -0.045961305499076843
 -0.039415158331394196
 -0.042532972991466522
 -0.041926324367523193
 -0.050612933933734894
 -0.03257954865694046
 -0.025931097567081451
 -0.014493254013359547
 -0.027586411684751511
 -0.025846356526017189
 -0.024300511926412582
 -0.027101999148726463
 -0.020134834572672844
 -0.046205829828977585
 -0.036095850169658661
 -0.040794920176267624
 -0.0092425607144832611
 -0.0045758914202451706
 -0.019789718091487885
 -0.014253377914428711
 -0.014161011204123497
 -0.014685718342661858
 -0.019921928644180298
 -0.03423633798956871
 -0.026592034846544266
 -0.027074310928583145
 0
 -0.010019406210631132
 -0.0053435913287103176
 -0.0073225153610110283
 0
 -0.014293530024588108
 -0.014731310307979584
 8.9528384705772623e-13
 -0.001160217187134549
 0
 -0.003202666062861681
 -0.0022515869932249188
 4.1779912862693891e-12
 0
 -0.0023875453043729067
 -0.0037503645289689302
 -0.0046595190651714802
 1.6711965145077556e-11
 -0.012684767134487629
 -0.0090870540589094162
 9.4928509497549385e-12
 -0.0044458336196839809
 -0.003950224258005619
 -0.0072835865430533886
 -0.0065822768956422806
 -0.010338286869227886
 0
 0.001160217187134549
 0.0037503645289689302
 0.0023875453043729067
 0
 0.0022515869932249188
 0.003202666062861681
 0.014493254013359547
 0.010019406210631132
 0
 0.014731310307979584
 0.014293530024588108
 0.020134834572672844
 0
 0.0073225153610110283
 0.0053435913287103176
 0.0046595190651714802
 0.0045758914202451706
 0.003950224258005619
 0.0044458336196839809
 0.014161011204123497
 0.0090870540589094162
 0.012684767134487629
 0.0072835865430533886
 0.010338286869227886
 0.0065822768956422806
 0.025846356526017189
 0.027586411684751511
 0.040794920176267624
 0.036095850169658661
 0.046205829828977585
 0.027101999148726463
 0.024300511926412582
 0.035330966114997864
 0.039415158331394196
 0.045961305499076843
 0.025931097567081451
 0.032579556107521057
 0.023390598595142365
 0.050612933933734894
 0.041926324367523193
 0.042532972991466522
 0.0092425607144832611
 0.0041567916050553322
 0.019921928644180298
 0.014685718342661858
 0.012914050370454788
 0.014253377914428711
 0.019789718091487885
 0.03423633798956871
 0.027074310928583145
 0.026592034846544266
 0.035330265760421753
 0.029986068606376648
 0.016772106289863586
 0.023717403411865234
 0.020995169878005981
 0.02468021959066391
 0.019610762596130371
 -0.0030782818794250488
 -0.0044812560081481934
 0.0039088726043701172
 5.9008598327636719e-06
 0.0057046413421630859
 0.0026033520698547363
 0.009535372257232666
 0.007059972733259201
 0.014967091381549835
 0.010810621082782745
 0.008079826831817627
 0.0069445893168449402
 0.012936487793922424
 0.0096221566200256348
 0.014944419264793396
 -0.0056184828281402588
 -0.0060410797595977783
 -0.0056972801685333252
 -0.0074869394302368164
 -0.0067917406558990479
 -0.0052947998046875
 -0.0060826241970062256
 -0.0071914494037628174
 -0.0073518455028533936
 -0.016201004385948181
 -0.015063285827636719
 -0.011742055416107178
 -0.010595709085464478
 -0.017245501279830933
 -0.009685218334197998
 -0.0048135221004486084
 -0.011242061853408813
 -0.0092372894287109375
 0.00032770633697509766
 -0.0023142099380493164
 -0.00015285611152648926
 -0.0066412091255187988
 -0.0046836733818054199
 -0.0038630366325378418
 -0.0048458576202392578
 -0.0049246549606323242
 -0.0077199637889862061
 -0.010636776685714722
 -0.01014825701713562
 -0.0087693929672241211
 1.3733369996771216e-10
 6.512179970741272e-05
 2.9429793357849121e-05
 -0.00015288591384887695
 -0.0041393712162971497
 1.7280399333685637e-10
 -0.0046195387840270996
 -0.0026011914014816284
 -0.0046527981758117676
 0.00015056878328323364
 -2.6855617761611938e-05
 3.4106051316484809e-11
 -0.0051466524600982666
 -0.001654457300901413
 -0.0030362717807292938
 7.1622707764618099e-12
 -0.0016666911542415619
 -0.0015906617045402527
 -0.017146497964859009
 -0.017845511436462402
 -0.019097790122032166
 -0.0081869363784790039
 -0.013397902250289917
 -0.016247868537902832
 -0.0027368366718292236
 -0.01295238733291626
 -0.0071897134184837341
 -0.0021674633026123047
 -0.0055287629365921021
 -0.0046413540840148926
 0.0018508997745811939
 0.0017474861815571785
 2.319211489520967e-11
 0.0040260236710309982
 0.0031327046453952789
 0.0045757722109556198
