# Created by Octave 5.1.0, Tue Feb 25 05:17:41 2020 GMT <unknown@Thomas-PC>
# name: contactConvergence
# type: matrix
# rows: 4
# columns: 1
 0
 0
 0
 0


