# Created by Octave 5.1.0, Tue Feb 25 02:20:46 2020 GMT <unknown@Thomas-PC>
# name: contactConvergence
# type: matrix
# rows: 8
# columns: 1
 0
 0
 0
 0
 0
 0
 0
 0


