# Created by Octave 5.1.0, Tue Feb 25 02:05:29 2020 GMT <unknown@Thomas-PC>
# name: equilibriumConvergence
# type: matrix
# rows: 6
# columns: 1
 2.4157326429547892
 1.1641437194916779
 0.11723675584978127
 0.0060673298484307117
 7.0318297764627415e-06
 1.3869790815859831e-11


