# Created by Octave 5.1.0, Tue Feb 25 02:02:49 2020 GMT <unknown@Thomas-PC>
# name: equilibriumConvergence
# type: matrix
# rows: 6
# columns: 1
 3.5576790636821873
 0.6034407858203833
 0.042322209636739563
 0.00048558089947186824
 6.3535325206776406e-08
 2.9074087778273949e-14


