# Created by Octave 5.1.0, Tue Feb 25 02:01:55 2020 GMT <unknown@Thomas-PC>
# name: equilibriumConvergence
# type: matrix
# rows: 5
# columns: 1
 7.6376261582597316
 1.7320490519969847
 0.086556633680059281
 0.00014652875901702565
 1.1657816230346921e-09


