# Created by Octave 5.1.0, Tue Feb 25 02:01:58 2020 GMT <unknown@Thomas-PC>
# name: equilibriumConvergence
# type: matrix
# rows: 5
# columns: 1
 5.0167881053654675
 1.0276933986469965
 0.049792000161471922
 0.00010498511903582322
 4.9936514486688915e-10


