# Created by Octave 5.1.0, Tue Feb 25 05:17:41 2020 GMT <unknown@Thomas-PC>
# name: equilibriumConvergence
# type: matrix
# rows: 4
# columns: 1
 1.3534310296937835
 1.2122063171226778
 0.96409814932561755
 0.96191058753536474


