# Created by Octave 5.1.0, Tue Feb 25 02:02:09 2020 GMT <unknown@Thomas-PC>
# name: equilibriumConvergence
# type: matrix
# rows: 5
# columns: 1
 4.6360425776356715
 0.91900228801820982
 0.035132712418051264
 4.9108736813258692e-05
 1.2383483093224556e-10


