# Created by Octave 5.1.0, Tue Feb 25 02:20:46 2020 GMT <unknown@Thomas-PC>
# name: equilibriumConvergence
# type: matrix
# rows: 8
# columns: 1
 1.6954042091460058
 1.4603804739815536
 0.99049058554101932
 0.44938173869082459
 0.032774884483748018
 0.0014127535894828227
 1.7240526487844261e-06
 2.4251686638730979e-12


