# Created by Octave 5.1.0, Tue Feb 25 02:01:55 2020 GMT <unknown@Thomas-PC>
# name: u_sol
# type: matrix
# rows: 18
# columns: 1
 0.046805991337761685
 -0.046805991337761484
 0
 0
 9.0712898667657572e-17
 -0.092063409484648806
 0
 0.092063409484648875
 4.2433868168645893e-17
 -0.57169214484230124
 -0.57169214484230113
 0
 0
 -0.518686135329819
 -0.39490268903348524
 0
 -0.39490268903348535
 -0.41069066664757592


