# Created by Octave 5.1.0, Tue Feb 25 02:01:58 2020 GMT <unknown@Thomas-PC>
# name: u_sol
# type: matrix
# rows: 50
# columns: 1
 0.029542353215745783
 -0.02954235321574572
 0
 0
 4.9724132864307792e-17
 -0.10294919927596399
 0
 0.10294919927596401
 -1.5089869131896683e-17
 0.015090825299621212
 1.5456676497884887e-17
 0.025952110530640879
 -0.015090825299621108
 -0.025952110530640837
 -0.056832606888879963
 -0.054886568925767189
 -0.14038261599333229
 -0.066223818840497772
 0
 -1.3150718458478345e-17
 0
 0.066223818840497745
 0.14038261599333229
 0.054886568925767189
 0.056832606888880005
 -0.58517868438779597
 -0.58517868438779586
 0
 0
 -0.58541000106941854
 -0.42588096153723376
 0
 -0.42588096153723382
 -0.46609255866674382
 -0.59280194013308851
 -0.56015478103684746
 -0.55964055821228786
 -0.5928019401330884
 -0.55964055821228775
 -0.53926015320640797
 -0.45251256778635079
 -0.27411066709077941
 -0.24766933773789596
 0
 -0.23219355266427325
 0
 -0.24766933773789596
 -0.27411066709077941
 -0.45251256778635079
 -0.53926015320640797


