# Created by Octave 5.1.0, Tue Feb 25 02:02:09 2020 GMT <unknown@Thomas-PC>
# name: u_sol
# type: matrix
# rows: 162
# columns: 1
 0.013178027407597947
 -0.01317802740759802
 0
 0
 -3.6743186987609949e-17
 -0.10869730845586706
 0
 0.10869730845586703
 -9.9853689067796726e-18
 0.005457195622481272
 -2.1264415761569276e-17
 0.026124341312864369
 -0.0054571956224813518
 -0.026124341312864417
 -0.054618972944696337
 -0.056175313255336062
 -0.15100360281438083
 -0.07562269773143003
 0
 -9.8248544855048186e-18
 0
 0.075622697731430016
 0.15100360281438083
 0.056175313255336042
 0.054618972944696281
 0.0090586195996427959
 0.014773657021256872
 0.02246729730626677
 -2.8872855199373308e-17
 0.0071655058369096917
 0.0025385283016668096
 0.019505396055177149
 0.012810893355510196
 -1.4719350713889061e-17
 -0.0025385283016668911
 -0.0071655058369097437
 -0.022467297306266842
 -0.014773657021256935
 -0.0090586195996428791
 -0.012810893355510238
 -0.019505396055177177
 -0.030801861228344978
 -0.039743560144319956
 -0.082680546888351025
 -0.060337278157925188
 -0.081724822580581294
 -0.039972757247643431
 -0.028605406579506432
 -0.13456557684786469
 -0.10392913850511751
 -0.094597888716532616
 -0.11517484417968543
 -0.1451596121940828
 -0.070763878816317141
 -0.036087433014341266
 0
 -0.060095503732005437
 -4.9010937464402648e-18
 -0.029607424422256341
 0
 -0.037658156053597694
 -7.8427672205256735e-18
 0
 0.029607424422256331
 0.094597888716532602
 0.060095503732005409
 0
 0.037658156053597673
 0.036087433014341253
 0.14515961219408277
 0.11517484417968542
 0.082680546888350998
 0.10392913850511748
 0.13456557684786469
 0.070763878816317113
 0.028605406579506408
 0.081724822580581252
 0.060337278157925153
 0.0397435601443199
 0.030801861228344912
 0.039972757247643396
 -0.59073098595250428
 -0.59073098595250428
 0
 0
 -0.62306909084560691
 -0.44691918944839421
 0
 -0.44691918944839421
 -0.49301634036253217
 -0.6176861814320318
 -0.59574547116855958
 -0.58676304088742348
 -0.61768618143203191
 -0.58676304088742348
 -0.5537382946457664
 -0.48020494081349535
 -0.28130214632788164
 -0.27212499522950989
 0
 -0.26398815740587245
 0
 -0.27212499522950989
 -0.28130214632788159
 -0.48020494081349535
 -0.55373829464576629
 -0.60527936776220326
 -0.60996122005317799
 -0.59745185131394929
 -0.61762512712964601
 -0.61684149002438615
 -0.62436076506021221
 -0.55182226616598506
 -0.59380518970181839
 -0.55508125001873299
 -0.62436076506021221
 -0.61684149002438615
 -0.59745185131394929
 -0.6099612200531781
 -0.60527936776220326
 -0.59380518970181839
 -0.55182226616598506
 -0.58030319611040992
 -0.57386358124909675
 -0.46946474718366937
 -0.53177227798575444
 -0.50967493872829361
 -0.54458393587879506
 -0.48594913803429679
 -0.37437341348211506
 -0.38678211849758182
 -0.13546310337252954
 -0.27812345812766437
 -0.16608612627624733
 -0.39072276103034925
 -0.39164607429075843
 0
 -0.13118684451075852
 -0.12244471604429187
 -0.12976425759213425
 0
 -0.26932857012651801
 -0.39080094285297279
 0
 -0.12976425759213428
 -0.13546310337252954
 -0.13118684451075852
 0
 -0.26932857012651795
 -0.39164607429075843
 -0.16608612627624728
 -0.27812345812766437
 -0.46946474718366937
 -0.38678211849758182
 -0.37437341348211506
 -0.39072276103034925
 -0.48594913803429679
 -0.50967493872829361
 -0.53177227798575444
 -0.57386358124909675
 -0.58030319611040992
 -0.54458393587879506


