# Created by Octave 5.1.0, Tue Feb 25 02:02:49 2020 GMT <unknown@Thomas-PC>
# name: u_sol
# type: matrix
# rows: 578
# columns: 1
 0.0054174906337803308
 -0.0054174906337800853
 0
 0
 1.2935543050692271e-16
 -0.11021028929879685
 0
 0.11021028929879695
 4.5956140894911431e-17
 0.00080056460545396813
 8.5593050429750696e-17
 0.026550786771145952
 -0.00080056460545371573
 -0.026550786771145782
 -0.054256280661702322
 -0.056349143720263152
 -0.15505422665670965
 -0.078508289284412766
 0
 1.7101686296649192e-17
 0
 0.078508289284412808
 0.1550542266567097
 0.056349143720263249
 0.054256280661702481
 0.0023858555527947007
 0.013426228078175603
 0.020520979654574958
 1.0608820858816705e-16
 0.0065788551813797053
 0.00027056775870413618
 0.020421322644261858
 0.013240850372401927
 6.5973191502989807e-17
 -0.00027056775870388123
 -0.0065788551813794867
 -0.02052097965457475
 -0.013426228078175392
 -0.0023858555527944449
 -0.013240850372401757
 -0.020421322644261723
 -0.028398998340834338
 -0.03995179313367192
 -0.08334552504315515
 -0.061078469601097973
 -0.081964637105824828
 -0.040871980259553603
 -0.028519341426068504
 -0.13665489942957459
 -0.10455124798776919
 -0.10567187886812929
 -0.11807218506308691
 -0.15133193193571395
 -0.070734402978217217
 -0.035766494786252857
 0
 -0.066383571232200608
 6.4436216536579683e-18
 -0.03224822094332095
 0
 -0.039081566325458207
 2.7881375409817112e-17
 0
 0.032248220943320971
 0.10567187886812932
 0.066383571232200622
 0
 0.039081566325458242
 0.03576649478625292
 0.15133193193571401
 0.11807218506308696
 0.083345525043155247
 0.10455124798776926
 0.13665489942957465
 0.070734402978217287
 0.028519341426068594
 0.081964637105824953
 0.061078469601098105
 0.039951793133672087
 0.028398998340834543
 0.040871980259553735
 0.0037873402540363941
 0.011396517503981473
 0.013748010915466798
 0.0071318640285069268
 0.0091879604685794949
 0.0014076131769755215
 0.024902439243280904
 0.016934684535588811
 0.019861910449143823
 1.1707843072784435e-16
 0.0016295742172814836
 0.00012083114062092716
 0.0049025444331790438
 0.003245620300741452
 9.7339471077963874e-17
 0.00045952098608833413
 0.003379702260233119
 0.005207121008371964
 0.012027020242812866
 0.01016102109456025
 5.6752151054252787e-17
 0.019895953623614512
 0.016755887967545416
 0.025164940294009935
 7.5099920772881793e-17
 0.0083552328005790828
 0.006602659311241918
 0.0099755741638072031
 0.0098571639858412077
 0.014848473150277597
 -0.00012083114062066813
 -0.0016295742172812489
 -0.0052071210083717298
 -0.0033797022602328822
 -0.00045952098608808032
 -0.0032456203007412386
 -0.0049025444331788504
 -0.013748010915466574
 -0.011396517503981242
 -0.0037873402540361456
 -0.019861910449143635
 -0.016934684535588603
 -0.02490243924328072
 -0.0014076131769752706
 -0.0091879604685792624
 -0.0071318640285066952
 -0.010161021094560114
 -0.012027020242812752
 -0.0066026593112417471
 -0.0083552328005789302
 -0.025164940294009782
 -0.016755887967545263
 -0.019895953623614338
 -0.0099755741638069897
 -0.014848473150277401
 -0.0098571639858410134
 -0.016354603108031423
 -0.024264676433527265
 -0.04689637603659795
 -0.035332588692098051
 -0.041060199102818787
 -0.030017811587246954
 -0.033215064993705141
 -0.096681035223909709
 -0.083978268279617005
 -0.096189680396556398
 -0.060357975063179026
 -0.072133418675379063
 -0.069940724764189235
 -0.067926620243650787
 -0.071325442971747741
 -0.058918988280791014
 -0.024305061179263777
 -0.01432925311249642
 -0.033549158433009568
 -0.030686411574261309
 -0.042537404251002116
 -0.03648065971226274
 -0.048495880475498757
 -0.050320004797572537
 -0.05097867170834311
 -0.04191139379956612
 -0.12404057063699717
 -0.10934122879884815
 -0.13049429561102863
 -0.12081583553589764
 -0.14738608388948674
 -0.094479987554061798
 -0.07936441762864635
 -0.093931300844055488
 -0.12894145759743597
 -0.12995484712959682
 -0.098391725837922453
 -0.11755784037373886
 -0.09664366313431208
 -0.15762817071664448
 -0.13823501605143906
 -0.13710720768268772
 -0.032462491700684763
 -0.016420562589354638
 -0.063968465746079742
 -0.048319029972668383
 -0.057114272367066503
 -0.053353014453824295
 -0.075970099536903299
 -0.11286449549552842
 -0.094617901881064087
 -0.087833878772492033
 0
 -0.073034485269127342
 -0.044329886125675171
 -0.05754072815395108
 0
 -0.085052532668872846
 -0.0763421039463794
 2.0212578655606265e-18
 -0.010424257583358944
 0
 -0.018749126087169131
 -0.016036812097197088
 1.2111568872055783e-17
 0
 -0.021139396105141137
 -0.032353800912467937
 -0.01798621271989221
 3.4532193515515961e-17
 -0.058715736724503656
 -0.038161813621713191
 2.4450796351294495e-17
 -0.01913567018632522
 -0.019551216906985854
 -0.048930911432333746
 -0.037572592472187825
 -0.056705499368104234
 0
 0.010424257583358952
 0.032353800912467957
 0.021139396105141157
 0
 0.016036812097197099
 0.018749126087169155
 0.093931300844055529
 0.073034485269127383
 0
 0.076342103946379428
 0.085052532668872874
 0.096643663134312122
 0
 0.057540728153951101
 0.044329886125675205
 0.017986212719892272
 0.016420562589354707
 0.019551216906985889
 0.019135670186325268
 0.057114272367066558
 0.038161813621713239
 0.058715736724503691
 0.048930911432333767
 0.056705499368104262
 0.037572592472187853
 0.1299548471295969
 0.12894145759743603
 0.13710720768268778
 0.13823501605143912
 0.15762817071664453
 0.11755784037373891
 0.098391725837922495
 0.096681035223909806
 0.10934122879884824
 0.12404057063699725
 0.079364417628646433
 0.094479987554061881
 0.069940724764189333
 0.14738608388948679
 0.12081583553589771
 0.13049429561102868
 0.03246249170068484
 0.01432925311249651
 0.07597009953690334
 0.053353014453824357
 0.042537404251002213
 0.048319029972668466
 0.063968465746079825
 0.11286449549552847
 0.087833878772492102
 0.094617901881064143
 0.096189680396556509
 0.083978268279617116
 0.058918988280791146
 0.071325442971747866
 0.067926620243650926
 0.072133418675379174
 0.060357975063179137
 0.024264676433527466
 0.016354603108031638
 0.033215064993705308
 0.030017811587247138
 0.041060199102818967
 0.035332588692098238
 0.046896376036598117
 0.024305061179263888
 0.048495880475498868
 0.036480659712262851
 0.030686411574261441
 0.033549158433009721
 0.05032000479757269
 0.041911393799566272
 0.050978671708343241
 -0.59285944647095978
 -0.59285944647095956
 0
 0
 -0.64085310085731517
 -0.45936717423858192
 0
 -0.45936717423858209
 -0.50273841482191861
 -0.6294379074961769
 -0.61101882584019063
 -0.59961419951671791
 -0.6294379074961769
 -0.59961419951671791
 -0.56196833535903479
 -0.49312750730936983
 -0.28563018933246159
 -0.28450863947975963
 0
 -0.28067660630754671
 0
 -0.28450863947975968
 -0.28563018933246165
 -0.49312750730936988
 -0.56196833535903501
 -0.61313465585343951
 -0.62262668462646209
 -0.60688407666015975
 -0.63452039471918742
 -0.63187103561842362
 -0.63910932195484105
 -0.56519016088525798
 -0.60825825951240531
 -0.56796293336846715
 -0.63910932195484094
 -0.63187103561842362
 -0.60688407666015953
 -0.62262668462646198
 -0.6131346558534394
 -0.60825825951240531
 -0.56519016088525786
 -0.58541305397397636
 -0.58449755294229799
 -0.48184635189916403
 -0.54352469054949237
 -0.52055303367827688
 -0.55751613414117185
 -0.49871778626842006
 -0.38246373434284797
 -0.39746246579517164
 -0.14663678286341567
 -0.28710646591811528
 -0.16908562272964733
 -0.40309329941466676
 -0.40501637825178749
 0
 -0.14036898459437833
 -0.13556440235842426
 -0.13885625357047529
 0
 -0.28272819757407441
 -0.40528515475996846
 0
 -0.13885625357047532
 -0.14663678286341569
 -0.14036898459437833
 0
 -0.28272819757407441
 -0.40501637825178749
 -0.16908562272964742
 -0.28710646591811534
 -0.48184635189916414
 -0.39746246579517169
 -0.38246373434284803
 -0.40309329941466682
 -0.49871778626842012
 -0.5205530336782771
 -0.54352469054949248
 -0.5844975529422981
 -0.58541305397397647
 -0.55751613414117185
 -0.60312063801935156
 -0.61184306801586275
 -0.60184109666381214
 -0.62790874275685848
