# Created by Octave 5.1.0, Tue Feb 25 02:05:29 2020 GMT <unknown@Thomas-PC>
# name: u_sol
# type: matrix
# rows: 2178
# columns: 1
 0.0027067835891442017
 -0.0027067835891441878
 0
 0
 1.2595475614149824e-17
 -0.11056129569429909
 0
 0.11056129569429915
 2.8323355249711556e-17
 -0.00064325145152566794
 1.8824150347382097e-17
 0.026772010895163713
 0.00064325145152568778
 -0.026772010895163675
 -0.054294726025158294
 -0.056442351201843023
 -0.15642414789648124
 -0.079357909169309959
 0
 2.2701028641664417e-17
 0
 0.079357909169310001
 0.15642414789648129
 0.056442351201843079
 0.054294726025158335
 0.00018266364203085172
 0.01306117567096874
 0.020048765747496023
 1.4564258225335176e-17
 0.0064286066680772193
 -0.00045788225961923448
 0.020741604420022229
 0.013414292136162034
 2.411139947702017e-17
 0.0004578822596192579
 -0.006428606668077189
 -0.020048765747495995
 -0.013061175670968712
 -0.00018266364203083587
 -0.013414292136161994
 -0.020741604420022184
 -0.027843991984739871
 -0.040161407311069895
 -0.08357474437430451
 -0.061420918736421429
 -0.082124829716537728
 -0.041238988517705556
 -0.0285047864478776
 -0.13720245795439259
 -0.10471134519342021
 -0.1086540410849313
 -0.11909826530210874
 -0.15345706943013795
 -0.070752374742959701
 -0.035661496789669574
 0
 -0.068443872062290537
 1.9409008943326845e-17
 -0.033169740108135941
 0
 -0.039528784446348338
 2.8071024853060438e-17
 0
 0.033169740108135976
 0.10865404108493135
 0.068443872062290578
 0
 0.039528784446348393
 0.035661496789669622
 0.15345706943013798
 0.11909826530210878
 0.083574744374304552
 0.10471134519342026
 0.13720245795439265
 0.070752374742959756
 0.028504786447877652
 0.08212482971653777
 0.061420918736421477
 0.04016140731106993
 0.027843991984739899
 0.041238988517705598
 0.0012405821069998045
 0.010206254870364742
 0.012489419889523946
 0.0062802414361638114
 0.0081424975417054152
 -0.00041104307285136647
 0.024878571400804302
 0.016494918382073055
 0.019852862189573786
 1.3201392249984889e-17
 0.0014571938351263204
 -0.00022334548814116013
 0.0049392487543737365
 0.0031923409253518664
 1.5520923609964482e-17
 -0.0006264192467774043
 0.0029825694890328971
 0.0045769147694850222
 0.012275315533298747
 0.010377284142320319
 2.4789072403945278e-17
 0.020103203707270874
 0.017024131932103677
 0.025486528027136406
 2.1685429471670828e-17
 0.0085200894032992427
 0.0067096180563039265
 0.0097136675821959187
 0.0098939089047424024
 0.014864087776490965
 0.0002233454881411846
 -0.0014571938351262939
 -0.0045769147694849962
 -0.0029825694890328711
 0.00062641924677742751
 -0.0031923409253518356
 -0.0049392487543737026
 -0.012489419889523923
 -0.010206254870364721
 -0.0012405821069997932
 -0.019852862189573751
 -0.01649491838207303
 -0.02487857140080427
 0.0004110430728513835
 -0.0081424975417053944
 -0.0062802414361637872
 -0.010377284142320272
 -0.012275315533298697
 -0.0067096180563038883
 -0.0085200894032992011
 -0.025486528027136367
 -0.017024131932103635
 -0.020103203707270836
 -0.0097136675821958892
 -0.014864087776490929
 -0.0098939089047423677
 -0.015060789421337113
 -0.023785887007172928
 -0.047052956843130746
 -0.035275020051407854
 -0.04089831610523318
 -0.029987809251372965
 -0.033438895023645485
 -0.096975531141374638
 -0.084259490041322938
 -0.096366166741622752
 -0.06066773774871427
 -0.072446030445717166
 -0.070101569196752464
 -0.068055187241367179
 -0.071605625622399249
 -0.059170354153904391
 -0.024570146390578192
 -0.014296451879408438
 -0.033891634204992825
 -0.031040442228331803
 -0.042569316000392141
 -0.036755989551558448
 -0.048788795945248542
 -0.050637798451062768
 -0.051344700070809282
 -0.042254262198463427
 -0.12438174741534881
 -0.10949098997473128
 -0.13113227400864519
 -0.12110563210466488
 -0.14829850906828032
 -0.094536602934264899
 -0.079361185339383356
 -0.09922602208909316
 -0.13118527189486368
 -0.12909285796103226
 -0.09933559071421115
 -0.11930396540110849
 -0.098410099052159306
 -0.15946045970447978
 -0.1400135625838892
 -0.1382600122809953
 -0.032286310562236187
 -0.016218554617455073
 -0.063910101519574825
 -0.048201248534416541
 -0.057343579414842978
 -0.053306518690179251
 -0.076290703319811123
 -0.11335569697290018
 -0.095016903908337946
 -0.087915572832543434
 0
 -0.076521423498615723
 -0.045621725192212373
 -0.059658313883784085
 0
 -0.087718716648415213
 -0.077899019486684845
 1.3516398700869379e-17
 -0.010646365420650075
 0
 -0.019118062763013206
 -0.016470207011029081
 2.1636400062411713e-17
 0
 -0.02161218149986226
 -0.033147247045353177
 -0.017877540127351023
 2.8258059487228474e-17
 -0.059394430521592968
 -0.038284244046826385
 2.3567679585057264e-17
 -0.019164352101515451
 -0.019751438188056906
 -0.050391038334151962
 -0.038358915855236507
 -0.057905131733345189
 0
 0.010646365420650101
 0.033147247045353198
 0.021612181499862285
 0
 0.016470207011029119
 0.019118062763013248
 0.099226022089093216
 0.076521423498615779
 0
 0.077899019486684887
 0.087718716648415254
 0.098410099052159347
 0
 0.05965831388378412
 0.045621725192212415
 0.017877540127351078
 0.016218554617455128
 0.019751438188056952
 0.019164352101515503
 0.057343579414843034
 0.038284244046826441
 0.059394430521593017
 0.050391038334152004
 0.05790513173334523
 0.038358915855236549
 0.12909285796103231
 0.13118527189486373
 0.13826001228099535
 0.14001356258388922
 0.15946045970447983
 0.11930396540110853
 0.099335590714211205
 0.09697553114137468
 0.10949098997473132
 0.12438174741534885
 0.079361185339383397
 0.094536602934264954
 0.070101569196752506
 0.14829850906828038
 0.12110563210466493
 0.13113227400864524
 0.032286310562236242
 0.01429645187940849
 0.076290703319811179
 0.053306518690179307
 0.042569316000392189
 0.048201248534416596
 0.06391010151957488
 0.11335569697290024
 0.08791557283254349
 0.095016903908338002
 0.096366166741622794
 0.084259490041322993
 0.059170354153904425
 0.071605625622399305
 0.068055187241367221
 0.072446030445717222
 0.060667737748714319
 0.023785887007172952
 0.015060789421337137
 0.033438895023645519
 0.029987809251372999
 0.040898316105233208
 0.035275020051407882
 0.04705295684313078
 0.024570146390578241
 0.048788795945248584
 0.036755989551558496
 0.031040442228331848
 0.033891634204992874
 0.05063779845106281
 0.042254262198463469
 0.051344700070809324
 0.0019482147817095786
 0.0068794967572499083
 0.0077909035608350547
 0.0052437302418380984
 0.0060256048979927552
 0.00064933492140109854
 0.016595939929443009
 0.011320230176964249
 0.015127969989271253
 0.0028467648545192465
 0.0033477629989198269
 -0.00056507175919475816
 0.010985640994966614
 0.0071884539997929759
 0.0096782715361790114
 -0.00016659985011339108
 0.0039090180214109947
 0.0045389150922415045
 0.026206215639636238
 0.022359048231588029
 0.023290897748385199
 0.018254045809339134
 0.020671955973574067
 0.022817674196117178
 0.016447381769090667
 0.018550399256218403
 0.014765456570897667
 0.0091473502030250935
 0.012327094618860472
 0.013706602241395631
 1.24503615149226e-17
 0.00028756017217505787
 -0.00011192321122800276
 0.0011537910972492331
 0.00071739114492340179
 1.3974135144885577e-17
 -0.00034327629430077889
 0.00060181027484423205
 0.00092622777261168509
 0.002909602635198941
 0.0024680842001956558
 1.7235314560878503e-17
 0.0048047467089387978
 0.0040639936897649128
 0.0061064802138956894
 1.5639664765259547e-17
 0.0020290631835134295
 0.0015912467302006529
 -0.00065944999253615981
 0.0019884776213796957
 0.0023967848445423053
 0.0012612757534999984
 0.0016128061140450998
 -0.0005557033780175971
 0.0059178678200289183
 0.0037690766938317131
 0.0047048172600765176
 0.0023230057096813765
 0.0035068960668197392
 0.002212758556967215
 0.0065941454717455498
 0.0061248423862088923
 2.6689417578844893e-17
 0.015564269132930394
 0.011321402701113231
 0.016987066047216302
 2.3823927106886433e-17
 0.0056561607243084226
 0.0051874747996684244
 0.023439705001231131
 0.022774438890368363
 0.026543764142786291
 0.015206428987018034
