# Created by Octave 5.1.0, Wed Apr 22 01:31:57 2020 GMT <unknown@Thomas-PC>
# name: contactConvergence
# type: matrix
# rows: 6
# columns: 1
 4.2627772590380291
 4.9630018732355036e-19
 0.09229760450773164
 2.0148796232811669e-19
 1.9428818227645514e-19
 3.9768196873589401e-19


