# Created by Octave 5.1.0, Wed Apr 22 01:18:58 2020 GMT <unknown@Thomas-PC>
# name: contactConvergence
# type: matrix
# rows: 5
# columns: 1
 1.3583664018686628
 1.375078714996141
 6.5052130349130266e-19
 8.6736173798840355e-19
 1.7347234759768071e-18


