# Created by Octave 5.1.0, Wed Apr 22 01:18:14 2020 GMT <unknown@Thomas-PC>
# name: contactConvergence
# type: matrix
# rows: 5
# columns: 1
 1.4357824518418438
 1.07578362118338
 1.7347234759768071e-18
 1.7347234759768071e-18
 2.6020852139652106e-18


