# Created by Octave 5.1.0, Wed Feb 19 18:08:13 2020 GMT <unknown@Thomas-PC>
# name: contactConvergence
# type: matrix
# rows: 7
# columns: 1
 7.7825677151939781
 0.00018768606553884367
 0.091705306249366708
 5.7775059895835409e-19
 5.9751380233454318e-19
 2.404923368656799e-19
 2.6323173066669504e-19


