# Created by Octave 5.1.0, Wed Apr 22 01:22:52 2020 GMT <unknown@Thomas-PC>
# name: contactConvergence
# type: matrix
# rows: 7
# columns: 1
 2.3820176698162343
 1.1910088349081172
 0.89325662618108781
 0.80582009509036179
 1.4094628242311558e-18
 1.463672932855431e-18
 2.7105054312137611e-19


