# Created by Octave 5.1.0, Wed Feb 19 19:49:49 2020 GMT <unknown@Thomas-PC>
# name: contactConvergence
# type: matrix
# rows: 7
# columns: 1
 6.9805437526794902
 2.8745451678398713e-05
 6.2500323299366737e-19
 5.1509161417748734e-19
 3.3223875052293395e-19
 6.1649327192315327e-19
 4.9311461977228714e-19


