# Created by Octave 5.1.0, Wed Feb 19 18:08:13 2020 GMT <unknown@Thomas-PC>
# name: equilibriumConvergence
# type: matrix
# rows: 7
# columns: 1
 1.4070355327604764
 0.31654551779214019
 0.29699406093734254
 0.059336278354039554
 0.00080620108191768747
 2.7529192217933467e-07
 5.4268234871373599e-14


