# Created by Octave 5.1.0, Wed Apr 22 01:18:01 2020 GMT <unknown@Thomas-PC>
# name: equilibriumConvergence
# type: matrix
# rows: 6
# columns: 1
 3.8188130791298733
 0.53917085524523012
 0.20684058017505944
 0.00030849836137951603
 2.8970362978806038e-10
 5.5788020685571516e-15


