# Created by Octave 5.1.0, Wed Feb 19 19:49:49 2020 GMT <unknown@Thomas-PC>
# name: equilibriumConvergence
# type: matrix
# rows: 7
# columns: 1
 1.0283756481152444
 0.46824711867973534
 0.10911928400247145
 0.0087864813473840422
 6.1836472509748825e-05
 3.0117531858863531e-09
 6.8692677535875762e-14


