# Created by Octave 5.1.0, Wed Apr 22 01:22:52 2020 GMT <unknown@Thomas-PC>
# name: equilibriumConvergence
# type: matrix
# rows: 7
# columns: 1
 1.709936417045588
 0.87145226619027405
 0.65546962556931132
 0.57381179166311536
 0.010203639488044354
 5.6736799287870431e-06
 2.8913519028004204e-12


