# Created by Octave 5.1.0, Wed Apr 22 01:18:14 2020 GMT <unknown@Thomas-PC>
# name: equilibriumConvergence
# type: matrix
# rows: 5
# columns: 1
 2.2325600314953289
 1.6839437510255997
 0.073339952463091398
 6.164639414560332e-05
 1.5931081334257089e-10


