# Created by Octave 5.1.0, Wed Apr 22 01:31:57 2020 GMT <unknown@Thomas-PC>
# name: equilibriumConvergence
# type: matrix
# rows: 6
# columns: 1
 1.5437060541330874
 0.28878489344605007
 0.017252439410680741
 0.0001281357138732585
 5.529057032439946e-09
 1.8053552912383277e-14


