# Created by Octave 5.1.0, Wed Apr 22 01:18:58 2020 GMT <unknown@Thomas-PC>
# name: equilibriumConvergence
# type: matrix
# rows: 5
# columns: 1
 1.8983368653134536
 0.964345329872212
 0.034841776285555667
 4.0399138364849862e-05
 1.6921278786537611e-10


