# Created by Octave 5.1.0, Wed Apr 22 01:18:14 2020 GMT <unknown@Thomas-PC>
# name: lambda_sol
# type: matrix
# rows: 5
# columns: 1
 0
 0
 -7.3191912045115455
 0
 0


