# Created by Octave 5.1.0, Wed Apr 22 01:22:52 2020 GMT <unknown@Thomas-PC>
# name: lambda_sol
# type: matrix
# rows: 17
# columns: 1
 0
 0
 0
 0
 0
 0
 0
 0
 -23.352514269716586
 0
 0
 0
 0
 0
 0
 0
 0


