# Created by Octave 5.1.0, Wed Apr 22 01:18:01 2020 GMT <unknown@Thomas-PC>
# name: u_sol
# type: matrix
# rows: 18
# columns: 1
 0.0012310011240807598
 -0.0012310011240807784
 0
 0
 -2.1398909174951333e-17
 -0.026674879025229501
 0
 0.026674879025229466
 2.0627737816773829e-17
 -0.1754081415059395
 -0.17540814150593953
 0
 0
 -0.10000000000000003
 -0.12340845426810629
 0
 -0.12340845426810629
 -0.11983615460056976


