# Created by Octave 5.1.0, Wed Apr 22 01:18:14 2020 GMT <unknown@Thomas-PC>
# name: u_sol
# type: matrix
# rows: 50
# columns: 1
 0.0072970321273236622
 -0.0072970321273236483
 0
 0
 -1.8900106920054837e-17
 -0.027235617469870983
 0
 0.027235617469870976
 -4.6733731577375368e-20
 0.0036878394748668416
 -6.5875100421241843e-18
 0.0010233664100625004
 -0.0036878394748668534
 -0.0010233664100625052
 -0.0095828723830135749
 -0.012644413006024943
 -0.038672589727339467
 -0.015937606924954998
 0
 -1.6963165935067573e-18
 0
 0.015937606924954995
 0.038672589727339474
 0.012644413006024941
 0.0095828723830135767
 -0.183522840661761
 -0.183522840661761
 0
 0
 -0.099999999999999964
 -0.13311652901786986
 0
 -0.13311652901786986
 -0.12941635379024374
 -0.16571908247955514
 -0.13347961645460846
 -0.16287250603896869
 -0.16571908247955516
 -0.16287250603896869
 -0.16862581310290894
 -0.13616014480162245
 -0.086558760556643966
 -0.079086184628742853
 0
 -0.074051114042986602
 0
 -0.079086184628742839
 -0.086558760556643966
 -0.13616014480162247
 -0.16862581310290894


