# Created by Octave 5.1.0, Wed Apr 22 01:18:58 2020 GMT <unknown@Thomas-PC>
# name: u_sol
# type: matrix
# rows: 162
# columns: 1
 0.013483955853128194
 -0.013483955853128263
 0
 0
 -3.0870631759000783e-17
 -0.028219973330296695
 0
 0.028219973330296678
 -4.2595934988039645e-19
 0.011252863061785119
 -1.8443484482503402e-17
 0.0012423443984641959
 -0.011252863061785178
 -0.0012423443984642278
 -0.010548872540380672
 -0.01195202828073315
 -0.043262900053392353
 -0.018942767776282881
 0
 -6.6106016453806362e-19
 0
 0.018942767776282881
 0.043262900053392346
 0.011952028280733138
 0.010548872540380642
 0.012572459013640529
 0.0020353689425568434
 0.0054021612786563766
 -2.0917404717847702e-17
 -0.0011132969858866101
 0.0071609373441190579
 0.001150143195869147
 -0.0014219893099702871
 -9.0075631620068381e-18
 -0.0071609373441191152
 0.0011132969858865616
 -0.0054021612786564277
 -0.0020353689425568924
 -0.012572459013640595
 0.0014219893099702554
 -0.0011501431958691644
 -0.0084798805245180821
 -0.0054556667238003257
 -0.019869206292639795
 -0.011122139609894078
 -0.018133503631070611
 -0.0053279647059973397
 -0.005125604166828752
 -0.037509640597175001
 -0.027597119112143818
 -0.023251265456536083
 -0.031087789984463144
 -0.039273039929718971
 -0.017428702137190201
 -0.0083577277452028392
 0
 -0.013657221113442154
 2.3271697151765846e-18
 -0.0063287241143618334
 0
 -0.0089335012589010099
 2.9058934035444308e-18
 0
 0.0063287241143618342
 0.023251265456536076
 0.013657221113442152
 0
 0.0089335012589010134
 0.0083577277452028427
 0.039273039929718964
 0.031087789984463134
 0.019869206292639777
 0.027597119112143801
 0.037509640597174987
 0.017428702137190191
 0.0051256041668287467
 0.01813350363107059
 0.011122139609894053
 0.0054556667238002928
 0.0084798805245180353
 0.0053279647059973224
 -0.19697201252260421
 -0.19697201252260427
 0
 0
 -0.099999999999999978
 -0.14147091687542737
 0
 -0.14147091687542734
 -0.13918937158067052
 -0.17765550817983042
 -0.14578008548888921
 -0.17226673196827147
 -0.17765550817983045
 -0.1722667319682715
 -0.17958700865901689
 -0.14461042117920525
 -0.090091456430029651
 -0.085111875862186867
 0
 -0.081540137066974466
 0
 -0.085111875862186867
 -0.090091456430029637
 -0.14461042117920525
 -0.17958700865901683
 -0.1906173478586205
 -0.17712474293977118
 -0.18784295303205584
 -0.13043696558511966
 -0.15718627716076508
 -0.15129785935988482
 -0.15411828090546847
 -0.15904831717228676
 -0.14821335397661464
 -0.15129785935988482
 -0.15718627716076511
 -0.18784295303205586
 -0.17712474293977121
 -0.19061734785862053
 -0.15904831717228679
 -0.1541182809054685
 -0.19156189818106781
 -0.17967657574942267
 -0.14662512396977623
 -0.16605594344307839
 -0.16266465791464804
 -0.16194414002087837
 -0.1402113354520034
 -0.11855093154325592
 -0.12126993609272663
 -0.044922553303815158
 -0.088045426376930566
 -0.054021003230317777
 -0.1193123682201904
 -0.11644816063033622
 0
 -0.043639135225938687
 -0.041969606052426188
 -0.043032154314497063
 0
 -0.083143751369514296
 -0.11482090819416288
 0
 -0.043032154314497056
 -0.044922553303815164
 -0.04363913522593868
 0
 -0.083143751369514296
 -0.11644816063033622
 -0.054021003230317777
 -0.088045426376930566
 -0.1466251239697762
 -0.12126993609272661
 -0.11855093154325591
 -0.11931236822019038
 -0.14021133545200337
 -0.16266465791464801
 -0.16605594344307836
 -0.17967657574942264
 -0.19156189818106775
 -0.16194414002087834


