# Created by Octave 5.1.0, Wed Apr 22 01:22:52 2020 GMT <unknown@Thomas-PC>
# name: u_sol
# type: matrix
# rows: 578
# columns: 1
 0.016144775356056747
 -0.016144775356056799
 0
 0
 -1.8977177605717594e-17
 -0.029475501249640691
 0
 0.029475501249640674
 -6.9926504423953769e-18
 0.016822213405388461
 -1.4042648072261173e-17
 0.0016969837296971239
 -0.01682221340538851
 -0.0016969837296971601
 -0.012118518034910406
 -0.012263612156070792
 -0.046389420162194231
 -0.020697370055061656
 0
 -1.6445856537906584e-19
 0
 0.020697370055061653
 0.046389420162194217
 0.012263612156070778
 0.012118518034910377
 0.015979210464211125
 0.0039276423345876227
 0.0081095326896116603
 -2.0790957970209616e-17
 -0.0010719868299956575
 0.014127629969796059
 0.0014160125675615777
 -0.0016428386655568863
 -1.1743459747589689e-17
 -0.014127629969796109
 0.0010719868299956144
 -0.0081095326896117002
 -0.0039276423345876652
 -0.01597921046421117
 0.0016428386655568511
 -0.0014160125675616018
 -0.011365588295512164
 -0.0066557445373945211
 -0.020459587762846343
 -0.011724336444095851
 -0.019029518573263998
 -0.0056473519021393685
 -0.0053818540413221949
 -0.039813097254476244
 -0.029069188172657939
 -0.026576844264233242
 -0.033494295274335339
 -0.042618537794135145
 -0.018372468921906557
 -0.0087607986028723668
 0
 -0.015286292157047488
 1.5705900603143398e-18
 -0.0069910218487820933
 0
 -0.0097352655722905811
 -5.4715934118083556e-18
 0
 0.0069910218487820976
 0.026576844264233238
 0.015286292157047486
 0
 0.0097352655722905811
 0.0087607986028723599
 0.042618537794135138
 0.033494295274335333
 0.020459587762846322
 0.029069188172657936
 0.03981309725447623
 0.018372468921906547
 0.0053818540413221802
 0.019029518573263977
 0.011724336444095823
 0.0066557445373944873
 0.011365588295512121
 0.0056473519021393442
 0.015852270874661043
 0.011528806252165513
 0.012398365587729479
 0.0088272379751919497
 0.010421395440992765
 0.016441508280919049
 0.0041633457000338258
 0.0062088124862523823
 0.0017616390596941871
 -1.6215087417423614e-17
 3.255960939422084e-05
 0.0085944918369799291
 -0.002283708299495397
 -0.0022134251242097343
 -1.8054675685068043e-17
 0.016417579222466519
 0.0032861281709983415
 0.0064748324702372023
 0.0014143847773615292
 0.00036771956483252767
 -9.7128487892478239e-18
 -0.00036756308987848481
 -0.00031823029249001129
 0.001043610587790896
 -1.2971180630333732e-17
 -0.00066142976840569622
 -0.0016033921132224249
 0.0013533531835933262
 -0.002162732627681436
 -0.00052428293751632894
 -0.0085944918369799776
 -3.2559609394262426e-05
 -0.00647483247023725
 -0.0032861281709983883
 -0.016417579222466568
 0.0022134251242096905
 0.0022837082994953597
 -0.012398365587729521
 -0.011528806252165557
 -0.015852270874661088
 -0.0017616390596942252
 -0.0062088124862524231
 -0.0041633457000338605
 -0.016441508280919094
 -0.010421395440992806
 -0.0088272379751919931
 -0.00036771956483255147
 -0.0014143847773615487
 0.001603392113222391
 0.0006614297684056676
 -0.0010436105877909224
 0.00031823029248998375
 0.00036756308987845158
 -0.0013533531835933695
 0.00052428293751629056
 0.002162732627681397
 -0.013292489308173751
 -0.0097330871132069539
 -0.0092663465503362626
 -0.0086150680734687797
 -0.010898996181942728
 -0.0064464653189716557
 -0.0041192088107924098
 -0.024879128004379018
 -0.019773921601797008
 -0.024035438306430682
 -0.012160238701040167
 -0.015831758020947058
 -0.016234971105462369
 -0.014927223226777253
 -0.015200599780299898
 -0.011566127193626027
 -0.0033595904363474633
 -0.0025402253433969117
 -0.0031510343287780747
 -0.0032192931128294682
 -0.0086244993143084099
 -0.0058319929762427865
 -0.0087968787022735685
 -0.0085322473274356495
 -0.0085265579941449544
 -0.0057115068968404707
 -0.034827938049015177
 -0.02992099938493473
 -0.03816788999503281
 -0.034521412118080019
 -0.043884528561143513
 -0.02500031479536944
 -0.020177082791209645
 -0.021327109783622511
 -0.034372971018555416
 -0.032281050356396349
 -0.026900231543558521
 -0.032132532779988204
 -0.025271164907356446
 -0.046430637266245807
 -0.039458586146542809
 -0.040156527848629484
 -0.0073009800392228588
 -0.0036444484275938685
 -0.015564258362433482
 -0.011257322416077294
 -0.014759840945822182
 -0.013406653071985037
 -0.020248447084752121
 -0.032137082723371645
 -0.026084547744257926
 -0.023631077299493843
 0
 -0.015787283545270116
 -0.0088228253173287217
 -0.011900529403254766
 0
 -0.020398664925939222
 -0.019189279077098775
 4.1896664890496549e-18
 -0.0019248551290359558
 0
 -0.0043652689270328423
 -0.003411332599602883
 -9.0665154804408868e-20
 0
 -0.0039764340911554764
 -0.0062378441074428977
 -0.0043467692065803374
 -5.6651722700767956e-18
 -0.014993959278698283
 -0.0096263865570224427
 -1.2511079546653097e-18
 -0.0047564990190372552
 -0.0047927052866710024
 -0.010891850799147323
 -0.0089022301376824528
 -0.013786985164192651
 0
 0.0019248551290359552
 0.0062378441074428985
 0.003976434091155479
 0
 0.0034113325996028869
 0.0043652689270328431
 0.021327109783622511
 0.015787283545270113
 0
 0.019189279077098772
 0.020398664925939225
 0.025271164907356446
 0
 0.011900529403254765
 0.0088228253173287165
 0.0043467692065803304
 0.0036444484275938564
 0.004792705286671005
 0.0047564990190372526
 0.014759840945822177
 0.0096263865570224375
 0.014993959278698277
 0.010891850799147321
 0.013786985164192651
 0.0089022301376824563
 0.032281050356396342
 0.034372971018555409
 0.040156527848629477
 0.039458586146542803
 0.046430637266245793
 0.032132532779988204
 0.026900231543558518
 0.024879128004379001
 0.02992099938493472
 0.034827938049015163
 0.020177082791209638
 0.025000314795369426
 0.016234971105462351
 0.043884528561143506
 0.034521412118080012
 0.038167889995032796
 0.0073009800392228458
 0.0025402253433968957
 0.020248447084752114
 0.013406653071985028
 0.008624499314308396
 0.011257322416077279
 0.015564258362433473
 0.032137082723371638
 0.02363107729949384
 0.026084547744257919
 0.024035438306430665
 0.019773921601796991
 0.011566127193626001
 0.015200599780299872
 0.01492722322677722
 0.015831758020947034
 0.012160238701040148
 0.009733087113206914
 0.013292489308173706
 0.0041192088107923795
 0.0064464653189716201
 0.010898996181942693
 0.0086150680734687415
 0.0092663465503362331
 0.003359590436347443
 0.0087968787022735476
 0.0058319929762427657
 0.0032192931128294439
 0.0031510343287780435
 0.0085322473274356218
 0.0057115068968404412
 0.0085265579941449302
 -0.20651695777433288
 -0.2065169577743329
 0
 0
 -0.099999999999999964
 -0.14765155705900668
 0
 -0.14765155705900665
 -0.1456465722697099
 -0.18850576969576638
 -0.15679018728895822
 -0.18034357391233816
 -0.18850576969576638
 -0.18034357391233816
 -0.18834162799307794
 -0.1510568616995836
 -0.092773574769457468
 -0.089150472967918171
 0
 -0.086193177598260437
 0
 -0.089150472967918157
 -0.092773574769457468
 -0.1510568616995836
 -0.18834162799307791
 -0.20061369592787393
 -0.18677656192032879
 -0.19743063041630296
 -0.14058694720912993
 -0.16566742286313269
 -0.16126695471170799
 -0.16149597412780398
 -0.16689381232101183
 -0.15728854716052726
 -0.16126695471170799
 -0.16566742286313269
 -0.19743063041630296
 -0.18677656192032879
 -0.20061369592787393
 -0.16689381232101183
 -0.16149597412780398
 -0.20134434373929427
 -0.18811843906032497
 -0.15312078571601839
 -0.17344408144466159
 -0.17000301091216952
 -0.16909409380363918
 -0.14684370163393623
 -0.12257804811013945
 -0.12637182672814973
 -0.047635539786606222
 -0.091726058899533086
 -0.056525901201655265
 -0.12469383809108266
 -0.12198607191284194
 0
 -0.045733631497241259
 -0.044562660960999506
 -0.045096231964578487
 0
 -0.087221500808807764
 -0.12073586587183054
 0
 -0.045096231964578494
 -0.047635539786606222
 -0.045733631497241259
 0
 -0.087221500808807764
 -0.12198607191284194
 -0.056525901201655258
 -0.091726058899533072
 -0.15312078571601836
 -0.12637182672814973
 -0.12257804811013943
 -0.12469383809108266
 -0.14684370163393623
 -0.17000301091216952
