# Created by Octave 5.1.0, Wed Apr 22 01:31:57 2020 GMT <unknown@Thomas-PC>
# name: u_sol
# type: matrix
# rows: 2178
# columns: 1
 0.016892914229657701
 -0.016892914229657774
 0
 0
 -3.3073064068849804e-17
 -0.030761275090876724
 0
 0.030761275090876696
 -1.5336894252038049e-17
 0.019309679980053677
 -2.298728284044305e-17
 0.0025004806726716699
 -0.01930967998005375
 -0.0025004806726717163
 -0.013744978666418037
 -0.012960206915578755
 -0.048311615000223726
 -0.021725446445250728
 0
 -3.9228688544235414e-18
 0
 0.021725446445250717
 0.048311615000223712
 0.012960206915578729
 0.013744978666417986
 0.017136328230583499
 0.0055629205032088642
 0.010057162557988086
 -2.8362239026203201e-17
 -0.00086322227154539107
 0.020099222233307339
 0.0018662349234858284
 -0.0014618758207379586
 -1.8911894483299401e-17
 -0.020099222233307408
 0.00086322227154533415
 -0.010057162557988148
 -0.0055629205032089232
 -0.017136328230583576
 0.0014618758207379102
 -0.001866234923485867
 -0.013294816994475296
 -0.0080487433605249178
 -0.021411979139017368
 -0.012758289162459087
 -0.020305054021844151
 -0.0063567062131429384
 -0.005828669338998298
 -0.04144232163879686
 -0.030255204839276063
 -0.028249198906840287
 -0.034974506664684449
 -0.044589268371749251
 -0.019194419974452731
 -0.0091502199385274079
 0
 -0.016187964611047507
 1.5147181023246527e-19
 -0.0073855851387010273
 0
 -0.010236426857172591
 -7.5530439618721737e-18
 0
 0.0073855851387010273
 0.02824919890684028
 0.016187964611047503
 0
 0.010236426857172586
 0.0091502199385273889
 0.044589268371749244
 0.034974506664684442
 0.02141197913901734
 0.030255204839276045
 0.041442321638796846
 0.019194419974452714
 0.0058286693389982677
 0.020305054021844113
 0.012758289162459049
 0.0080487433605248675
 0.013294816994475234
 0.0063567062131429002
 0.016756486204362136
 0.013408885792417155
 0.014116237716769975
 0.011229127818494843
 0.012554429165769617
 0.018067353436729661
 0.0056239236225572049
 0.0080825757225838034
 0.0028332447139592497
 -3.3294246587019726e-17
 6.9429658327810819e-05
 0.014967118675572554
 -0.0024163881564895472
 -0.0026771959347469689
 -2.6260932269126565e-17
 0.020379507781163687
 0.0050513054016288013
 0.0089228259827367432
 0.0017467446468343493
 0.00067215035199055426
 -1.648282610837188e-17
 7.3334168192651836e-05
 2.7344736154736031e-05
 0.0015385783890468848
 -2.1108448524951698e-17
 -0.00041794700691992638
 -0.0014866770531670763
 0.0024399237460879649
 -0.0021402612909653673
 1.4360103484488129e-05
 -0.014967118675572622
 -6.9429658327872524e-05
 -0.0089228259827368074
 -0.0050513054016288654
 -0.020379507781163753
 0.0026771959347469117
 0.0024163881564894952
 -0.014116237716770043
 -0.013408885792417224
 -0.016756486204362209
 -0.002833244713959304
 -0.0080825757225838658
 -0.0056239236225572595
 -0.018067353436729737
 -0.012554429165769685
 -0.011229127818494907
 -0.0006721503519905921
 -0.0017467446468343831
 0.0014866770531670299
 0.00041794700691988258
 -0.0015385783890469278
 -2.734473615477947e-05
 -7.3334168192700435e-05
 -0.0024399237460880244
 -1.436010348454011e-05
 0.0021402612909653144
 -0.014892419826526027
 -0.011695259050151733
 -0.010811336411514301
 -0.010432752101898288
 -0.012754807214346161
 -0.0081434408914738497
 -0.0052612689822833679
 -0.025982469901870024
 -0.020882598202130072
 -0.025259685636063487
 -0.013006518486527778
 -0.016812445847566412
 -0.017053392958258692
 -0.016337918511037493
 -0.016365964411541745
 -0.01287445403666632
 -0.0038454422786022625
 -0.0028028242581440276
 -0.0038683085457561508
 -0.003783782081892454
 -0.0092041431280163368
 -0.006430970209117929
 -0.0095129272471565062
 -0.0096953724462854919
 -0.0094021833630882519
 -0.0066695879180836866
 -0.036292594752272478
 -0.031148065573657298
 -0.039710421439551245
 -0.035903447679403531
 -0.045671610908919726
 -0.02605035154479661
 -0.021074288117310658
 -0.023305503307599566
 -0.036214162135251048
 -0.033925798516625361
 -0.028164447762373743
 -0.033730814066526844
 -0.026630776714909019
 -0.048437444371799664
 -0.041269777503091527
 -0.041850053839258425
 -0.0076731172363235242
 -0.0037811740664453492
 -0.016309797839234454
 -0.011833283145747992
 -0.015455293348026535
 -0.014023873335162456
 -0.021173291773577994
 -0.03347219545979746
 -0.02721915888709768
 -0.024637524521749443
 0
 -0.01690401413872257
 -0.009301006240867906
 -0.012610450749984568
 0
 -0.021655240625025413
 -0.020250559682269149
 1.9425950657832011e-18
 -0.0020340199067867947
 0
 -0.004605138977626844
 -0.00360565335529086
 -1.0817907622017162e-18
 0
 -0.0041859897554503162
 -0.00656253913702959
 -0.0045159561482750795
 -1.0254945778359381e-17
 -0.015761537944069062
 -0.010078329700113211
 -4.6525425632897293e-18
 -0.0049693488637662661
 -0.0050349133623590198
 -0.011514106230494828
 -0.0093952493357878919
 -0.014553107622463505
 0
 0.0020340199067867978
 0.0065625391370295891
 0.0041859897554503197
 0
 0.0036056533552908613
 0.0046051389776268423
 0.023305503307599559
 0.01690401413872257
 0
 0.020250559682269142
 0.021655240625025409
 0.026630776714909012
 0
 0.012610450749984565
 0.0093010062408679043
 0.0045159561482750613
 0.0037811740664453254
 0.0050349133623590146
 0.0049693488637662531
 0.015455293348026521
 0.010078329700113199
 0.015761537944069051
 0.011514106230494826
 0.014553107622463502
 0.0093952493357878902
 0.033925798516625354
 0.036214162135251041
 0.041850053839258411
 0.041269777503091513
 0.04843744437179965
 0.033730814066526837
 0.028164447762373732
 0.025982469901869996
 0.031148065573657274
 0.036292594752272457
 0.021074288117310637
 0.026050351544796589
 0.017053392958258664
 0.045671610908919712
 0.035903447679403511
 0.039710421439551231
 0.0076731172363234991
 0.0028028242581439981
 0.02117329177357798
 0.014023873335162439
 0.0092041431280163091
 0.011833283145747971
 0.016309797839234429
 0.033472195459797446
 0.024637524521749429
 0.027219158887097666
 0.025259685636063456
 0.020882598202130037
 0.012874454036666276
 0.016365964411541707
 0.016337918511037448
 0.016812445847566377
 0.013006518486527747
 0.011695259050151672
 0.014892419826525959
 0.0052612689822833193
 0.0081434408914737924
 0.012754807214346103
 0.010432752101898231
 0.010811336411514251
 0.0038454422786022291
 0.0095129272471564733
 0.0064309702091178943
 0.003783782081892415
 0.0038683085457561087
 0.0096953724462854485
 0.0066695879180836424
 0.0094021833630882137
 0.016783990815262339
 0.015485529971455218
 0.01564588939391991
 0.01532245628672721
 0.015378124580195525
 0.01687021404484066
 0.012225327481428943
 0.013766614082351596
 0.011601555763296691
 0.015082165791067147
 0.015236300457181048
 0.018672009919812525
 0.0091521540462511878
 0.011977883070889851
 0.0080203286049631336
 0.017543624673940432
 0.015288918228165036
 0.015302710201298366
 0.0038071128532000433
 0.0042554921414111792
 0.0024123554522004751
 0.0091269721313231925
 0.0065819293976404078
 0.007782467078970897
 0.003854526123697384
 0.0052714155159068613
 0.0069000745021429747
 0.01301635923064445
 0.010100566715852887
 0.010904713846069548
 -3.2909895463527391e-17
 0.0011061007511259011
 0.0083601377622229463
 -0.0020354140480104738
 -0.0013747642108081792
 -2.8026946649234946e-17
 0.01853184161237896
 0.0048914513846976026
 0.0084889244715691346
 -0.0011905806714610551
 -0.001505293594081256
 -2.4839947492441231e-17
 -0.0021343951240000943
 -0.0027028289644908127
 -0.0026463001660368478
 -2.7469577541433041e-17
 -0.001804816767143386
 -0.0020339190051624737
 0.019913012088661846
 0.014089797622241834
 0.01473987035232942
 0.011172245367974962
 0.01296943722000001
 0.020540086993652194
 0.0032390713405124976
 0.0072070364794406434
 0.0012587343743400297
 -0.0019904844488889705
 -0.00064002163095069344
 0.0025418391303304025
 0.0011020553290722532
 0.00084196807217861509
 -1.5341702369637616e-17
 0.0011835367277310805
 0.001212910896898645
 0.0019613492967081032
 -1.7290706595907839e-17
 0.00057345886054615636
