# Created by Octave 5.1.0, Wed Apr 22 01:18:24 2020 GMT <unknown@Thomas-PC>
# name: contactConvergence
# type: matrix
# rows: 6
# columns: 1
 0.80268678451382314
 1.2945992152949815
 3.4694469519536142e-18
 8.6736173798840355e-19
 3.4694469519536142e-18
 2.6020852139652106e-18


