# Created by Octave 5.1.0, Wed Apr 22 01:18:03 2020 GMT <unknown@Thomas-PC>
# name: contactConvergence
# type: matrix
# rows: 6
# columns: 1
 0
 0.048306148717683003
 0
 0
 0
 6.9388939039072284e-18


