# Created by Octave 5.1.0, Wed Apr 22 01:19:35 2020 GMT <unknown@Thomas-PC>
# name: contactConvergence
# type: matrix
# rows: 7
# columns: 1
 0.64227191199750955
 0.48170393399813211
 0.51210858011362492
 1.951563910473908e-18
 1.0842021724855044e-18
 8.6736173798840355e-19
 1.5178830414797062e-18


