# Created by Octave 5.1.0, Wed Apr 22 02:23:27 2020 GMT <unknown@Thomas-PC>
# name: contactConvergence
# type: matrix
# rows: 26
# columns: 1
 0.44617967153946231
 0.22308983576973115
 0.20914672103412296
 0.10457336051706148
 1.1569826037167515e-18
 1.0993257698162311e-18
 1.7391115278893488e-18
 2.522266521569517e-18
 1.5155192920117984e-18
 2.8028119580355166e-18
 1.6944595989462986e-18
 2.1711670188537417e-18
 3.6097002634243892e-18
 3.6665627885412404e-18
 2.7454184428490503e-18
 3.6823533565935462e-18
 3.3554786027510412e-18
 4.4681942897315179e-18
 0.75783040240684696
 1.3065656032065589
 1.0862783800904872
 8.0236845968428337e-06
 9.4567122277592779e-19
 6.2547519026180611e-19
 4.7433845046240819e-19
 1.1973103586899442e-18


