# Created by Octave 5.1.0, Wed Apr 22 01:25:38 2020 GMT <unknown@Thomas-PC>
# name: contactConvergence
# type: matrix
# rows: 8
# columns: 1
 0.91240473970310532
 0.45620236985155266
 0.22810118492577633
 0.28475164304311423
 1.2231155758352097e-18
 7.9959910220805952e-19
 7.2167207106066389e-19
 9.893344823930228e-19


