# Created by Octave 5.1.0, Tue Feb 25 14:59:54 2020 GMT <unknown@Thomas-PC>
# name: contactConvergence
# type: matrix
# rows: 16
# columns: 1
 0.96003849302394761
 0.95078126912541638
 4.0890139454495246e-19
 0.00024452970290999139
 0.00021396349004624269
 0.0047960063338676646
 0.0044962559380009358
 0.0039342239457508185
 4.9152206782725238e-19
 4.0237405245724247e-19
 4.959731502117724e-19
 2.8760163169586426e-19
 3.6564495228746318e-19
 9.8413444706490295e-06
 9.5338024559411868e-06
 1.499017345222722e-05


