# Created by Octave 5.1.0, Wed Apr 22 01:25:38 2020 GMT <unknown@Thomas-PC>
# name: equilibriumConvergence
# type: matrix
# rows: 8
# columns: 1
 0.8899634105650468
 0.46021463875973684
 0.24756911243154511
 0.045539865771661005
 0.0027976944446263469
 2.0402044006040554e-05
 1.2181940960181078e-09
 1.0183643764157576e-14


