# Created by Octave 5.1.0, Wed Apr 22 01:18:03 2020 GMT <unknown@Thomas-PC>
# name: equilibriumConvergence
# type: matrix
# rows: 6
# columns: 1
 3.8188130791298733
 2.2412822776792614
 0.27397751388238695
 0.00082367001633979104
 1.0745701916982293e-08
 4.0233865538889318e-16


