# Created by Octave 5.1.0, Wed Apr 22 02:23:27 2020 GMT <unknown@Thomas-PC>
# name: equilibriumConvergence
# type: matrix
# rows: 26
# columns: 1
 0.52421140203522298
 0.26786946983705734
 0.26829798425379386
 0.21796467407478273
 0.11305607826543035
 0.11781753049715407
 0.11821700194536583
 0.11825144167256915
 0.1168615518924138
 0.11485939370742956
 0.11529013773784981
 0.11529722688882413
 0.11460088218829496
 0.15431859894189748
 0.19377413170350286
 0.25211815027336126
 0.37919288627920139
 0.86869304530719038
 7.2910532828764785
 0.52051144247839753
 0.4411718345463454
 0.075736671116051202
 0.0094974225174275315
 0.00045071901242776881
 1.0944688811251105e-06
 6.4515130729315456e-12


