# Created by Octave 5.1.0, Tue Feb 25 14:59:54 2020 GMT <unknown@Thomas-PC>
# name: equilibriumConvergence
# type: matrix
# rows: 16
# columns: 1
 0.40452132953249781
 0.3981446432162743
 1.0370594596127403
 0.41673835949357724
 0.36874455986454718
 0.34700090211826645
 0.3328872485705992
 0.31291600286115856
 0.13416212528793467
 0.11623246003932935
 0.10775175446970785
 0.098239188095666063
 0.091889012099171566
 0.046995523539518226
 0.046867885415189811
 0.078598992530715686


