# Created by Octave 5.1.0, Wed Apr 22 01:18:24 2020 GMT <unknown@Thomas-PC>
# name: equilibriumConvergence
# type: matrix
# rows: 6
# columns: 1
 1.9773334748355944
 1.5126143285645663
 0.15752718251346529
 0.0017498337968770861
 5.4252850519271032e-07
 6.3560220844755885e-14


