# Created by Octave 5.1.0, Wed Apr 22 01:19:35 2020 GMT <unknown@Thomas-PC>
# name: equilibriumConvergence
# type: matrix
# rows: 7
# columns: 1
 1.3207930440621904
 0.9944924593530633
 0.93272343201323926
 0.061714616579354252
 0.00048762236503690375
 5.2048556464271797e-08
 3.1442847249475035e-15


