# Created by Octave 5.1.0, Wed Apr 22 01:19:35 2020 GMT <unknown@Thomas-PC>
# name: lambda_sol
# type: matrix
# rows: 9
# columns: 1
 0
 0
 0
 0
 -4.9983267547136121
 0
 0
 0
 0


