# Created by Octave 5.1.0, Wed Apr 22 02:23:27 2020 GMT <unknown@Thomas-PC>
# name: lambda_sol
# type: matrix
# rows: 33
# columns: 1
 0
 0
 0
 0
 0
 0
 0
 0
 0
 0
 0
 0
 0
 0
 -0.1049283986930372
 0
 -5.2667870167613984
 0
 -0.10492839869303802
 0
 0
 0
 0
 0
 0
 0
 0
 0
 0
 0
 0
 0
 0


