# Created by Octave 5.1.0, Wed Apr 22 01:18:03 2020 GMT <unknown@Thomas-PC>
# name: u_sol
# type: matrix
# rows: 18
# columns: 1
 0.0090962043707836851
 -0.0090962043707836643
 0
 0
 1.1758021770547831e-17
 -0.023267926720589215
 0
 0.023267926720589225
 2.12663239928977e-18
 -0.14657453289977904
 -0.14657453289977901
 0
 0
 -0.10000000000000003
 -0.096305345705646528
 0
 -0.096305345705646542
 -0.095750514962103184


