# Created by Octave 5.1.0, Wed Apr 22 01:18:24 2020 GMT <unknown@Thomas-PC>
# name: u_sol
# type: matrix
# rows: 50
# columns: 1
 0.011508095535637195
 -0.011508095535637192
 0
 0
 2.5859517507404326e-18
 -0.025602396882677403
 0
 0.025602396882677403
 3.205738262818848e-19
 0.0058130245846477382
 1.4050124063614312e-18
 0.0059263844308712621
 -0.005813024584647733
 -0.0059263844308712595
 -0.01562532201202594
 -0.011948356306116761
 -0.028148509186848494
 -0.01030458735544911
 0
 -8.6961638725015713e-19
 0
 0.010304587355449108
 0.028148509186848494
 0.011948356306116759
 0.01562532201202594
 -0.14764993058340314
 -0.14764993058340314
 0
 0
 -0.099999999999999964
 -0.10048248274339748
 0
 -0.10048248274339749
 -0.099223974962676514
 -0.1399693764531523
 -0.11724401292719495
 -0.13056706053215592
 -0.1399693764531523
 -0.13056706053215592
 -0.13207514656001104
 -0.10188429186994039
 -0.060264773795986312
 -0.055822355449257718
 0
 -0.054395817674650314
 0
 -0.055822355449257725
 -0.060264773795986312
 -0.1018842918699404
 -0.13207514656001104


