# Created by Octave 5.1.0, Wed Apr 22 01:19:35 2020 GMT <unknown@Thomas-PC>
# name: u_sol
# type: matrix
# rows: 162
# columns: 1
 0.011237617707164603
 -0.011237617707164577
 0
 0
 1.7597938212407736e-17
 -0.028056460959968107
 0
 0.028056460959968117
 5.4509706398265371e-18
 0.0079277358639902439
 1.0083481581751787e-17
 0.0073435384174513514
 -0.0079277358639902162
 -0.0073435384174513323
 -0.017095343212292054
 -0.013059107996883328
 -0.031324821617907853
 -0.011841033126034621
 0
 1.5398778775757302e-18
 0
 0.011841033126034625
 0.031324821617907853
 0.013059107996883338
 0.017095343212292072
 0.0097911539762350376
 0.0058935298468960314
 0.0093601322315688788
 1.1349043171190652e-17
 0.0020752501876705634
 0.0049053672555377497
 0.0044227386797926248
 0.0028400187721768447
 8.326407256131482e-18
 -0.0049053672555377211
 -0.00207525018767054
 -0.0093601322315688563
 -0.0058935298468960088
 -0.0097911539762350116
 -0.0028400187721768252
 -0.0044227386797926092
 -0.012452857918663586
 -0.012162844568504343
 -0.020749601701779675
 -0.016476932094133416
 -0.02297041760090077
 -0.010187127460503525
 -0.0060012860516078679
 -0.031795929133813162
 -0.022703897180956469
 -0.012286089725078123
 -0.020598059802466779
 -0.023907933837108535
 -0.013881470383421501
 -0.0065074225840743502
 0
 -0.0068534580211795544
 2.9324738227341849e-19
 -0.0031051304375271796
 0
 -0.0054398602258712014
 3.5327022494209535e-18
 0
 0.0031051304375271805
 0.012286089725078123
 0.0068534580211795553
 0
 0.0054398602258712049
 0.0065074225840743563
 0.023907933837108538
 0.020598059802466786
 0.020749601701779686
 0.02270389718095648
 0.031795929133813169
 0.01388147038342151
 0.0060012860516078792
 0.022970417600900784
 0.01647693209413343
 0.012162844568504362
 0.012452857918663608
 0.01018712746050354
 -0.14955574559200902
 -0.14955574559200899
 0
 0
 -0.099999999999999964
 -0.10391615711266264
 0
 -0.10391615711266265
 -0.10320881051111572
 -0.14634068246303444
 -0.12588999367641995
 -0.13538969680050045
 -0.14634068246303444
 -0.13538969680050045
 -0.13474898195478741
 -0.10529686632834659
 -0.062452385291977268
 -0.057783703992626098
 0
 -0.056738546834193118
 0
 -0.057783703992626105
 -0.062452385291977275
 -0.10529686632834659
 -0.13474898195478741
 -0.14926012645403056
 -0.14328306664740895
 -0.14568331763214026
 -0.12406689819922601
 -0.13662030961139582
 -0.1374217134103303
 -0.12003939677583933
 -0.1310822913561718
 -0.11795837565615019
 -0.1374217134103303
 -0.13662030961139582
 -0.14568331763214026
 -0.14328306664740895
 -0.14926012645403056
 -0.1310822913561718
 -0.12003939677583933
 -0.14466267576514025
 -0.1369805794022311
 -0.1062263973241878
 -0.12368523712257634
 -0.12099597492824246
 -0.12268744000582804
 -0.10355534469919674
 -0.085144405045650545
 -0.084857438687743342
 -0.029928096179076331
 -0.059346880997474954
 -0.035037312291328476
 -0.083443722948152221
 -0.082232239080567621
 0
 -0.029545547489304828
 -0.029285388873130574
 -0.029454291429011677
 0
 -0.057143733698087631
 -0.081688422116799567
 0
 -0.029454291429011677
 -0.029928096179076338
 -0.029545547489304831
 0
 -0.057143733698087631
 -0.082232239080567621
 -0.035037312291328483
 -0.059346880997474961
 -0.10622639732418782
 -0.084857438687743342
 -0.085144405045650559
 -0.083443722948152235
 -0.10355534469919674
 -0.12099597492824248
 -0.12368523712257636
 -0.1369805794022311
 -0.14466267576514025
 -0.12268744000582804


