# Created by Octave 5.1.0, Wed Apr 22 01:25:38 2020 GMT <unknown@Thomas-PC>
# name: u_sol
# type: matrix
# rows: 578
# columns: 1
 0.0095552986528610676
 -0.0095552986528610918
 0
 0
 -2.3962047889478653e-17
 -0.032501387061094532
 0
 0.032501387061094525
 -4.0382338268005225e-18
 0.0080247202508439922
 -7.8155980968485531e-18
 0.010523929567090241
 -0.0080247202508440165
 -0.010523929567090256
 -0.020713288013870363
 -0.015861461428200906
 -0.03488236268982408
 -0.013682611247637805
 0
 -1.1836113422029833e-18
 0
 0.013682611247637802
 0.03488236268982408
 0.015861461428200899
 0.020713288013870349
 0.0087415220475073468
 0.0082663039827262901
 0.011595541881266677
 -9.4195661644084765e-18
 0.0040779595140674647
 0.0076917143850513134
 0.0064968137953833605
 0.0049710883037160439
 -5.7684535077727737e-18
 -0.0076917143850513403
 -0.0040779595140674838
 -0.011595541881266696
 -0.0082663039827263092
 -0.0087415220475073711
 -0.0049710883037160595
 -0.0064968137953833717
 -0.014420396054288135
 -0.015798595780238074
 -0.024436113920450853
 -0.020478961422483382
 -0.02718172583127193
 -0.013478005237571533
 -0.0076567593609249626
 -0.035901508836827439
 -0.026011556050333947
 -0.014181066231306386
 -0.023324566430324503
 -0.026631099585645111
 -0.016256296370954899
 -0.0077274033422431113
 0
 -0.0078203022925103938
 -4.8882316846550193e-19
 -0.0035549092520635013
 0
 -0.0063239803808738063
 -2.5325796024966203e-18
 0
 0.0035549092520635013
 0.014181066231306386
 0.0078203022925103921
 0
 0.0063239803808738037
 0.0077274033422431061
 0.026631099585645111
 0.0233245664303245
 0.024436113920450843
 0.02601155605033394
 0.035901508836827432
 0.016256296370954892
 0.0076567593609249557
 0.027181725831271916
 0.020478961422483368
 0.01579859578023806
 0.014420396054288116
 0.013478005237571523
 0.0091426118706050587
 0.010001968111752269
 0.010856249049546709
 0.0078644111652792902
 0.0090174936166695988
 0.0083730053541151098
 0.011473825958070958
 0.010034175754767723
 0.0092160707128369924
 -8.0575581058116942e-18
 0.0026720034992588466
 0.0083956161297962725
 0.0019866561217841013
 0.001859519348780967
 -8.8605543806345093e-18
 0.0077458602939645873
 0.0047834475129824106
 0.0064839965156345348
 0.0035088899936514253
 0.0031727523372915185
 -4.9572921437048712e-18
 0.0077418518266935609
 0.0057374372240370777
 0.0088444589370090393
 -6.643368951252654e-18
 0.0027744437622448269
 0.0023543242685615438
 0.0062713579203212523
 0.004332687277940203
 0.0068061558460662643
 -0.0083956161297963038
 -0.0026720034992588661
 -0.0064839965156345564
 -0.0047834475129824314
 -0.0077458602939646124
 -0.0018595193487809857
 -0.0019866561217841182
 -0.01085624904954673
 -0.01000196811175229
 -0.009142611870605083
 -0.0092160707128370097
 -0.010034175754767742
 -0.011473825958070973
 -0.0083730053541151341
 -0.0090174936166696213
 -0.0078644111652793128
 -0.0031727523372915302
 -0.0035088899936514348
 -0.0023543242685615585
 -0.0027744437622448403
 -0.0088444589370090514
 -0.0057374372240370907
 -0.0077418518266935757
 -0.0062713579203212714
 -0.0068061558460662808
 -0.0043326872779402203
 -0.011687489285132696
 -0.01300943617312122
 -0.018270790839542011
 -0.015525853581008754
 -0.017475345947621786
 -0.013562356143428678
 -0.013222227905281988
 -0.028604936243079734
 -0.026411126006499017
 -0.030103332380286767
 -0.01872876043914774
 -0.022616961179109531
 -0.020143509051903562
 -0.023997467455676609
 -0.02386516561731427
 -0.021100800878835708
 -0.0071623382520838389
 -0.0037786769306077583
 -0.011999702163501387
 -0.0099523602737859491
 -0.011683840683398292
 -0.01093816814837272
 -0.014811914010739571
 -0.0181559040575336
 -0.017006203689208875
 -0.015119945386698259
 -0.034668750917797697
 -0.030277494618630055
 -0.030795612583281496
 -0.031084370224475251
 -0.036065327848318403
 -0.025629935471813393
 -0.020938746128674298
 -0.010209326239568627
 -0.019498776559448896
 -0.017620684435111895
 -0.018149072786556135
 -0.019676093531832129
 -0.014934422006264571
 -0.031948597637207046
 -0.025536978498905585
 -0.029093750210293166
 -0.0078656828130651765
 -0.0039146194356047192
 -0.016366504952825284
 -0.012002466873352494
 -0.011116980923000752
 -0.011840260974682758
 -0.015392263006813933
 -0.025335649168352674
 -0.020133880855911883
 -0.02100284522524205
 0
 -0.0072898466477783674
 -0.0040102627534089851
 -0.0054227768379241188
 0
 -0.010577068910983577
 -0.011121039282065598
 -2.3814521269927453e-19
 -0.00088910569206614534
 0
 -0.0024875674590951993
 -0.0017358132376530154
 -7.6612250028404116e-19
 0
 -0.0018233539916241287
 -0.0028437875974012725
 -0.0038248667027861718
 -3.3730587290021712e-18
 -0.0097989617411297896
 -0.0072134907323980037
 -2.0196758813864228e-18
 -0.0035526097185668358
 -0.003102493364642933
 -0.0055433095477903302
 -0.0050848440532518654
 -0.0079111895877158629
 0
 0.00088910569206614523
 0.0028437875974012721
 0.0018233539916241296
 0
 0.0017358132376530148
 0.002487567459095198
 0.010209326239568627
 0.0072898466477783665
 0
 0.011121039282065596
 0.010577068910983575
 0.01493442200626457
 0
 0.0054227768379241179
 0.0040102627534089851
 0.0038248667027861666
 0.0039146194356047123
 0.0031024933646429304
 0.0035526097185668323
 0.011116980923000749
 0.0072134907323980002
 0.0097989617411297861
 0.0055433095477903302
 0.0079111895877158611
 0.0050848440532518637
 0.017620684435111895
 0.019498776559448896
 0.029093750210293163
 0.025536978498905585
 0.031948597637207046
 0.019676093531832129
 0.018149072786556131
 0.028604936243079724
 0.030277494618630049
 0.03466875091779769
 0.020938746128674291
 0.02562993547181339
 0.020143509051903551
 0.036065327848318396
 0.031084370224475247
 0.030795612583281493
 0.0078656828130651713
 0.0037786769306077509
 0.015392263006813929
 0.011840260974682753
 0.011683840683398285
 0.012002466873352489
 0.016366504952825281
 0.02533564916835267
 0.021002845225242046
 0.020133880855911879
 0.030103332380286753
 0.026411126006499006
 0.021100800878835695
 0.023865165617314256
 0.023997467455676595
 0.02261696117910952
 0.018728760439147729
 0.013009436173121201
 0.011687489285132675
 0.013222227905281972
 0.013562356143428661
 0.017475345947621769
 0.015525853581008737
 0.018270790839541997
 0.0071623382520838302
 0.014811914010739563
 0.010938168148372712
 0.0099523602737859387
 0.011999702163501375
 0.018155904057533586
 0.015119945386698246
 0.017006203689208865
 -0.15318204857661724
 -0.15318204857661727
 0
 0
 -0.099999999999999964
 -0.10911110128307976
 0
 -0.10911110128307976
 -0.11036270744191753
 -0.15809304827547649
 -0.14225940462093842
 -0.144868574431712
 -0.15809304827547649
 -0.144868574431712
 -0.13988499890435929
 -0.1112709518374751
 -0.065684220400400214
 -0.060538475032305798
 0
 -0.059912932495489624
 0
 -0.060538475032305798
 -0.065684220400400214
 -0.1112709518374751
 -0.13988499890435926
 -0.15662298973257735
 -0.15431864060934153
 -0.15315480237773391
 -0.14859357084861582
 -0.15258153467736094
 -0.15609626409097749
 -0.12958354551751494
 -0.14369716255018086
 -0.12902574234404934
 -0.15609626409097752
 -0.15258153467736096
 -0.15315480237773391
 -0.15431864060934153
 -0.15662298973257738
 -0.14369716255018089
 -0.12958354551751494
 -0.14916747869168337
 -0.14401135295313988
 -0.11153626910281574
 -0.12997415230318882
 -0.12636209485167196
 -0.13041884257503422
 -0.11047140296275793
 -0.089208718962039746
 -0.088867459455662087
 -0.031433045796292344
 -0.062017018156610849
 -0.037653788135034075
 -0.087750268473214071
 -0.086997160167625015
 0
 -0.030822974350022955
 -0.030774440471905754
 -0.030807343807784649
 0
 -0.060089726688589244
 -0.086727356837159847
 0
 -0.030807343807784646
 -0.031433045796292344
 -0.030822974350022955
 0
 -0.060089726688589244
 -0.086997160167625015
 -0.037653788135034075
 -0.062017018156610842
 -0.11153626910281574
 -0.088867459455662087
 -0.089208718962039732
 -0.087750268473214071
 -0.11047140296275793
 -0.12636209485167194
 -0.12997415230318882
