# Created by Octave 5.1.0, Wed Apr 22 02:23:27 2020 GMT <unknown@Thomas-PC>
# name: u_sol
# type: matrix
# rows: 2178
# columns: 1
 0.010899140668963329
 -0.010899140668963327
 0
 0
 -8.8315290542480794e-19
 -0.032820284821831948
 0
 0.032820284821831955
 1.8388397957208508e-18
 0.010691190496125135
 1.7711029116505305e-18
 0.011087777439677562
 -0.010691190496125134
 -0.011087777439677558
 -0.021589654572498066
 -0.015799670648527553
 -0.035186544526912715
 -0.013717316108651441
 0
 4.6648550032278425e-19
 0
 0.013717316108651444
 0.035186544526912715
 0.015799670648527553
 0.02158965457249807
 0.010560403743745081
 0.0098394411617804024
 0.013158060037164583
 1.5002026206958435e-18
 0.0050825505712258278
 0.012719371678011701
 0.0064900846356442067
 0.0050849162562340306
 1.7287905508525414e-18
 -0.012719371678011699
 -0.0050825505712258244
 -0.01315806003716458
 -0.0098394411617804007
 -0.010560403743745079
 -0.0050849162562340271
 -0.0064900846356442032
 -0.015873962524847317
 -0.016642461386823758
 -0.024492512733328219
 -0.020819773253357411
 -0.027593121548845152
 -0.013625249078569103
 -0.007580069176521459
 -0.036052077449004814
 -0.026033637454039138
 -0.01450755271070721
 -0.023491788472320189
 -0.027141802303677492
 -0.016206280770601773
 -0.0076534132093457226
 0
 -0.0078736604263177495
 6.3554025094019519e-19
 -0.0035477385849455047
 0
 -0.0062988612802054242
 9.1924845965577967e-19
 0
 0.0035477385849455065
 0.014507552710707212
 0.007873660426317753
 0
 0.0062988612802054259
 0.0076534132093457252
 0.027141802303677492
 0.023491788472320193
 0.024492512733328222
 0.026033637454039141
 0.036052077449004814
 0.016206280770601777
 0.0075800691765214624
 0.027593121548845155
 0.020819773253357415
 0.016642461386823761
 0.01587396252484732
 0.013625249078569107
 0.010680277600961926
 0.011816879847126881
 0.01253309523493773
 0.01016695912525499
 0.011041245651652579
 0.010544136277104148
 0.012598074199109549
 0.011625867345144763
 0.010183577346153678
 2.3261731177249501e-18
 0.0050753610921714949
 0.016140974567156675
 0.0020508395818551123
 0.0022771714551890554
 1.671437713625673e-18
 0.011238162508204984
 0.0075516316909147651
 0.0090927733578018369
 0.0034963566424110115
 0.0031644616802082993
 1.6527736707616699e-18
 0.0080772659479903929
 0.0057688681776426731
 0.0089964255459412095
 1.784689345136792e-18
 0.0027668127616985701
 0.0023553590679885861
 0.0076852022010864447
 0.0046747873286328975
 0.0075044641505334474
 -0.016140974567156671
 -0.0050753610921714914
 -0.0090927733578018352
 -0.0075516316909147625
 -0.011238162508204983
 -0.0022771714551890524
 -0.0020508395818551088
 -0.012533095234937728
 -0.011816879847126878
 -0.010680277600961924
 -0.010183577346153674
 -0.011625867345144762
 -0.012598074199109546
 -0.010544136277104144
 -0.011041245651652576
 -0.010166959125254988
 -0.0031644616802082959
 -0.003496356642411008
 -0.0023553590679885827
 -0.0027668127616985666
 -0.008996425545941206
 -0.0057688681776426696
 -0.0080772659479903895
 -0.0076852022010864413
 -0.007504464150533444
 -0.004674787328632894
 -0.013253455178373407
 -0.014534063357463463
 -0.019155787090777709
 -0.016742492496669568
 -0.018656918946151776
 -0.014761420935063137
 -0.013960469204348815
 -0.028763134044377588
 -0.026664244886372812
 -0.030396539058302672
 -0.018838962656898939
 -0.022805122241312516
 -0.020129647567440272
 -0.024607138458908336
 -0.02425764761108145
 -0.021702785240521102
 -0.0071233432176038732
 -0.0037351650153625744
 -0.012309640052839993
 -0.010001097363495168
 -0.011599628800426172
 -0.010915125460029063
 -0.014845032053803626
 -0.018710071205954377
 -0.017260443457449509
 -0.015573889884995921
 -0.034837379668685865
 -0.030347524300218288
 -0.030933628463285911
 -0.031156793363598587
 -0.036270349942189563
 -0.025639475539531671
 -0.020902590573026465
 -0.010747762701672827
 -0.019959952840802722
 -0.018208221760168054
 -0.018244512651207419
 -0.019935160949374905
 -0.015087975247405587
 -0.032369291289319618
 -0.025906847807357879
 -0.029340227965654855
 -0.0077780789221112328
 -0.0038415961154667473
 -0.016297443052674346
 -0.01191597446427332
 -0.011078717747083579
 -0.01177119151879278
 -0.015381718122448708
 -0.025416383333950028
 -0.020163625908005793
 -0.020983736930402105
 0
 -0.0074722749931725695
 -0.0040319496362514109
 -0.0054930157796289443
 0
 -0.010725888256421545
 -0.011182966810288984
 7.4548015189129439e-19
 -0.00088620780125884071
 0
 -0.0024768748614972759
 -0.0017298273333057946
 6.9386824649483824e-19
 0
 -0.0018180109264411849
 -0.0028442523942527336
 -0.0037691250231545572
 1.4190289287849528e-18
 -0.0097912942796512421
 -0.0071653258176722313
 7.5416564935939596e-19
 -0.0035170620790423647
 -0.0030824503787019201
 -0.0055515631240507669
 -0.0050731935399243198
 -0.0079202125590915086
 0
 0.0008862078012588418
 0.0028442523942527349
 0.0018180109264411865
 0
 0.0017298273333057968
 0.0024768748614972767
 0.010747762701672828
 0.0074722749931725712
 0
 0.011182966810288988
 0.010725888256421547
 0.015087975247405589
 0
 0.0054930157796289451
 0.0040319496362514117
 0.0037691250231545598
 0.0038415961154667504
 0.0030824503787019214
 0.0035170620790423665
 0.011078717747083581
 0.0071653258176722339
 0.0097912942796512439
 0.0055515631240507677
 0.0079202125590915103
 0.0050731935399243215
 0.018208221760168054
 0.019959952840802726
 0.029340227965654858
 0.025906847807357882
 0.032369291289319618
 0.019935160949374909
 0.018244512651207419
 0.028763134044377591
 0.030347524300218292
 0.034837379668685865
 0.020902590573026469
 0.025639475539531675
 0.020129647567440276
 0.036270349942189563
 0.031156793363598587
 0.030933628463285911
 0.0077780789221112354
 0.0037351650153625775
 0.015381718122448712
 0.011771191518792783
 0.011599628800426174
 0.011915974464273322
 0.016297443052674346
 0.025416383333950032
 0.020983736930402105
 0.020163625908005793
 0.030396539058302675
 0.026664244886372816
 0.021702785240521105
 0.024257647611081453
 0.024607138458908339
 0.022805122241312519
 0.018838962656898942
 0.014534063357463465
 0.013253455178373409
 0.013960469204348821
 0.014761420935063141
 0.01865691894615178
 0.016742492496669568
 0.019155787090777712
 0.0071233432176038758
 0.014845032053803629
 0.010915125460029065
 0.010001097363495172
 0.012309640052839998
 0.01871007120595438
 0.015573889884995924
 0.017260443457449513
 0.010783590682623297
 0.01159669678004383
 0.011799364337166657
 0.011195364762353827
 0.011394429659599531
 0.010606794765242924
 0.012995552173329393
 0.0121805915682328
 0.012461664463387472
 0.010473405167998356
 0.010635849567927395
 0.010587838518941753
 0.010643448777308273
 0.01062036372009444
 0.0099275294889090773
 0.010538588934079156
 0.010813428045601887
 0.011001070597882686
 0.011937403419755686
 0.011424788106168959
 0.010580573501567669
 0.012417539559710668
 0.012058195250623748
 0.013018593447714387
 0.0099279561494861786
 0.011031120528660584
 0.010771026145903416
 0.011438315629215315
 0.01129545524556372
 0.011897963958237846
 1.2654852514591691e-19
 0.010293196849006796
 -0.00054844056261716951
 0.0015447579116867251
 0.0032876911318225773
 1.5681050807887761e-18
 0.014087091079310873
 0.0098984378886670162
 0.0099243937559701286
 0.001036702450255536
 0.00095558035497984688
 1.7302900824981764e-18
 0.0036629785187595322
 0.0020414058523928404
 0.0033318409569126849
 1.5457220166932777e-18
 0.00093088712693898768
 0.0010468895515208679
 0.010889867677409014
 0.01021370154686559
 0.010331644656458002
 0.010022955250807772
 0.010115629122365948
 0.011813582797965813
 0.0071668608513876511
 0.0084069700395639768
 0.005946967779071677
 0.0030521276771334513
 0.0045558856019572956
 0.006459431319444175
 0.0018001919833705012
 0.0017356751464539996
 1.7185666493439646e-18
 0.0048025731764132678
 0.0033408441448155341
 0.0050604251344773046
 1.6176551692770559e-18
 0.0016582823144900161
 0.001568866624455219
 0.0095927668776495303
 0.0085125759506464657
