# Created by Octave 5.1.0, Mon Feb 24 21:39:25 2020 GMT <unknown@Thomas-PC>
# name: equilibriumConvergence
# type: matrix
# rows: 6
# columns: 1
 3.8188130791298658
 2.2412822776792498
 0.16924773567594129
 0.0011112850589666827
 4.5920751339663668e-08
 1.7955854470132457e-15


