# Created by Octave 5.1.0, Mon Feb 24 21:57:20 2020 GMT <unknown@Thomas-PC>
# name: equilibriumConvergence
# type: matrix
# rows: 4
# columns: 1
 0.32724707496994726
 0.00722104976656485
 3.00672244653915e-05
 7.1086276830046954e-10


