# Created by Octave 5.1.0, Mon Feb 24 21:43:53 2020 GMT <unknown@Thomas-PC>
# name: equilibriumConvergence
# type: matrix
# rows: 4
# columns: 1
 0.51781185231192628
 0.010348468319629628
 3.4734512137637891e-05
 5.710248790773496e-10


