# Created by Octave 5.1.0, Mon Feb 24 23:36:52 2020 GMT <unknown@Thomas-PC>
# name: equilibriumConvergence
# type: matrix
# rows: 4
# columns: 1
 0.21379898128211655
 0.0051939193003972843
 2.7569951927049224e-05
 1.0873019814566536e-09


