# Created by Octave 5.1.0, Mon Feb 24 21:39:30 2020 GMT <unknown@Thomas-PC>
# name: equilibriumConvergence
# type: matrix
# rows: 5
# columns: 1
 1.9855877781048488
 0.062493175720997884
 0.0002635061264677493
 4.5028466596505878e-09
 2.2034641688651374e-15


