# Created by Octave 5.1.0, Mon Feb 24 21:40:33 2020 GMT <unknown@Thomas-PC>
# name: equilibriumConvergence
# type: matrix
# rows: 4
# columns: 1
 0.83133246320782828
 0.01687408487167345
 4.9816508923199568e-05
 7.050084685920279e-10


