# Created by Octave 5.1.0, Mon Feb 24 21:39:44 2020 GMT <unknown@Thomas-PC>
# name: equilibriumConvergence
# type: matrix
# rows: 4
# columns: 1
 1.3069416242998464
 0.032890404697463509
 9.4373084338372087e-05
 1.2712376210795609e-09


