# Created by Octave 5.1.0, Mon Feb 24 21:39:25 2020 GMT <unknown@Thomas-PC>
# name: u_sol
# type: matrix
# rows: 18
# columns: 1
 0.01778421853984722
 -0.017784218539847275
 0
 0
 -2.8573917370405615e-17
 -0.027284351587888733
 0
 0.027284351587888712
 -3.4871469217989434e-18
 -0.16552675743455858
 -0.16552675743455861
 0
 0
 -0.15033184867392754
 -0.10707857332482025
 0
 -0.10707857332482021
 -0.11138570160851259


