# Created by Octave 5.1.0, Mon Feb 24 21:39:30 2020 GMT <unknown@Thomas-PC>
# name: u_sol
# type: matrix
# rows: 50
# columns: 1
 0.014843253112016673
 -0.014843253112016707
 0
 0
 -1.4996679210759496e-17
 -0.030232368562436728
 0
 0.030232368562436714
 -4.3740008072146486e-18
 0.0079612417276001286
 -9.4796259137936466e-18
 0.010022612923402879
 -0.0079612417276001598
 -0.010022612923402899
 -0.021107421716213052
 -0.014977803594842626
 -0.032145237221208142
 -0.012391528755016793
 0
 -2.7329740117708043e-18
 0
 0.012391528755016789
 0.032145237221208135
 0.014977803594842616
 0.021107421716213031
 -0.16074362995777397
 -0.160743629957774
 0
 0
 -0.15613739210174168
 -0.10878813910768198
 0
 -0.10878813910768195
 -0.11296972994306495
 -0.15966665298132232
 -0.14482073363675629
 -0.14575273487542223
 -0.15966665298132235
 -0.14575273487542226
 -0.14350827767452495
 -0.11165939185694479
 -0.064644824659023839
 -0.060242129186927597
 0
 -0.060098324774642296
 0
 -0.060242129186927597
 -0.064644824659023839
 -0.11165939185694479
 -0.14350827767452493


