# Created by Octave 5.1.0, Mon Feb 24 21:39:44 2020 GMT <unknown@Thomas-PC>
# name: u_sol
# type: matrix
# rows: 162
# columns: 1
 0.010059100598700854
 -0.010059100598700847
 0
 0
 2.9370432248965936e-18
 -0.03243190944268616
 0
 0.03243190944268616
 8.8950293864913766e-19
 0.0059318424148037717
 2.1610613771647762e-18
 0.010715192070763276
 -0.0059318424148037657
 -0.01071519207076327
 -0.020972566162637714
 -0.01630626167667373
 -0.034681211629685488
 -0.013693174329518333
 0
 -2.04054122638773e-19
 0
 0.013693174329518333
 0.034681211629685488
 0.01630626167667373
 0.020972566162637717
 0.0082766747188617925
 0.0078281778329403421
 0.011259202759092281
 2.4334375943015095e-18
 0.0039573373939671714
 0.0030956295981841506
 0.0068092258059948181
 0.0053438465634704077
 1.5305001471752978e-18
 -0.0030956295981841445
 -0.0039573373939671662
 -0.011259202759092276
 -0.0078281778329403369
 -0.0082766747188617856
 -0.0053438465634704033
 -0.0068092258059948146
 -0.014429626462411157
 -0.015862033120402564
 -0.024734804533383805
 -0.020713272800422167
 -0.027530500131955852
 -0.013803871018443938
 -0.0080125052448712965
 -0.035958154535464956
 -0.02622320011672153
 -0.013570002848726665
 -0.023183078937976862
 -0.025975639594205468
 -0.01656560371673425
 -0.0080202612417720875
 0
 -0.0077838205646379461
 1.1338831985081896e-19
 -0.0036163699248954635
 0
 -0.0064519597835669259
 4.7139468986276142e-19
 0
 0.0036163699248954644
 0.013570002848726665
 0.007783820564637947
 0
 0.0064519597835669251
 0.0080202612417720875
 0.025975639594205468
 0.023183078937976866
 0.024734804533383805
 0.02622320011672153
 0.035958154535464956
 0.01656560371673425
 0.0080125052448712982
 0.027530500131955852
 0.020713272800422171
 0.015862033120402567
 0.014429626462411162
 0.01380387101844394
 -0.15593084297150778
 -0.15593084297150778
 0
 0
 -0.15991970048187373
 -0.10959982654268403
 0
 -0.10959982654268403
 -0.11321050421556716
 -0.16037737419097089
 -0.14733904241539142
 -0.14696501840120038
 -0.16037737419097089
 -0.14696501840120038
 -0.14143564837226139
 -0.11269564832176379
 -0.06581931965621951
 -0.061062664646613272
 0
 -0.060719577466139311
 0
 -0.061062664646613272
 -0.06581931965621951
 -0.11269564832176379
 -0.14143564837226139
 -0.15856439068437783
 -0.15645993532708824
 -0.15477204895047511
 -0.15658414040883264
 -0.156953464555005
 -0.16092112836533567
 -0.13244884027190593
 -0.14736140856367055
 -0.1326912961591975
 -0.16092112836533567
 -0.156953464555005
 -0.15477204895047511
 -0.15645993532708824
 -0.15856439068437783
 -0.14736140856367055
 -0.13244884027190593
 -0.15122953735260208
 -0.14544651189793581
 -0.11235162696999094
 -0.13111886323530844
 -0.12740718967277259
 -0.13222194684239766
 -0.11261297923157144
 -0.089808793549532376
 -0.089474943149583999
 -0.03131959972024527
 -0.062349054307569096
 -0.036861995460796181
 -0.088718801219805424
 -0.088392527203207866
 0
 -0.031062457556313663
 -0.031080575477559491
 -0.031155939339174484
 0
 -0.060879175440564454
 -0.088343537251932461
 0
 -0.031155939339174484
 -0.03131959972024527
 -0.03106245755631366
 0
 -0.060879175440564461
 -0.088392527203207866
 -0.036861995460796181
 -0.062349054307569096
 -0.11235162696999096
 -0.089474943149583999
 -0.089808793549532376
 -0.088718801219805424
 -0.11261297923157144
 -0.12740718967277259
 -0.13111886323530847
 -0.14544651189793581
 -0.15122953735260208
 -0.13222194684239766


