# Created by Octave 5.1.0, Mon Feb 24 21:40:33 2020 GMT <unknown@Thomas-PC>
# name: u_sol
# type: matrix
# rows: 578
# columns: 1
 0.0070835775281605957
 -0.0070835775281605645
 0
 0
 1.6990726661634897e-17
 -0.033662641904053443
 0
 0.033662641904053457
 4.8342326480685467e-18
 0.0047351361104623129
 1.0776017923954427e-17
 0.01104031458534481
 -0.0047351361104622808
 -0.011040314585344789
 -0.021005204244315279
 -0.016860393644912947
 -0.035820233014462043
 -0.014283079859442084
 0
 -2.9065794815705924e-19
 0
 0.014283079859442086
 0.03582023301446205
 0.016860393644912958
 0.0210052042443153
 0.0061132743623078401
 0.0075170111518502265
 0.010667955459615025
 1.3646859093577561e-17
 0.0038722774503496256
 0.0026421762034746143
 0.0072014114833581612
 0.0055774984251766892
 7.9154463610770847e-18
 -0.0026421762034745805
 -0.0038722774503495982
 -0.010667955459614999
 -0.0075170111518501996
 -0.006113274362307808
 -0.0055774984251766675
 -0.0072014114833581456
 -0.013468732909790409
 -0.016168289739291072
 -0.025589711101957603
 -0.021475462748560371
 -0.028142157443267483
 -0.014433785694002284
 -0.0082943540670964381
 -0.037058346802449564
 -0.027070966422708842
 -0.014581888547465043
 -0.024112728126389982
 -0.027203040204026838
 -0.017108538896924298
 -0.0082205756685277322
 0
 -0.0081270866460339351
 -4.7326267521088449e-19
 -0.0037280062625561845
 0
 -0.0066597166519691093
 1.9728197247235962e-18
 0
 0.0037280062625561841
 0.014581888547465045
 0.0081270866460339368
 0
 0.0066597166519691102
 0.0082205756685277374
 0.027203040204026842
 0.024112728126389985
 0.025589711101957614
 0.027070966422708849
 0.037058346802449571
 0.017108538896924305
 0.0082943540670964468
 0.028142157443267497
 0.021475462748560388
 0.016168289739291093
 0.013468732909790435
 0.014433785694002299
 0.0066291627503761094
 0.008208478573038868
 0.0091052927841968802
 0.0059732556017416767
 0.0071683262726617751
 0.0055039141295554423
 0.011365061739419894
 0.0091618628536769813
 0.0092427651561687342
 1.5295435393794294e-17
 0.0015854917163248097
 0.0013590560299694663
 0.0023541223891190102
 0.0019399070355331947
 1.222187576390541e-17
 0.0037784215439770389
 0.0031514637989208446
 0.0046273756443025258
 0.0038910839839975406
 0.0035837865241183692
 6.5590241843038383e-18
 0.0083393644773968652
 0.006428269684984317
 0.0096374115807686712
 9.3203506864940431e-18
 0.0032071364202699414
 0.0027873472936884268
 0.0057446457258735805
 0.0047051728833003474
 0.0070135788185440775
 -0.0013590560299694327
 -0.0015854917163247793
 -0.0046273756443024963
 -0.0031514637989208142
 -0.0037784215439770059
 -0.0019399070355331672
 -0.0023541223891189855
 -0.0091052927841968508
 -0.0082084785730388403
 -0.0066291627503760782
 -0.0092427651561687117
 -0.0091618628536769553
 -0.011365061739419872
 -0.0055039141295554093
 -0.0071683262726617457
 -0.0059732556017416472
 -0.0035837865241183531
 -0.0038910839839975272
 -0.0027873472936884055
 -0.0032071364202699224
 -0.0096374115807686522
 -0.0064282696849842988
 -0.0083393644773968444
 -0.0057446457258735536
 -0.0070135788185440541
 -0.004705172883300324
 -0.009960878440690081
 -0.012063282465962366
 -0.018601560557368033
 -0.015293984222529949
 -0.017214983538400751
 -0.013372048963776991
 -0.013653566850728388
 -0.029781328206316994
 -0.027540043054150705
 -0.031214165294791565
 -0.019811106165350166
 -0.023735927841528462
 -0.021239511324214394
 -0.024691977985199631
 -0.024855197548524194
 -0.021833328888503131
 -0.0078439561924621669
 -0.0041296419281969263
 -0.012804913434903429
 -0.010826680452535573
 -0.012534673905884445
 -0.011823580689523791
 -0.015822675084149935
 -0.018912771286664881
 -0.017994150491085305
 -0.015903077151878987
 -0.035864716742385873
 -0.031455671092053286
 -0.031809418033233616
 -0.03220452995176773
 -0.037132827407512385
 -0.026763368807208664
 -0.021996578239828039
 -0.010426176986059051
 -0.019964772381050745
 -0.01794776835515385
 -0.018850309901936497
 -0.020281433213064283
 -0.015467795992364189
 -0.032721259596901302
 -0.026221108261656131
 -0.0299608790357851
 -0.0084336233808190841
 -0.0042135178505354025
 -0.017310855234318953
 -0.012786103161851976
 -0.011707475698488097
 -0.012533971581474814
 -0.01612704887417216
 -0.026277255312664356
 -0.020983985887668387
 -0.021974833793231206
 0
 -0.0074832269358045865
 -0.0041656301020731954
 -0.0055995254785399873
 0
 -0.010932787850590387
 -0.011577076231099673
 -3.0843579913903577e-19
 -0.00093529719667383008
 0
 -0.0026189404446883922
 -0.0018251948754642133
 -6.2769511020935628e-19
 0
 -0.0019125886160765385
 -0.0029699896250367937
 -0.0040812938709371537
 3.2962225653666867e-18
 -0.010278354645005211
 -0.0076289968145470365
 4.9386286009183616e-19
 -0.0037673966809022067
 -0.0032755855090583525
 -0.0057896640828865049
 -0.005339701211098489
 -0.0082751907940231788
 0
 0.00093529719667382954
 0.0029699896250367933
 0.001912588616076539
 0
 0.0018251948754642122
 0.0026189404446883913
 0.010426176986059053
 0.0074832269358045865
 0
 0.011577076231099674
 0.010932787850590387
 0.01546779599236419
 0
 0.0055995254785399882
 0.0041656301020731963
 0.0040812938709371581
 0.0042135178505354103
 0.0032755855090583529
 0.0037673966809022089
 0.011707475698488101
 0.0076289968145470391
 0.010278354645005212
 0.0057896640828865049
 0.0082751907940231805
 0.0053397012110984899
 0.017947768355153854
 0.019964772381050745
 0.029960879035785107
 0.026221108261656134
 0.032721259596901309
 0.020281433213064283
 0.0188503099019365
 0.029781328206317004
 0.031455671092053293
 0.03586471674238588
 0.021996578239828049
 0.026763368807208671
 0.021239511324214404
 0.037132827407512392
 0.032204529951767737
 0.031809418033233623
 0.008433623380819091
 0.0041296419281969358
 0.016127048874172163
 0.012533971581474819
 0.012534673905884456
 0.012786103161851983
 0.01731085523431896
 0.026277255312664363
 0.021974833793231209
 0.02098398588766839
 0.031214165294791575
 0.027540043054150719
 0.021833328888503149
 0.024855197548524208
 0.024691977985199648
 0.023735927841528476
 0.019811106165350176
 0.012063282465962392
 0.0099608784406901088
 0.013653566850728409
 0.013372048963777016
 0.017214983538400775
 0.015293984222529972
 0.018601560557368054
 0.007843956192462179
 0.015822675084149945
 0.011823580689523805
 0.010826680452535589
 0.012804913434903446
 0.018912771286664899
 0.015903077151879004
 0.017994150491085319
 -0.15304067965523549
 -0.15304067965523546
 0
 0
 -0.16185186025815052
 -0.11002295730670815
 0
 -0.11002295730670818
 -0.11315594986212184
 -0.16074636439730619
 -0.14839344638169186
 -0.14755004715833578
 -0.16074636439730616
 -0.14755004715833578
 -0.1403030154557865
 -0.11309601181849896
 -0.066414816458708892
 -0.061338641226631997
 0
 -0.060982047805817799
 0
 -0.061338641226632004
 -0.066414816458708906
 -0.11309601181849897
 -0.14030301545578652
 -0.15780033852333938
 -0.15704435958387064
 -0.15441985644370376
 -0.15814476621522564
 -0.15804680285957071
 -0.16198357968336596
 -0.13305531827416359
 -0.1482598689219928
 -0.13317166789292115
 -0.16198357968336594
 -0.15804680285957071
 -0.15441985644370373
 -0.15704435958387064
 -0.15780033852333936
 -0.14825986892199278
 -0.13305531827416359
 -0.14919982370245849
 -0.14540460701155788
 -0.11276157810821336
 -0.13135412384948097
 -0.12712163637089335
 -0.13274298506937798
 -0.11296260082084533
 -0.090103965181495591
 -0.089835457960556656
 -0.031739318301074085
 -0.062663419665921788
 -0.038097900402121611
 -0.089047927864161922
 -0.088660411972838901
 0
 -0.031188383057994953
 -0.031246026883329892
 -0.031247578378502477
 0
 -0.061077600803156995
 -0.088550682745291168
 0
 -0.031247578378502477
 -0.031739318301074085
 -0.031188383057994956
 0
 -0.061077600803157002
 -0.088660411972838901
 -0.038097900402121618
 -0.062663419665921802
 -0.11276157810821337
 -0.089835457960556669
 -0.090103965181495604
 -0.089047927864161935
 -0.11296260082084533
 -0.12712163637089338
 -0.131354123849481
