# Created by Octave 5.1.0, Mon Feb 24 21:43:53 2020 GMT <unknown@Thomas-PC>
# name: u_sol
# type: matrix
# rows: 2178
# columns: 1
 0.005859612821782146
 -0.0058596128217821546
 0
 0
 -4.7897857034947061e-18
 -0.034118229264834397
 0
 0.03411822926483439
 -2.3948426916816669e-18
 0.0043506747744723817
 -3.8574421592684479e-18
 0.011148266256325706
 -0.0043506747744723904
 -0.011148266256325713
 -0.02104940197633675
 -0.017036695802095679
 -0.036329722811631063
 -0.014522240036126555
 0
 -6.2719891591200691e-19
 0
 0.014522240036126554
 0.036329722811631063
 0.017036695802095672
 0.021049401976336743
 0.0053236382932258944
 0.0074041124231112952
 0.010485360474678273
 -4.3566936952863314e-18
 0.0038382076013524797
 0.0024919743933910546
 0.0073251750317681191
 0.0056515892823752476
 -3.2919306797046015e-18
 -0.0024919743933910637
 -0.0038382076013524884
 -0.010485360474678282
 -0.007404112423111303
 -0.0053236382932259031
 -0.0056515892823752554
 -0.0073251750317681261
 -0.013187706085785808
 -0.016287725552759705
 -0.025860265719901115
 -0.021737906908251267
 -0.028360018753683824
 -0.014640830824978239
 -0.0083817339613695991
 -0.037430396307742218
 -0.027368486785887217
 -0.015038227660443335
 -0.024511058308383425
 -0.027841426710070904
 -0.017315392856730425
 -0.0083053162994134386
 0
 -0.0082954271688018191
 -6.5072676976203935e-19
 -0.0037897831585802393
 0
 -0.0067562128937900109
 -1.4442050977264521e-18
 0
 0.0037897831585802393
 0.015038227660443335
 0.0082954271688018191
 0
 0.00675621289379001
 0.0083053162994134351
 0.027841426710070904
 0.024511058308383425
 0.025860265719901111
 0.027368486785887214
 0.037430396307742218
 0.017315392856730422
 0.0083817339613695939
 0.028360018753683817
 0.021737906908251264
 0.016287725552759695
 0.013187706085785801
 0.014640830824978234
 0.0055894892170854846
 0.0077657698375040839
 0.0085817874870716595
 0.0057168952570070212
 0.0068188564476628919
 0.0049407909603359302
 0.011370270237761059
 0.009010572950245186
 0.0092548866868198132
 -4.6039552478620053e-18
 0.0015492112330179383
 0.0012951000087359746
 0.0023757082449592688
 0.0019332715856576904
 -4.1315549803160708e-18
 0.003527254664430976
 0.0030546849388050517
 0.0044563144254125631
 0.0039645234610145583
 0.0036572796490987676
 -2.6107057973251017e-18
 0.0084325764752132288
 0.006536177224012809
 0.0097803134714861198
 -3.6733822516451793e-18
 0.0032702776845268317
 0.0028327603932882914
 0.0056728032948010435
 0.0047306073158570171
 0.0070336362975954901
 -0.0012951000087359841
 -0.0015492112330179474
 -0.0044563144254125718
 -0.0030546849388050604
 -0.0035272546644309847
 -0.0019332715856576988
 -0.0023757082449592771
 -0.0085817874870716682
 -0.0077657698375040917
 -0.0055894892170854932
 -0.0092548866868198201
 -0.009010572950245193
 -0.011370270237761066
 -0.0049407909603359388
 -0.0068188564476628997
 -0.005716895257007029
 -0.0036572796490987737
 -0.0039645234610145644
 -0.0028327603932882992
 -0.0032702776845268391
 -0.0097803134714861267
 -0.0065361772240128159
 -0.0084325764752132357
 -0.0056728032948010513
 -0.007033636297595498
 -0.0047306073158570258
 -0.0093528292151329653
 -0.011849735968888974
 -0.018699930788667878
 -0.015268054086232075
 -0.017129513976808213
 -0.013368965616873937
 -0.013772299281172662
 -0.030122396488263033
 -0.027852304742070965
 -0.031511279141214849
 -0.020065302811490656
 -0.024027488594752761
 -0.021459832979929594
 -0.024831425042365473
 -0.025113342450241379
 -0.022021768532796655
 -0.0079606226983206241
 -0.0041713051725101357
 -0.012977775850816628
 -0.010993069005900854
 -0.012667306690683713
 -0.011985766605498367
 -0.0160318901827807
 -0.019117500867540046
 -0.018236000011732739
 -0.016099126300926678
 -0.036228664935360699
 -0.031763208326162529
 -0.032197308361969129
 -0.03253358471202776
 -0.037560683362853196
 -0.027035797628195433
 -0.022231477820862829
 -0.011030364132911377
 -0.020554441020603286
 -0.018607767070758424
 -0.019170752503408509
 -0.020726175496546612
 -0.015801170422942497
 -0.033314811373218185
 -0.026773895551422851
 -0.030431372053398797
 -0.0085126425219569039
 -0.0042301854427167435
 -0.017501289506183425
 -0.012924505368953598
 -0.011867031095978644
 -0.01268229450218104
 -0.016353412817364989
 -0.026620526946165166
 -0.021272248830285955
 -0.022231705842100075
 0
 -0.0077309888525652626
 -0.0042487037654573212
 -0.0057354976100939701
 0
 -0.011207380694843328
 -0.011802001676249532
 4.2350393340980648e-19
 -0.00095205980333778746
 0
 -0.0026588763536568943
 -0.0018553225842511912
 -4.5465356573949084e-19
 0
 -0.0019446675926125183
 -0.003022189948800557
 -0.0041098379780884981
 -1.8355579957040228e-18
 -0.010440190234011661
 -0.0077236261981787581
 -9.5278765682950804e-19
 -0.0038069669940986989
 -0.003319219978750225
 -0.0058937762887010733
 -0.0054248523338560504
 -0.0084192523790842834
 0
 0.00095205980333778735
 0.0030221899488005579
 0.0019446675926125178
 0
 0.0018553225842511906
 0.0026588763536568934
 0.011030364132911377
 0.0077309888525652634
 0
 0.011802001676249532
 0.011207380694843328
 0.015801170422942497
 0
 0.005735497610093971
 0.0042487037654573212
 0.0041098379780884955
 0.00423018544271674
 0.0033192199787502237
 0.0038069669940986976
 0.01186703109597864
 0.0077236261981787563
 0.010440190234011659
 0.0058937762887010733
 0.0084192523790842834
 0.0054248523338560504
 0.018607767070758424
 0.020554441020603286
 0.030431372053398797
 0.026773895551422847
 0.033314811373218185
 0.020726175496546609
 0.019170752503408509
 0.03012239648826303
 0.031763208326162522
 0.036228664935360699
 0.022231477820862825
 0.02703579762819543
 0.02145983297992959
 0.037560683362853196
 0.032533584712027754
 0.032197308361969122
 0.0085126425219568987
 0.0041713051725101313
 0.016353412817364986
 0.012682294502181038
 0.012667306690683708
 0.012924505368953594
 0.017501289506183421
 0.026620526946165162
 0.022231705842100071
 0.021272248830285955
 0.031511279141214842
 0.027852304742070962
 0.022021768532796648
 0.025113342450241372
 0.024831425042365466
 0.024027488594752757
 0.020065302811490653
 0.011849735968888967
 0.0093528292151329583
 0.013772299281172655
 0.013368965616873929
 0.017129513976808206
 0.015268054086232068
 0.018699930788667871
 0.0079606226983206189
 0.016031890182780697
 0.011985766605498362
 0.010993069005900849
 0.012977775850816621
 0.019117500867540039
 0.016099126300926671
 0.018236000011732732
 0.0057222172307550816
 0.0070491140549564773
 0.0072888570236588311
 0.0065044789168012479
 0.0067896359508721107
 0.0054628293483770284
 0.0096545705471480746
 0.0081877201770126327
 0.0090971776595572731
 0.0049813293459747051
 0.0054290142826752081
 0.0046745966088792756
 0.0072263789372221708
 0.0062879812004851309
 0.0065314675611243536
 0.0051541385874703163
 0.0058298675588611404
 0.0061867214347718271
 0.011401848124583388
 0.010326930322024258
 0.010203091166065832
 0.009764052719709735
 0.010177533929325628
 0.011061223908901701
 0.0083171269694989284
 0.0092626188193093099
 0.0082237940184881082
 0.0073106576364731423
 0.0078853575186623569
 0.0085085064768522616
 -4.6690249788666942e-18
 0.00070065897735139377
 0.00065414652598407312
 0.00086589220348340845
 0.00077510297002673445
 -4.4820941479257603e-18
 0.0019100496835982167
 0.0013991995531919019
 0.0020810000249905829
 0.0013030012158741847
 0.0011886421925569272
 -4.0496129273160427e-18
 0.0028920627697913933
 0.0021502721882434373
 0.0032186019341679654
 -4.2602441023051167e-18
 0.0010759679425344723
 0.00096742176313784523
 0.0039676868936855819
 0.0039447073187678363
 0.0044861231614532066
 0.0027369867161928575
 0.0033601483832926288
 0.0030333983666332811
 0.0042458577109353709
 0.0037712524827235678
 0.0034268135429537851
 0.0017305005695127864
 0.0025864244541412324
 0.0023118307388405078
 0.0020330718337321797
 0.0019772517357628788
 -2.444893708619468e-18
 0.0054903573960180998
 0.0038225149526070288
 0.0057419593658068627
 -3.0291571538278382e-18
