# Created by Octave 5.1.0, Tue Apr 21 17:25:00 2020 GMT <unknown@Thomas-PC>
# name: contactConvergence
# type: matrix
# rows: 5
# columns: 1
 1.3508376296318858
 0.49336279633497182
 5.8474558119723814e-07
 3.5890545093189563e-13
 1.2029765204812914e-15


