# Created by Octave 5.1.0, Tue Apr 21 17:25:57 2020 GMT <unknown@Thomas-PC>
# name: contactConvergence
# type: matrix
# rows: 5
# columns: 1
 0.73227451665609056
 1.0386511784313359e-06
 7.9224094339473698e-08
 1.4155591175165714e-11
 4.9047871637143017e-18


