# Created by Octave 5.1.0, Sat Feb 15 17:56:49 2020 GMT <unknown@Thomas-PC>
# name: contactConvergence
# type: matrix
# rows: 5
# columns: 1
 0.27288741928556121
 5.3081313947182406e-10
 2.2014157713814484e-12
 3.647580893541636e-18
 7.8600847564121284e-19


