# Created by Octave 5.1.0, Tue Apr 21 17:29:14 2020 GMT <unknown@Thomas-PC>
# name: contactConvergence
# type: matrix
# rows: 5
# columns: 1
 0.46483545333650989
 0.40977601352789111
 1.2867596055645909e-08
 2.4139953590406911e-11
 3.8958457265869334e-17


