# Created by Octave 5.1.0, Tue Apr 21 17:46:08 2020 GMT <unknown@Thomas-PC>
# name: contactConvergence
# type: matrix
# rows: 5
# columns: 1
 0.49722071992213873
 2.2896894688872708e-08
 2.0129687684197241e-11
 2.2651005649283084e-14
 1.6646196726651572e-18


