# Created by Octave 5.1.0, Sat Feb 15 14:24:04 2020 GMT <unknown@Thomas-PC>
# name: contactConvergence
# type: matrix
# rows: 5
# columns: 1
 0.24746183432781976
 0.046724356685049012
 3.3577018280980154e-11
 1.7488086966770388e-15
 1.4355214434150998e-18


