# Created by Octave 5.1.0, Tue Apr 21 17:24:44 2020 GMT <unknown@Thomas-PC>
# name: contactConvergence
# type: matrix
# rows: 6
# columns: 1
 0
 0.067611512685530339
 1.8880366375959717e-06
 1.0504495810692571e-07
 3.5396009040455922e-12
 6.9388939039072284e-18


