# Created by Octave 5.1.0, Tue Apr 21 17:46:08 2020 GMT <unknown@Thomas-PC>
# name: equilibriumConvergence
# type: matrix
# rows: 5
# columns: 1
 0.50063201898281662
 0.016725742836690531
 0.00015102702637514347
 1.7618104030924378e-08
 1.4750125177472572e-14


