# Created by Octave 5.1.0, Sat Feb 15 14:24:04 2020 GMT <unknown@Thomas-PC>
# name: equilibriumConvergence
# type: matrix
# rows: 5
# columns: 1
 0.3109398769115746
 0.0080797691148198573
 6.7918567241824851e-05
 8.6042865945998201e-09
 3.0713434267862494e-14


