# Created by Octave 5.1.0, Tue Apr 21 17:25:00 2020 GMT <unknown@Thomas-PC>
# name: equilibriumConvergence
# type: matrix
# rows: 5
# columns: 1
 2.2199116362196261
 0.51247933210516172
 0.023563832524221989
 4.0466669419466672e-05
 1.5851806356754261e-10


