# Created by Octave 5.1.0, Tue Apr 21 17:25:57 2020 GMT <unknown@Thomas-PC>
# name: equilibriumConvergence
# type: matrix
# rows: 5
# columns: 1
 1.3669427833872869
 0.13864796712602001
 0.0027058016179322603
 1.2340404179020943e-06
 2.6618601778696933e-13


