# Created by Octave 5.1.0, Tue Apr 21 17:29:14 2020 GMT <unknown@Thomas-PC>
# name: equilibriumConvergence
# type: matrix
# rows: 5
# columns: 1
 0.78566068836141922
 0.065580011740707503
 0.0036205659014622357
 6.4455622822609318e-06
 2.0533249706402437e-11


