# Created by Octave 5.1.0, Tue Apr 21 17:24:44 2020 GMT <unknown@Thomas-PC>
# name: equilibriumConvergence
# type: matrix
# rows: 6
# columns: 1
 3.8188130791298733
 2.2412822776792609
 0.58904685496201414
 0.00036360919501848496
 7.7542017234842375e-09
 8.1463311092436642e-16


