# Created by Octave 5.1.0, Sat Feb 15 17:56:49 2020 GMT <unknown@Thomas-PC>
# name: equilibriumConvergence
# type: matrix
# rows: 5
# columns: 1
 0.19869145850083761
 0.004435563634266811
 2.0225236222735708e-05
 5.9648017152866216e-10
 5.9827493632237419e-14


