# Created by Octave 5.1.0, Tue Apr 21 17:24:44 2020 GMT <unknown@Thomas-PC>
# name: lambda_sol
# type: matrix
# rows: 3
# columns: 1
 0
 -3.8203537341517562
 0


