# Created by Octave 5.1.0, Tue Apr 21 17:25:57 2020 GMT <unknown@Thomas-PC>
# name: lambda_sol
# type: matrix
# rows: 9
# columns: 1
 0
 0
 0
 -2.2621032839101107
 -3.7935682534997981
 -2.2621032839101098
 0
 0
 0


