# Created by Octave 5.1.0, Tue Apr 21 17:29:14 2020 GMT <unknown@Thomas-PC>
# name: lambda_sol
# type: matrix
# rows: 17
# columns: 1
 0
 0
 0
 0
 0
 0
 -2.4549484734921987
 -3.4550734160634975
 -3.7903878204008441
 -3.4550734160634997
 -2.4549484734921978
 0
 0
 0
 0
 0
 0


