# Created by Octave 5.1.0, Tue Apr 21 17:46:08 2020 GMT <unknown@Thomas-PC>
# name: lambda_sol
# type: matrix
# rows: 33
# columns: 1
 0
 0
 0
 0
 0
 0
 0
 0
 0
 0
 0
 -1.1644489231748616
 -2.4256064152382746
 -3.0421344728568176
 -3.4303124893065049
 -3.6412933643577436
 -3.7621332440693904
 -3.6412933643577334
 -3.4303124893065187
 -3.0421344728568069
 -2.4256064152382892
 -1.1644489231748509
 0
 0
 0
 0
 0
 0
 0
 0
 0
 0
 0


