# Created by Octave 5.1.0, Sat Feb 15 14:24:04 2020 GMT <unknown@Thomas-PC>
# name: lambda_sol
# type: matrix
# rows: 65
# columns: 1
 0
 0
 0
 0
 0
 0
 0
 0
 0
 0
 0
 0
 0
 0
 0
 0
 0
 0
 0
 0
 0
 0
 -1.3401146733199376
 -1.9684169138184366
 -2.405020426027114
 -2.7491664201466461
 -3.027773700364587
 -3.2528382194157688
 -3.4308823112056399
 -3.565666613503498
 -3.6592620672799452
 -3.7124237844798516
 -3.756713444885261
 -3.7124237844798498
 -3.6592620672799407
 -3.5656666135035078
 -3.4308823112056346
 -3.2528382194157603
 -3.0277737003646004
 -2.7491664201466492
 -2.4050204260270989
 -1.9684169138184615
 -1.3401146733199218
 0
 0
 0
 0
 0
 0
 0
 0
 0
 0
 0
 0
 0
 0
 0
 0
 0
 0
 0
 0
 0
 0


