# Created by Octave 5.1.0, Sat Feb 15 17:56:49 2020 GMT <unknown@Thomas-PC>
# name: lambda_sol
# type: matrix
# rows: 129
# columns: 1
 0
 0
 0
 0
 0
 0
 0
 0
 0
 0
 0
 0
 0
 0
 0
 0
 0
 0
 0
 0
 0
 0
 0
 0
 0
 0
 0
 0
 0
 0
 0
 0
 0
 0
 0
 0
 0
 0
 0
 0
 0
 0
 0
 -0.75274299578461168
 -1.3023001559741829
 -1.6522682013953816
 -1.9343437752191177
 -2.1751061783101138
 -2.385615914306888
 -2.5721206351478472
 -2.7386543097688132
 -2.8879905288431256
 -3.0221059165006809
 -3.1424435753191058
 -3.2500758271181347
 -3.3458098365356101
 -3.4302585277426552
 -3.5038893729182656
 -3.5670584467407949
 -3.6200341575739179
 -3.6630131942748276
 -3.6961299408096644
 -3.7194598529075757
 -3.7330137550509481
 -3.7500643718329312
 -3.7330137550509477
 -3.7194598529075815
 -3.6961299408096564
 -3.6630131942748272
 -3.6200341575739166
 -3.5670584467408126
 -3.5038893729182505
 -3.4302585277426618
 -3.3458098365356093
 -3.2500758271181445
 -3.1424435753190858
 -3.0221059165006778
 -2.8879905288431602
 -2.7386543097687852
 -2.5721206351478867
 -2.3856159143068481
 -2.1751061783101302
 -1.9343437752191204
 -1.6522682013953576
 -1.3023001559742275
 -0.75274299578458748
 0
 0
 0
 0
 0
 0
 0
 0
 0
 0
 0
 0
 0
 0
 0
 0
 0
 0
 0
 0
 0
 0
 0
 0
 0
 0
 0
 0
 0
 0
 0
 0
 0
 0
 0
 0
 0
 0
 0
 0
 0
 0
 0


