# Created by Octave 5.1.0, Tue Apr 21 17:24:44 2020 GMT <unknown@Thomas-PC>
# name: u_sol
# type: matrix
# rows: 18
# columns: 1
 0.015054129267779158
 -0.015054129267778967
 0
 0
 1.0087378940487304e-16
 -0.022573810984702427
 0
 0.022573810984702507
 2.9262488065394029e-17
 -0.13591836443424116
 -0.13591836443424107
 0
 0
 -0.060804583743294706
 -0.090397449115801304
 0
 -0.090397449115801345
 -0.082893547639146539


