# Created by Octave 5.1.0, Tue Apr 21 17:25:00 2020 GMT <unknown@Thomas-PC>
# name: u_sol
# type: matrix
# rows: 50
# columns: 1
 0.013568602047438367
 -0.013568602047438502
 0
 0
 -7.5450726281749226e-17
 -0.025228761890730797
 0
 0.025228761890730741
 -2.2600050275295237e-17
 0.0082997070930098723
 -4.6182835923142442e-17
 0.0059340796846027036
 -0.0082997070930100128
 -0.0059340796846027955
 -0.015662225871594
 -0.011601687071998348
 -0.027557663074447507
 -0.0099381707438669122
 0
 -6.708035142143432e-18
 0
 0.0099381707438668965
 0.027557663074447483
 0.011601687071998297
 0.015662225871593903
 -0.14700706375074096
 -0.14700706375074105
 0
 0
 -0.090263494734779182
 -0.099779784553662057
 0
 -0.099779784553662015
 -0.096808043650953732
 -0.13714364425553227
 -0.1124331568311687
 -0.12841390863486829
 -0.1371436442555323
 -0.12841390863486832
 -0.13132762353633132
 -0.1004676082868344
 -0.059809433158409718
 -0.05516760129596171
 0
 -0.053425775017924768
 0
 -0.055167601295961703
 -0.05980943315840969
 -0.10046760828683439
 -0.13132762353633126


