# Created by Octave 5.1.0, Tue Apr 21 17:25:57 2020 GMT <unknown@Thomas-PC>
# name: u_sol
# type: matrix
# rows: 162
# columns: 1
 0.0093156568721943014
 -0.0093156568721943223
 0
 0
 -1.2340431537470858e-17
 -0.024828629919764426
 0
 0.024828629919764419
 -2.3792204319380737e-18
 0.006308031130518448
 -5.3735095700685029e-18
 0.0042798175409661347
 -0.006308031130518468
 -0.0042798175409661469
 -0.013238007511231302
 -0.010920627656229254
 -0.029164359333581056
 -0.010843130869015163
 0
 -1.6197788417464438e-18
 0
 0.01084313086901516
 0.029164359333581052
 0.01092062765622925
 0.013238007511231289
 0.0080834596990435603
 0.0027767327765288851
 0.0061061081744729238
 -7.5403307510164348e-18
 -0.00028925117279179945
 0.002334526524036856
 0.0029036326560107979
 0.00094787374852091974
 -3.6118415467440378e-18
 -0.0023345265240368785
 0.00028925117279178302
 -0.0061061081744729403
 -0.0027767327765289016
 -0.0080834596990435794
 -0.00094787374852093112
 -0.0029036326560108057
 -0.009080518327540749
 -0.0085800410882739334
 -0.017968957934756776
 -0.013164757916360971
 -0.019262553646795792
 -0.0075333594446945406
 -0.0047908882137490368
 -0.028988205642069293
 -0.020467734675974219
 -0.011559786135357502
 -0.019055532720004424
 -0.022599845956579354
 -0.012314764828969036
 -0.0057374449518897393
 0
 -0.0063867531609151972
 -1.0137730520421402e-18
 -0.0028768232484358792
 0
 -0.0049565868446531137
 -1.6393015378881198e-18
 0
 0.002876823248435877
 0.0115597861353575
 0.0063867531609151963
 0
 0.004956586844653112
 0.0057374449518897358
 0.022599845956579354
 0.019055532720004424
 0.017968957934756773
 0.020467734675974212
 0.028988205642069286
 0.012314764828969031
 0.0047908882137490316
 0.019262553646795785
 0.013164757916360962
 0.0085800410882739212
 0.0090805183275407316
 0.0075333594446945328
 -0.14275327223846854
 -0.14275327223846854
 0
 0
 -0.097492196936152978
 -0.099008244137875442
 0
 -0.099008244137875442
 -0.097862758585627749
 -0.13407493688868299
 -0.11621763355654693
 -0.12651755269229156
 -0.13407493688868299
 -0.12651755269229156
 -0.12829398956008967
 -0.10004802329351646
 -0.059796372140820106
 -0.055526957036070988
 0
 -0.054442380870418125
 0
 -0.055526957036070988
 -0.059796372140820106
 -0.10004802329351646
 -0.12829398956008964
 -0.14082954261265737
 -0.13250172617829584
 -0.13768512594394333
 -0.11280111267838018
 -0.12063318156785123
 -0.11257229913555557
 -0.11207366321008874
 -0.11995445765394167
 -0.11051640103501802
 -0.11257229913555558
 -0.12063318156785123
 -0.13768512594394333
 -0.13250172617829584
 -0.14082954261265737
 -0.11995445765394167
 -0.11207366321008874
 -0.13791847359665474
 -0.12982137395516805
 -0.10137846249553752
 -0.1176263695394139
 -0.11517459497060283
 -0.11571952224783531
 -0.097905878006529223
 -0.081307683425353869
 -0.081290109421448417
 -0.02887913102647955
 -0.057066798184796617
 -0.033648740147082301
 -0.079774465983153645
 -0.078429136274813863
 0
 -0.028504874426444816
 -0.028222072830873232
 -0.028389032040565792
 0
 -0.054827907812688419
 -0.077969275422980433
 0
 -0.028389032040565792
 -0.028879131026479554
 -0.028504874426444816
 0
 -0.054827907812688426
 -0.078429136274813863
 -0.033648740147082301
 -0.057066798184796617
 -0.10137846249553752
 -0.081290109421448417
 -0.081307683425353869
 -0.079774465983153645
 -0.097905878006529223
 -0.11517459497060283
 -0.11762636953941388
 -0.12982137395516805
 -0.13791847359665471
 -0.11571952224783531


