# Created by Octave 5.1.0, Tue Apr 21 17:29:14 2020 GMT <unknown@Thomas-PC>
# name: u_sol
# type: matrix
# rows: 578
# columns: 1
 0.0086939585167385928
 -0.0086939585167386275
 0
 0
 -1.6991760123328597e-17
 -0.025705352588446546
 0
 0.025705352588446532
 -5.944956550166976e-18
 0.0080136376664259011
 -1.1185091684721066e-17
 0.0044698730367976345
 -0.0080136376664259341
 -0.004469873036797657
 -0.013686505653002798
 -0.011189533769567491
 -0.030373756626979897
 -0.011367597340397632
 0
 -2.2117011393594829e-18
 0
 0.011367597340397627
 0.03037375662697989
 0.011189533769567477
 0.013686505653002775
 0.0082952370866354076
 0.0030501415158066792
 0.0066870080857089091
 -1.4179682744435024e-17
 -0.00057620971326942914
 0.0039149140064911108
 0.0031777901292860621
 0.00097315990310641043
 -8.481731743573572e-18
 -0.0039149140064911455
 0.00057620971326940063
 -0.0066870080857089377
 -0.0030501415158067074
 -0.0082952370866354423
 -0.00097315990310643233
 -0.0031777901292860786
 -0.0095432668552960735
 -0.0090442931073730828
 -0.018428288637785124
 -0.01365543390126538
 -0.01976213657027024
 -0.007876735671550646
 -0.0050206179464298796
 -0.03003078291710936
 -0.02116554467735729
 -0.012553271160483543
 -0.01995691398778638
 -0.02388951078180462
 -0.012718973477841067
 -0.0058405853227065591
 0
 -0.0067192890006203586
 -1.0828427180323789e-18
 -0.0029742585802704346
 0
 -0.0051156735505636392
 -3.894123771365291e-18
 0
 0.0029742585802704324
 0.012553271160483541
 0.006719289000620356
 0
 0.005115673550563634
 0.0058405853227065504
 0.02388951078180462
 0.019956913987786377
 0.01842828863778511
 0.021165544677357279
 0.030030782917109349
 0.012718973477841058
 0.0050206179464298674
 0.01976213657027022
 0.013655433901265362
 0.0090442931073730602
 0.009543266855296044
 0.0078767356715506286
 0.008406170269130946
 0.0070016753228806967
 0.0078720153097725978
 0.0043036014416923049
 0.0058638376912901451
 0.0082658669812944625
 0.005422191172488898
 0.0050026697922439037
 0.0033211351104433014
 -1.5975984633745334e-17
 -0.00047489397614515277
 0.0015372092348819146
 -0.00036663301506190951
 -0.00076444703618238925
 -1.2727300731202965e-17
 0.0069926578461143498
 -2.9811354433551996e-05
 0.0022183771638608018
 0.0019564599683402988
 0.0014372981132742234
 -7.215375568640938e-18
 0.0024521530991204231
 0.0020796545248117776
 0.0038514723151117846
 -9.7232031854354708e-18
 0.00084783368063778429
 0.00022440146015783588
 0.0010025819849460301
 -5.2053966714663209e-06
 0.0013658663069115336
 -0.0015372092348819493
 0.00047489397614512268
 -0.0022183771638608326
 2.9811354433520588e-05
 -0.0069926578461143836
 0.00076444703618236117
 0.00036663301506188435
 -0.0078720153097726307
 -0.007001675322880728
 -0.0084061702691309807
 -0.0033211351104433262
 -0.0050026697922439314
 -0.0054221911724889231
 -0.0082658669812944972
 -0.0058638376912901764
 -0.0043036014416923361
 -0.0014372981132742403
 -0.0019564599683403131
 -0.00022440146015785807
 -0.0008478336806378037
 -0.0038514723151118042
 -0.0020796545248117971
 -0.0024521530991204448
 -0.0010025819849460585
 -0.0013658663069115588
 5.2053966714411869e-06
 -0.0086820148411624731
 -0.0081321287533596704
 -0.011334798322044377
 -0.0093377800378648141
 -0.011256834243425998
 -0.0074399262285673095
 -0.0067344817484512711
 -0.022143864849069057
 -0.019508361616132366
 -0.022901450806435499
 -0.012806091945622934
 -0.016130542731400101
 -0.014724684238657608
 -0.016605834925431637
 -0.016680751733911776
 -0.013872082096466622
 -0.0041834842636207428
 -0.0024109964411385557
 -0.0060825403440479559
 -0.0053337711337560611
 -0.007937627207896477
 -0.0067407423837882391
 -0.0096389734588311366
 -0.011210056965309145
 -0.010692753228470407
 -0.008588483644203929
 -0.028262746640302649
 -0.02429521179313673
 -0.026088403323668064
 -0.025692497368323471
 -0.030830713544800135
 -0.020158150908291789
 -0.016081195073223354
 -0.0092658670074033285
 -0.017437785095369942
 -0.016020882753606684
 -0.015313324777495486
 -0.017152545310168466
 -0.012843880156956724
 -0.028262293851731814
 -0.02248065138285537
 -0.025161767791715282
 -0.0056182431066018022
 -0.0027721130674709989
 -0.012245220045473824
 -0.0087523601707279342
 -0.0088542789310291897
 -0.0090854628745722851
 -0.012460253738803639
 -0.021192810696174832
 -0.016579830585474097
 -0.016771532342972989
 0
 -0.006531205421577601
 -0.0034769135322087548
 -0.0047811382213712355
 0
 -0.0092298585541815796
 -0.0094216754560798137
 -9.9990547617396088e-19
 -0.00074271793789564293
 0
 -0.0020379380489651943
 -0.00144077726417847
 -1.164576249202357e-18
 0
 -0.0015365137520068758
 -0.0024273295566479124
 -0.0028684537708248878
 -4.8935795855858314e-18
 -0.0080218117736792424
 -0.0056716524479958272
 -2.6399428336963698e-18
 -0.0027720856984621207
 -0.0024909893846564398
 -0.0046937472448348129
 -0.0041974209438968707
 -0.0066071545378023535
 0
 0.0007427179378956413
 0.0024273295566479116
 0.0015365137520068749
 0
 0.001440777264178468
 0.0020379380489651917
 0.0092658670074033268
 0.0065312054215775983
 0
 0.0094216754560798102
 0.0092298585541815761
 0.01284388015695672
 0
 0.0047811382213712346
 0.0034769135322087535
 0.00286845377082488
 0.002772113067470989
 0.0024909893846564351
 0.0027720856984621146
 0.0088542789310291845
 0.0056716524479958202
 0.0080218117736792372
 0.0046937472448348103
 0.00660715453780235
 0.0041974209438968672
 0.016020882753606681
 0.017437785095369938
 0.025161767791715275
 0.022480651382855366
 0.028262293851731811
 0.017152545310168462
 0.015313324777495481
 0.022143864849069043
 0.02429521179313672
 0.028262746640302636
 0.016081195073223344
 0.020158150908291778
 0.014724684238657595
 0.030830713544800128
 0.02569249736832346
 0.026088403323668057
 0.0056182431066017918
 0.0024109964411385435
 0.012460253738803632
 0.0090854628745722765
 0.0079376272078964649
 0.0087523601707279238
 0.012245220045473813
 0.021192810696174826
 0.016771532342972982
 0.01657983058547409
 0.022901450806435481
 0.019508361616132352
 0.013872082096466601
 0.016680751733911758
 0.016605834925431617
 0.016130542731400088
 0.012806091945622919
 0.0081321287533596409
 0.0086820148411624418
 0.0067344817484512485
 0.0074399262285672844
 0.011256834243425972
 0.0093377800378647881
 0.011334798322044355
 0.0041834842636207289
 0.0096389734588311227
 0.0067407423837882244
 0.0053337711337560446
 0.0060825403440479368
 0.011210056965309126
 0.0085884836442039099
 0.010692753228470389
 -0.14334424962443792
 -0.14334424962443795
 0
 0
 -0.099380589690354765
 -0.10020162525460488
 0
 -0.10020162525460488
 -0.098426890095454286
 -0.13694549891703628
 -0.11831522980329802
 -0.12803778128226667
 -0.13694549891703628
 -0.12803778128226667
 -0.12931998394089358
 -0.10113411984930668
 -0.06054271075630676
 -0.056151076673728838
 0
 -0.05508053404537594
 0
 -0.056151076673728838
 -0.060542710756306753
 -0.10113411984930668
 -0.12931998394089358
 -0.14268166997837609
 -0.13457450498462845
 -0.13944298890310811
 -0.11502067367830744
 -0.12264958953690888
 -0.11406612347416174
 -0.11351415463839434
 -0.12175137630174433
 -0.1119072293341062
 -0.11406612347416174
 -0.12264958953690888
 -0.13944298890310811
 -0.13457450498462847
 -0.14268166997837609
 -0.12175137630174433
 -0.11351415463839434
 -0.13894074489956018
 -0.13127237142783221
 -0.10256775134393369
 -0.11892245012220838
 -0.11622566230122172
 -0.11699575442453389
 -0.098989882832600823
 -0.08202241601990462
 -0.082193139973432097
 -0.029417305632995154
 -0.057706512793649252
 -0.034826135505199335
 -0.080645975427080768
 -0.079241659334096715
 0
 -0.028800259564562392
 -0.028580533657083955
 -0.028669114532495162
 0
 -0.055398644628744165
 -0.078702695252665836
 0
 -0.028669114532495162
 -0.029417305632995154
 -0.028800259564562392
 0
 -0.055398644628744165
 -0.079241659334096715
 -0.034826135505199335
 -0.057706512793649252
 -0.10256775134393369
 -0.082193139973432097
 -0.08202241601990462
 -0.080645975427080768
