# Created by Octave 5.1.0, Tue Apr 21 17:46:08 2020 GMT <unknown@Thomas-PC>
# name: u_sol
# type: matrix
# rows: 2178
# columns: 1
 0.0076752612804058054
 -0.007675261280405828
 0
 0
 -9.0223218266200274e-18
 -0.0258845495553587
 0
 0.025884549555358693
 -1.9226925446338729e-18
 0.0082891493271725139
 -6.4215164332152712e-18
 0.0043493699193169928
 -0.0082891493271725365
 -0.0043493699193170058
 -0.013601151663301768
 -0.011236727239367054
 -0.030816425701670074
 -0.011565008685565165
 0
 -1.9375525210322525e-21
 0
 0.011565008685565165
 0.030816425701670071
 0.011236727239367049
 0.013601151663301754
 0.0077238831385824302
 0.0028031135367266174
 0.0065862531080366415
 -8.3261549969612539e-18
 -0.00072220278260585167
 0.0041976821749405814
 0.0032539025333734603
 0.00096283373249352305
 -4.0725133762207753e-18
 -0.0041976821749405971
 0.00072220278260583574
 -0.0065862531080366606
 -0.0028031135367266357
 -0.0077238831385824536
 -0.00096283373249353606
 -0.0032539025333734686
 -0.0093843993594339044
 -0.0089826693956055435
 -0.018476323841226206
 -0.013670679316432432
 -0.019742165260454744
 -0.0079000375442007283
 -0.0050927881279238911
 -0.030288430313106306
 -0.021351801593000957
 -0.012972541231003552
 -0.020296852687318033
 -0.024467631105715884
 -0.012848665093069811
 -0.0058843840570166079
 0
 -0.0068727217492919879
 4.6191368531016159e-19
 -0.0030280661132166785
 0
 -0.0051888038538721835
 -6.2518211063541455e-19
 0
 0.0030280661132166785
 0.012972541231003552
 0.0068727217492919879
 0
 0.0051888038538721844
 0.005884384057016607
 0.024467631105715881
 0.02029685268731803
 0.018476323841226199
 0.021351801593000954
 0.030288430313106303
 0.012848665093069809
 0.0050927881279238868
 0.019742165260454733
 0.013670679316432422
 0.0089826693956055297
 0.0093843993594338853
 0.0079000375442007196
 0.0075573187212081838
 0.0068035495913626983
 0.0075727926953595981
 0.0041922332228563836
 0.0057581280290348296
 0.0080675080277048533
 0.0052817790334778658
 0.0048558871182300062
 0.0031127199524877383
 -8.6173237418980826e-18
 -0.0005439432762175862
 0.0013396006195244175
 -0.00036893695209088079
 -0.00079279903107191464
 -7.529709247817613e-18
 0.0076111235781235135
 -0.00015145345044813931
 0.0019376851446396743
 0.0020331137947310293
 0.0015044558604840805
 -2.9050038098117632e-18
 0.0023613449172590366
 0.0021225377064422635
 0.0038471933150035151
 -5.2295807978457898e-18
 0.00089772063863833597
 0.00025082064909097884
 0.00068311613350997326
 -8.4976283766573493e-05
 0.0011599130565286885
 -0.0013396006195244337
 0.00054394327621756907
 -0.0019376851446396941
 0.00015145345044812258
 -0.0076111235781235378
 0.00079279903107189837
 0.00036893695209086599
 -0.0075727926953596189
 -0.0068035495913627191
 -0.0075573187212082064
 -0.0031127199524877544
 -0.0048558871182300253
 -0.0052817790334778814
 -0.0080675080277048759
 -0.0057581280290348504
 -0.0041922332228564044
 -0.0015044558604840887
 -0.0020331137947310353
 -0.00025082064909099164
 -0.00089772063863834649
 -0.0038471933150035259
 -0.0021225377064422743
 -0.0023613449172590496
 -0.00068311613350999049
 -0.0011599130565287034
 8.497628376655891e-05
 -0.0082853273081781587
 -0.008029075175884309
 -0.011279380604487131
 -0.0092738415837248303
 -0.011156805317105434
 -0.0073597009569167596
 -0.0066389242345888614
 -0.02223368354204832
 -0.019564596384012901
 -0.022943738142766373
 -0.012852168577109264
 -0.016181009249743642
 -0.014762330267461446
 -0.016543703822683147
 -0.016689139974433682
 -0.013839526320483121
 -0.0042688152929434547
 -0.0024632988660555216
 -0.0060454638820127745
 -0.005383176821537195
 -0.0080022493382556591
 -0.0068118363744958301
 -0.0096921782350492414
 -0.011182455195000959
 -0.010707254713129371
 -0.0085506784867211243
 -0.028454469417209759
 -0.024431636754596819
 -0.026393315640059593
 -0.025905233046698992
 -0.031176484006598757
 -0.02027137823228423
 -0.016182024558766106
 -0.0098237899381072562
 -0.017978778719056638
 -0.016616773369053234
 -0.015583114935787498
 -0.017551718500755101
 -0.0131407885257396
 -0.028794050145034802
 -0.022976530175388657
 -0.025566715808734982
 -0.0056581950103302024
 -0.0027649404484012476
 -0.012335648265160485
 -0.0088253887612292671
 -0.0089683421698243358
 -0.009176368516824962
 -0.012628617012275873
 -0.021457196889537494
 -0.016798239413111361
 -0.01693150498903068
 0
 -0.0067642683622461406
 -0.0035540946649448382
 -0.0049089873054212361
 0
 -0.0094826450537911899
 -0.0096192037278012774
 4.0417316136362094e-19
 -0.00075744139428641935
 0
 -0.0020698857684142537
 -0.0014664993481718559
 2.8857594325590457e-19
 0
 -0.0015650513761671858
 -0.0024748473028135699
 -0.0028729687052565346
 -1.222163463244347e-18
 -0.0081511273751998202
 -0.0057331784525521826
 -2.7752590622139472e-19
 -0.0027929368173062949
 -0.0025217144959692223
 -0.0047867563258238884
 -0.0042679702303833099
 -0.0067306209918355248
 0
 0.00075744139428642022
 0.0024748473028135699
 0.0015650513761671862
 0
 0.0014664993481718566
 0.0020698857684142537
 0.0098237899381072545
 0.0067642683622461397
 0
 0.0096192037278012774
 0.0094826450537911899
 0.0131407885257396
 0
 0.0049089873054212361
 0.0035540946649448373
 0.0028729687052565338
 0.002764940448401245
 0.0025217144959692223
 0.0027929368173062945
 0.0089683421698243358
 0.0057331784525521817
 0.0081511273751998202
 0.0047867563258238884
 0.0067306209918355248
 0.0042679702303833099
 0.016616773369053234
 0.017978778719056638
 0.025566715808734979
 0.022976530175388653
 0.028794050145034798
 0.017551718500755101
 0.015583114935787496
 0.022233683542048317
 0.024431636754596815
 0.028454469417209752
 0.016182024558766099
 0.020271378232284226
 0.014762330267461441
 0.031176484006598754
 0.025905233046698988
 0.026393315640059589
 0.0056581950103301998
 0.0024632988660555173
 0.012628617012275873
 0.0091763685168249603
 0.0080022493382556539
 0.0088253887612292636
 0.012335648265160482
 0.02145719688953749
 0.016931504989030677
 0.016798239413111361
 0.022943738142766366
 0.019564596384012894
 0.013839526320483108
 0.016689139974433671
 0.016543703822683133
 0.016181009249743635
 0.012852168577109257
 0.0080290751758842899
 0.0082853273081781378
 0.0066389242345888475
 0.0073597009569167432
 0.011156805317105417
 0.0092738415837248147
 0.011279380604487117
 0.0042688152929434486
 0.0096921782350492345
 0.006811836374495824
 0.0053831768215371863
 0.0060454638820127632
 0.011182455195000949
 0.0085506784867211139
 0.010707254713129362
 0.007589367278109117
 0.0075556441503848958
 0.0077264150185313175
 0.0072240675164975381
 0.0073922910484479762
 0.0076059019614313425
 0.0071708472828415802
 0.007209783325536733
 0.0065736905893693512
 0.0058562831319430957
 0.0063995594396672349
 0.0082220024949433701
 0.004230009191030424
 0.0050568604437002621
 0.0032218720262148807
 0.0078879164574451426
 0.0067686991198678548
 0.0070276949530522692
 0.0047469089927464963
 0.0041953969182723363
 0.0036497124358335089
 0.0057634768406982818
 0.0049265645096427833
 0.0059213705044302662
 0.0028026879838059624
 0.0038781355002169651
 0.0038636440405900052
 0.0063293051891210846
 0.005120523273378209
 0.0058968375130803267
 -7.838423384065456e-18
 -1.3739619656037692e-06
 0.00058374373604205983
 -0.00045962589368993588
 -0.0003288553795394993
 -8.4640635281653861e-18
 0.002511852888104505
 0.00012730673404389253
 0.00051013776065407903
 -7.4094362694088575e-05
 -0.00023105813624976022
 -6.9765369843442066e-18
 -0.00091264589906651374
 -0.00062415810533895369
 -0.00068794248779586217
 -7.9429528379891659e-18
 -0.00036535299012385681
 -0.00045407320344903219
 0.0081584500989409035
 0.0039209108539054053
 0.005057298800481105
 0.0012414882455720811
 0.0024720986133764233
 0.0061825787949164679
 -1.5501622253953062e-05
 0.00072240121648803248
 -0.00067854729465975606
 -0.00080350602126624728
 -0.00091633632028552923
 -0.00053169305195246649
 0.0011109141034497995
 0.0009990620182691594
 -2.3915890082848541e-18
