# Created by Octave 5.1.0, Sat Feb 15 06:37:07 2020 GMT <unknown@Thomas-PC>
# name: contactConvergence
# type: matrix
# rows: 38
# columns: 1
 1.6886288946270813
 1.5258200331115133
 1.4304562810420436
 1.3857545222594798
 1.3641021078491755
 1.3427880124140321
 1.3008258870260936
 1.1407634416868018
 1.1884145179838801
 0.94211734384917578
 0.47105867192458789
 0.3532940039434409
 0.34777378513182461
 0.26083033884886847
 0.22822654649275989
 0.22471536885440974
 0.16853652664080732
 5.6613238874965395e-19
 5.6369390337899656e-19
 3.9859178159280302e-19
 6.9963075584346138e-19
 5.9399661298613663e-19
 0.00012506220639577249
 0.00022313288216273443
 0.00016734966162205159
 2.8223423210245803e-05
 2.7789322706767329e-05
 2.4315657368421233e-05
 7.5030100056476409e-19
 5.4345464911444051e-19
 5.7582294056283241e-19
 4.4907766540204236e-19
 4.9406350683686472e-19
 4.7612595210301373e-19
 3.0485655989643245e-19
 5.4450977892603047e-19
 4.4831014191267612e-19
 5.0162661360108866e-19


