# Created by Octave 5.1.0, Sat Feb 22 02:19:14 2020 GMT <unknown@Thomas-PC>
# name: contactConvergence
# type: scalar
3.4404809997535346


