# Created by Octave 5.1.0, Sat Feb 15 03:50:01 2020 GMT <unknown@Thomas-PC>
# name: contactConvergence
# type: matrix
# rows: 61
# columns: 1
 0.21616163263087912
 0.24341059010294491
 0.4305434887082259
 0.41708900468609389
 0.21181946074851357
 0.0068610753751393036
 0.0067538710724027477
 0.0061250019913659127
 0.0060308287788457555
 0.0060848762832367495
 0.014973121841392338
 0.014743174267409473
 0.18036038023637327
 0.0067259481161401772
 0.037937567551603241
 0.0062172304843802302
 1.2507194575442837
 1.3823334069233106
 0.80772008825474895
 0.9892326446944204
 0.001197479280544235
 0.10295186424322242
 0.14528264715403147
 0.072641323577015735
 0.00087362662571724794
 0.00087948718981356111
 0.00087722038168832554
 0.00086351381322444579
 0.00087693908447497473
 0.00087114568541691597
 0.00087709078592798
 0.00086338624239785467
 0.00087693707958839907
 0.00087114372233055605
 0.00087709075430126876
 0.00086338621126531216
 0.00087693707910288098
 0.0008711437218569374
 0.00087709075429310093
 0.00086338621125727215
 0.00087693707910275532
 0.000871143721856815
 0.00087709075429309811
 0.00086338621125726857
 0.0008769370791027563
 0.00087114372185681597
 0.00087709075429309919
 0.00086338621125726955
 0.00087693707910275424
 0.00087114372185681391
 0.00087709075429309811
 0.00086338621125726836
 0.00087693707910275521
 0.000871143721856815
 0.00087709075429309876
 0.0008633862112572689
 0.00087693707910275478
 0.00087114372185681445
 0.00087709075429309811
 0.00086338621125726836
 0.00087693707910275597


