# Created by Octave 5.1.0, Sat Feb 15 03:16:46 2020 GMT <unknown@Thomas-PC>
# name: contactConvergence
# type: matrix
# rows: 7
# columns: 1
 2.9416941977349556
 2.2062706483012167
 4.9065389333867974e-18
 0.6202549872913421
 1.7347234759768071e-18
 0
 1.7347234759768071e-18


