# Created by Octave 5.1.0, Sat Feb 15 03:25:39 2020 GMT <unknown@Thomas-PC>
# name: contactConvergence
# type: matrix
# rows: 69
# columns: 1
 1.1997016167037979
 1.3010426069826053e-18
 0.00022230115994867063
 0.00011115057997432917
 0.28606343662156647
 0.0030891619695878904
 0.0023390118485339647
 0.002387510980096659
 0.0023502061210326475
 0.0023876343717486523
 0.0023503275846900795
 0.0023876360191457066
 0.0023503292063465553
 0.002387636040176935
 0.0023503292270491702
 0.0023876360404077677
 0.0023503292272763934
 0.0023876360404090349
 0.0023503292272776454
 0.0023876360404089889
 0.0023503292272775969
 0.0023876360404089881
 0.0023503292272775964
 0.0023876360404089889
 0.0023503292272775969
 0.0023876360404089889
 0.0023503292272775969
 0.0023876360404089889
 0.0023503292272775969
 0.0023876360404089889
 0.0023503292272775969
 0.0023876360404089889
 0.0023503292272775969
 0.0023876360404089889
 0.0023503292272775969
 0.0023876360404089889
 0.0023503292272775969
 0.0023876360404089889
 0.0023503292272775969
 0.0023876360404089889
 0.0023503292272775969
 0.0023876360404089889
 0.0023503292272775969
 0.0023876360404089889
 0.0023503292272775969
 0.0023876360404089889
 0.0023503292272775969
 0.0023876360404089889
 0.0023503292272775969
 0.0023876360404089889
 0.0023503292272775969
 0.0023876360404089889
 0.0023503292272775969
 0.0023876360404089889
 0.0023503292272775969
 0.0023876360404089889
 0.0023503292272775969
 0.0023876360404089889
 0.0023503292272775969
 0.0023876360404089889
 0.0023503292272775969
 0.0023876360404089889
 0.0023503292272775969
 0.0023876360404089889
 0.0023503292272775969
 0.0023876360404089889
 0.0023503292272775969
 0.0023876360404089889
 0.0023503292272775969


