# Created by Octave 5.1.0, Sat Feb 15 03:25:39 2020 GMT <unknown@Thomas-PC>
# name: equilibriumConvergence
# type: matrix
# rows: 69
# columns: 1
 2.5952231601356321
 1.3612914954522839
 1.0187690977296475
 0.66168219222502189
 0.35570298694653529
 0.12867491390759644
 0.01149511117656485
 0.00020361484816992871
 0.00023121646507097125
 5.5507937776257245e-06
 5.750890057489245e-05
 3.4885766213332335e-06
 5.6150624837239833e-05
 3.4702509300622956e-06
 5.612899710951996e-05
 3.4698516520018215e-06
 5.6128493942188538e-05
 3.4698393365139082e-06
 5.6128479090735124e-05
 3.4698389179637387e-06
 5.612847861195715e-05
 3.469838902592722e-06
 5.6128478595685146e-05
 3.4698389036360476e-06
 5.6128478593211233e-05
 3.4698389040873959e-06
 5.6128478593664423e-05
 3.4698389039385815e-06
 5.6128478598064265e-05
 3.4698389015680239e-06
 5.6128478596327705e-05
 3.469838904090657e-06
 5.6128478592373023e-05
 3.4698389041263272e-06
 5.612847859366956e-05
 3.4698389016259156e-06
 5.6128478591606729e-05
 3.4698389021862529e-06
 5.6128478592095007e-05
 3.4698389014852133e-06
 5.6128478594847992e-05
 3.4698389040172463e-06
 5.6128478596538989e-05
 3.4698389040441926e-06
 5.6128478595226142e-05
 3.4698389038867558e-06
 5.6128478595056505e-05
 3.4698389019199305e-06
 5.6128478591902385e-05
 3.4698389018081717e-06
 5.6128478592148397e-05
 3.469838901871426e-06
 5.6128478593310919e-05
 3.4698389018382596e-06
 5.6128478593425526e-05
 3.469838901898933e-06
 5.6128478595144183e-05
 3.4698389039152127e-06
 5.6128478598173661e-05
 3.4698389039434249e-06
 5.6128478595109312e-05
 3.4698389041025345e-06
 5.6128478593783963e-05
 3.4698389039797219e-06
 5.6128478595109516e-05
 3.4698389039321267e-06
 5.6128478595152199e-05
 3.4698389039131265e-06
 5.6128478595204959e-05


