# Created by Octave 5.1.0, Sat Feb 15 06:37:07 2020 GMT <unknown@Thomas-PC>
# name: equilibriumConvergence
# type: matrix
# rows: 38
# columns: 1
 1.6329615825778465
 1.4389062537827142
 1.4787655975320155
 1.4937043944828741
 1.4761414766551284
 1.4634688695816027
 1.434076156653348
 1.2868186573908711
 1.2480279188484695
 0.9607129027561282
 0.78224086246541003
 0.6605229184051149
 0.6603929069916652
 0.58029434013038561
 0.57274228287704554
 0.64222611770911386
 0.6403846047027153
 0.37394335631885023
 0.35947656348644746
 0.35432555530794524
 0.36020271925838321
 0.35137995598488581
 0.53896819618723324
 0.52066683536723779
 0.45539297060955675
 0.42582412603666553
 0.48292832435668787
 0.48371446264282686
 0.36476420031783308
 0.31801090745791222
 0.31563932259258798
 0.30918230549275483
 0.29360294538952858
 0.2929237026653268
 0.29260093666272752
 0.40249508718220595
 0.39255302847837281
 0.38579109769952574


