# Created by Octave 5.1.0, Sat Feb 15 03:16:37 2020 GMT <unknown@Thomas-PC>
# name: equilibriumConvergence
# type: matrix
# rows: 6
# columns: 1
 7.6376261582597316
 3.7555051668426387
 0.15709349913780482
 0.0025089710283063994
 9.8025653253385822e-07
 1.5754696146885251e-13


