# Created by Octave 5.1.0, Sat Feb 22 02:19:14 2020 GMT <unknown@Thomas-PC>
# name: equilibriumConvergence
# type: scalar
1.7249197490311441


