# Created by Octave 5.1.0, Sat Feb 15 03:50:01 2020 GMT <unknown@Thomas-PC>
# name: equilibriumConvergence
# type: matrix
# rows: 61
# columns: 1
 1.8364181874929693
 1.8073085730713705
 1.7471567582318948
 1.6935979322884511
 1.0696674899711403
 0.45446631520219333
 0.44938476323866094
 0.071009069325381396
 0.075094049905122667
 0.0064687296696966943
 0.014112090512118643
 0.129112902254791
 0.013950551682874296
 0.042635669777729361
 0.046935988327044272
 0.088597902587121607
 14.172394207775636
 3.8491736367087994
 0.87493481498750714
 0.25357588808180626
 0.25519955799919802
 0.22413209805198764
 0.1963910193550619
 0.1829811558020136
 0.025117512335592725
 0.0021804031627372755
 3.888403557975031e-05
 3.8405303956333765e-05
 5.5019711328842811e-07
 1.058706277586962e-05
 1.662880913428342e-05
 1.1417307057414821e-05
 6.3615957746950957e-07
 1.0806604237769504e-05
 1.6622030025157498e-05
 1.1425582217799422e-05
 6.3648512536958229e-07
 1.0806821175375531e-05
 1.662202649720139e-05
 1.1425586996335978e-05
 6.3648526356627199e-07
 1.080682127815829e-05
 1.6622026495621385e-05
 1.1425586997769917e-05
 6.3648526391074875e-07
 1.080682127807443e-05
 1.662202649556685e-05
 1.1425586998201001e-05
 6.3648526530354228e-07
 1.0806821277633963e-05
 1.6622026495534229e-05
 1.1425586997632538e-05
 6.3648526411703102e-07
 1.0806821278935434e-05
 1.6622026495697181e-05
 1.1425586996465432e-05
 6.3648526394378791e-07
 1.0806821277975483e-05
 1.6622026495484867e-05
 1.142558699704578e-05
 6.3648526396368905e-07


