# Created by Octave 5.1.0, Sat Feb 15 03:16:37 2020 GMT <unknown@Thomas-PC>
# name: lambda_sol
# type: matrix
# rows: 3
# columns: 1
 0
 -8.3188516947210029
 0


