# Created by Octave 5.1.0, Sat Feb 15 03:25:39 2020 GMT <unknown@Thomas-PC>
# name: lambda_sol
# type: matrix
# rows: 9
# columns: 1
 0
 0
 -0.75402598609186111
 -0.57165619172050819
 0.0013033757370826127
 -0.57165619172051008
 -0.75402598609186022
 0
 0


