# Created by Octave 5.1.0, Sat Feb 15 03:50:01 2020 GMT <unknown@Thomas-PC>
# name: lambda_sol
# type: matrix
# rows: 17
# columns: 1
 0
 0
 0
 0
 0
 -6.5456026117456663
 0
 -0.021786149070220515
 -0.03254153828283745
 -0.021786149070220459
 0
 -6.545602611745668
 0
 0
 0
 0
 0


