# Created by Octave 5.1.0, Sat Feb 15 06:37:07 2020 GMT <unknown@Thomas-PC>
# name: lambda_sol
# type: matrix
# rows: 33
# columns: 1
 0
 0
 0
 0
 0
 0
 0
 0
 0
 -13.349644115194678
 0
 0
 0
 0
 0
 0
 -0.66204960644245148
 0
 0
 0
 0
 0
 0
 -13.288607720718574
 0
 0
 0
 0
 0
 0
 0
 0
 0


