# Created by Octave 5.1.0, Sat Feb 22 02:19:14 2020 GMT <unknown@Thomas-PC>
# name: lambda_sol
# type: matrix
# rows: 65
# columns: 1
 2.3442528665902319e-09
 4.688505733180467e-09
 1.6409770066131643e-08
 6.0950574531346115e-08
 2.273925280592529e-07
 8.4861953770566553e-07
 3.1670856227634116e-06
 1.1819722953347988e-05
 4.4111806190628563e-05
 0.00016462750180916636
 0.00061439820104603718
 0.0022929653023749837
 0.008557463008453902
 0.031936886731440628
 0.11919008391730866
 0.44482344893779424
 1.6601037118338695
 -7.1540527167962864
 -16.926670463755727
 -7.1540526777330333
 1.6601038680896862
 0.44482403489710753
 0.11919227149874524
 0.031945051097873621
 0.0085879328927493288
 0.0024066804731237026
 0.0010387889997454899
 0.0017484755258582577
 0.0059551131036875479
 0.022071976888891939
 0.08233279445188027
 -0.35479040630161762
 -0.83944481052458286
 -0.35479040912468918
 0.082332780046177556
 0.022071922867506838
 0.0059549114238498738
 0.0017477227374911308
 0.001035979890730232
 0.0023961967235663906
 0.0085488070042411355
 0.031799031293974073
 0.11864731817165525
 0.442790241392647
 1.6525136473989346
 -7.1213433723896742
 -16.84927941674232
 -7.1213434115794598
 1.6525134911431174
 0.44278965543333326
 0.1186451305902167
 0.031790866927533676
 0.0085183371199180798
 0.0022824815521386571
 0.00061158908863655453
 0.00016387480240756178
 4.3910120993693056e-05
 1.1765681567210514e-05
 3.1526052751490277e-06
 8.4473953338560114e-07
 2.263528583933792e-07
 6.067190018791603e-08
 1.6334742358285081e-08
 4.6670692452243036e-09
 2.333534622612151e-09


