# Created by Octave 5.1.0, Sat Feb 15 03:16:46 2020 GMT <unknown@Thomas-PC>
# name: u_sol
# type: matrix
# rows: 50
# columns: 1
 0.034842451101604867
 -0.034842451101604853
 0
 0
 8.2541274925505164e-19
 -0.047835291400464532
 0
 0.047835291400464545
 4.2508140001246121e-18
 0.02427989594075295
 5.8541636275203099e-18
 0.014884549055062517
 -0.024279895940752944
 -0.014884549055062505
 -0.034695293196918234
 -0.021484866394091359
 -0.047868476864815421
 -0.016092990753340131
 0
 1.9907493973217446e-18
 0
 0.016092990753340135
 0.047868476864815428
 0.021484866394091369
 0.034695293196918248
 -0.26104782316271813
 -0.26104782316271813
 0
 0
 -0.099999999999999992
 -0.17278386492464062
 0
 -0.17278386492464065
 -0.16476421358441942
 -0.24223652524420916
 -0.1970127937942209
 -0.22364324343086156
 -0.24223652524420916
 -0.22364324343086156
 -0.23048689805525682
 -0.17178179425713963
 -0.10105514823269141
 -0.092959247073361853
 0
 -0.090224108922141014
 0
 -0.092959247073361853
 -0.10105514823269142
 -0.17178179425713966
 -0.23048689805525682


