# Created by Octave 5.1.0, Sat Feb 15 03:25:39 2020 GMT <unknown@Thomas-PC>
# name: u_sol
# type: matrix
# rows: 162
# columns: 1
 0.03642577864971247
 -0.036425778649712519
 0
 0
 -3.4942169275794163e-17
 -0.055446054493609682
 0
 0.055446054493609669
 -5.0559484686048948e-18
 0.036471181264691496
 -9.3055452977050553e-18
 0.019365453879364867
 -0.036471181264691552
 -0.019365453879364888
 -0.039374704674879121
 -0.026288590927968602
 -0.056723040330384826
 -0.020658818050967125
 0
 -8.1491634978236778e-19
 0
 0.020658818050967125
 0.056723040330384819
 0.026288590927968595
 0.0393747046748791
 0.034276446311172992
 0.016926022574764894
 0.025991901372647414
 -1.1158288500223055e-17
 0.0010102905392101002
 -0.023803335538690479
 0.011691804817755719
 0.0094404390445159692
 -7.4896090969440958e-18
 0.023803335538690414
 -0.0010102905392101154
 -0.025991901372647442
 -0.016926022574764922
 -0.034276446311173048
 -0.0094404390445159865
 -0.011691804817755733
 -0.033041564307846043
 -0.029191783632586864
 -0.041062955439513785
 -0.035462609021066703
 -0.048364478960054455
 -0.023279577089850904
 -0.012910278926343721
 -0.059952404924656214
 -0.042226438333965027
 -0.020186293655688903
 -0.03609360914684611
 -0.041378627931254665
 -0.025917936439102417
 -0.012393148743994404
 0
 -0.011362379973344907
 4.9623457722754995e-20
 -0.0052443920747316745
 0
 -0.0096296104861478184
 -2.2382647221002024e-18
 0
 0.0052443920747316736
 0.0201862936556889
 0.011362379973344907
 0
 0.0096296104861478167
 0.012393148743994397
 0.041378627931254672
 0.036093609146846103
 0.041062955439513778
 0.04222643833396502
 0.059952404924656207
 0.02591793643910241
 0.012910278926343714
 0.048364478960054434
 0.035462609021066689
 0.029191783632586846
 0.033041564307846008
 0.023279577089850893
 -0.2693071926998003
 -0.2693071926998003
 0
 0
 -0.11880263381822077
 -0.18164251471193932
 0
 -0.18164251471193932
 -0.18333246407838796
 -0.24999999999999997
 -0.24077902782655361
 -0.23855433383094074
 -0.24999999999999997
 -0.23855433383094074
 -0.23886660959553196
 -0.182856383738732
 -0.10692998578371034
 -0.098709520287958
 0
 -0.0983028778781318
 0
 -0.098709520287957986
 -0.10692998578371032
 -0.18285638373873198
 -0.23886660959553194
 -0.26515331092014138
 -0.25236790851344038
 -0.25797834704184114
 -0.25340340419103635
 -0.25862235507489684
 -0.10000000000000001
 -0.21513301262924825
 -0.24024698997391414
 -0.2158248121797261
 -0.10000000000000001
 -0.25862235507489684
 -0.25797834704184119
 -0.25236790851344038
 -0.26515331092014138
 -0.24024698997391414
 -0.21513301262924825
 -0.25864638803440027
 -0.24107066776681091
 -0.18415957653362211
 -0.21615773368863803
 -0.21294940312354743
 -0.21486777378242747
 -0.18242768192782599
 -0.14748258991828364
 -0.14571331671046203
 -0.050608266041185457
 -0.10090625218726286
 -0.058874174394771328
 -0.14360539342084572
 -0.14293269096563282
 0
 -0.0503069673722846
 -0.050421827944003225
 -0.050471152438279765
 0
 -0.09844306070973545
 -0.14293436985176788
 0
 -0.050471152438279758
 -0.050608266041185457
 -0.0503069673722846
 0
 -0.09844306070973545
 -0.1429326909656328
 -0.058874174394771314
 -0.10090625218726286
 -0.18415957653362211
 -0.14571331671046203
 -0.14748258991828364
 -0.14360539342084572
 -0.18242768192782599
 -0.2129494031235474
 -0.21615773368863803
 -0.24107066776681091
 -0.25864638803440027
 -0.21486777378242747


