# Created by Octave 5.1.0, Sat Feb 15 03:50:01 2020 GMT <unknown@Thomas-PC>
# name: u_sol
# type: matrix
# rows: 578
# columns: 1
 0.080066715530785051
 -0.080066715530785024
 0
 0
 1.6827231898194612e-17
 -0.056549980769665345
 0
 0.056549980769665345
 -1.7928644437836837e-18
 0.081946281044962266
 -8.0917637501071826e-19
 0.027359847707072029
 -0.081946281044962238
 -0.027359847707072026
 -0.049944639107143543
 -0.025956290585304988
 -0.056412838538019268
 -0.019666801739392517
 0
 -1.6578021280051412e-18
 0
 0.019666801739392514
 0.056412838538019261
 0.025956290585304985
 0.04994463910714355
 0.080496831738199132
 0.037081394292342362
 0.049077589863208877
 1.5964269016418357e-18
 0.012101136511460534
 -0.0029297328577469373
 0.013943281020851571
 0.015920879117472225
 -1.4560418746162369e-18
 0.0029297328577469728
 -0.012101136511460532
 -0.04907758986320887
 -0.037081394292342362
 -0.080496831738199104
 -0.015920879117472218
 -0.013943281020851571
 -0.058025824425897314
 -0.03849992382393231
 -0.040731663704936492
 -0.038152076679859349
 -0.051815575963994727
 -0.025787871000719251
 -0.012920241513100388
 -0.05948852421558893
 -0.041018357503613462
 -0.020425459076016447
 -0.035261156760414199
 -0.042187842135753967
 -0.024680131508452684
 -0.01161259552379222
 0
 -0.010737851600395922
 -5.2939312931888262e-19
 -0.0047563137527318758
 0
 -0.0088850190522950807
 -2.2967056687741667e-18
 0
 0.0047563137527318741
 0.020425459076016447
 0.01073785160039592
 0
 0.0088850190522950789
 0.011612595523792216
 0.04218784213575396
 0.035261156760414192
 0.040731663704936492
 0.041018357503613462
 0.05948852421558893
 0.02468013150845268
 0.012920241513100386
 0.051815575963994734
 0.038152076679859356
 0.03849992382393231
 0.058025824425897328
 0.025787871000719255
 0.078977863506223697
 0.061580214378622398
 0.064766926921573931
 0.049844786013270491
 0.056970316412714724
 0.084948147913965377
 0.036192011133630186
 0.043374430441029399
 0.030351296269274085
 -6.8977510310651988e-19
 -0.016792412459843482
 -0.0092483269879815901
 0.0074438650034228801
 0.0045919768783490708
 7.2329605938137085e-19
 0.025445464615423474
 -0.026175065963431637
 -0.026964279512997534
 0.0068024864215898229
 0.007201672556591104
 -1.4537687704988743e-18
 0.021983042480673318
 0.01478679221213971
 0.02066425140345932
 -1.2063405095480232e-18
 0.0077065371364691765
 0.0081032441160990096
 0.030611911203871498
 0.016621138583981707
 0.024385490174407047
 0.0092483269879816248
 0.016792412459843486
 0.026964279512997541
 0.026175065963431648
 -0.025445464615423463
 -0.0045919768783490638
 -0.0074438650034228783
 -0.064766926921573917
 -0.061580214378622385
 -0.078977863506223656
 -0.030351296269274082
 -0.043374430441029392
 -0.036192011133630173
 -0.084948147913965363
 -0.056970316412714717
 -0.049844786013270477
 -0.0072016725565911049
 -0.0068024864215898246
 -0.0081032441160990096
 -0.0077065371364691774
 -0.02066425140345932
 -0.014786792212139709
 -0.021983042480673315
 -0.030611911203871491
 -0.02438549017440704
 -0.0166211385839817
 -0.067679689974982415
 -0.053757831555676705
 -0.044101322244890453
 -0.047097960902034948
 -0.052258711651240561
 -0.041878636371193372
 -0.032862098037175297
 -0.04867361375244178
 -0.046672042443842501
 -0.054213791572925302
 -0.032429275157763136
 -0.039389349847373877
 -0.033090044904737527
 -0.050119435279199778
 -0.044803546027639411
 -0.043674468930770698
 -0.013380321070931778
 -0.0065094144068458069
 -0.02611474772373543
 -0.019978037759657938
 -0.019306226101059729
 -0.019626350921866757
 -0.025872500928006234
 -0.037599116222772726
 -0.031802891023225081
 -0.031725252701485795
 -0.058534560618077366
 -0.050031291002305384
 -0.048992984315777824
 -0.05030177451005672
 -0.058958480816463238
 -0.041408149559260386
 -0.033211607186685865
 -0.014771751198691398
 -0.029241718016097859
 -0.027353204602249465
 -0.02664840562477248
 -0.029071619087667998
 -0.021417943541517066
 -0.051168914128670841
 -0.039243208951119171
 -0.045538377557790839
 -0.012409804747806195
 -0.006193145296356603
 -0.02569954865923843
 -0.018838652313092317
 -0.016202551432408466
 -0.017839144892444217
 -0.022703469738107905
 -0.039114773219213798
 -0.030275473900025076
 -0.032381858795822907
 0
 -0.010248918327593781
 -0.0053932340932004025
 -0.0074430175458809044
 0
 -0.014828675656621803
 -0.01560995940403965
 -6.4513944149303541e-19
 -0.0011578980204424453
 0
 -0.0033880992220636725
 -0.0023094702897632833
 -1.6112166539309584e-18
 0
 -0.0023875468292945102
 -0.0037641155943204684
 -0.0057413086394565898
 -2.5886426254842478e-18
 -0.013886276505460584
 -0.010445321705509387
 -2.0133033479440342e-18
 -0.0051278201781148865
 -0.0043394281359010554
 -0.0074942019567248224
 -0.0069620216469877304
 -0.010937874800478208
 0
 0.0011578980204424445
 0.0037641155943204676
 0.0023875468292945093
 0
 0.002309470289763282
 0.0033880992220636699
 0.014771751198691398
 0.010248918327593781
 0
 0.015609959404039649
 0.014828675656621802
 0.021417943541517066
 0
 0.0074430175458809044
 0.0053932340932003999
 0.0057413086394565863
 0.0061931452963565987
 0.0043394281359010519
 0.0051278201781148822
 0.016202551432408466
 0.010445321705509384
 0.013886276505460583
 0.0074942019567248207
 0.010937874800478208
 0.0069620216469877278
 0.027353204602249465
 0.029241718016097859
 0.045538377557790839
 0.039243208951119164
 0.051168914128670834
 0.029071619087667994
 0.026648405624772477
 0.04867361375244178
 0.050031291002305384
 0.058534560618077366
 0.033211607186685865
 0.041408149559260386
 0.033090044904737527
 0.058958480816463238
 0.05030177451005672
 0.048992984315777817
 0.012409804747806194
 0.0065094144068458043
 0.022703469738107905
 0.017839144892444214
 0.019306226101059729
 0.018838652313092317
 0.025699548659238427
 0.039114773219213791
 0.032381858795822907
 0.030275473900025072
 0.054213791572925309
 0.046672042443842501
 0.043674468930770705
 0.044803546027639418
 0.050119435279199778
 0.039389349847373877
 0.032429275157763136
 0.053757831555676712
 0.067679689974982443
 0.032862098037175304
 0.041878636371193378
 0.052258711651240568
 0.047097960902034955
 0.04410132224489046
 0.013380321070931778
 0.025872500928006234
 0.019626350921866757
 0.019978037759657938
 0.02611474772373543
 0.037599116222772726
 0.031725252701485802
 0.031802891023225081
 -0.28079116769505513
 -0.28079116769505513
 0
 0
 -0.10833501422052183
 -0.1843487055424432
 0
 -0.1843487055424432
 -0.17448587910362856
 -0.18438112083578986
 -0.23012856130981432
 -0.2291610052441875
 -0.18438112083578986
 -0.2291610052441875
 -0.24695703640649722
 -0.17822995755958454
 -0.10762278704717515
 -0.097023832346773198
 0
 -0.095092413378989993
 0
 -0.097023832346773184
 -0.10762278704717515
 -0.17822995755958454
 -0.24695703640649724
 -0.25960618491316051
 -0.23913776838700085
 -0.25627325813958601
 -0.24537259610503143
 -0.24537743287986785
 -0.062555706661372376
 -0.20523591587512738
 -0.2277651079374356
 -0.20529122241073017
 -0.062555706661372362
 -0.24537743287986785
 -0.25627325813958601
 -0.23913776838700085
 -0.25960618491316051
 -0.2277651079374356
 -0.20523591587512738
 -0.27056049556064582
 -0.23976974355001332
 -0.1833724244503589
 -0.21512974196987497
 -0.21754231077370939
 -0.20825962155286423
 -0.17505045586509441
 -0.148375345510315
 -0.14504479921914157
 -0.050782703774697735
 -0.10050382050146268
 -0.060421950276718699
 -0.14058051684879028
 -0.13799376668283583
 0
 -0.049553365961352715
 -0.04907015491283153
 -0.049204681872159657
 0
 -0.095560750090032828
 -0.13724384377022547
 0
 -0.04920468187215965
 -0.050782703774697735
 -0.049553365961352715
 0
 -0.095560750090032828
 -0.13799376668283581
 -0.060421950276718692
 -0.10050382050146268
 -0.1833724244503589
 -0.14504479921914157
 -0.14837534551031503
 -0.14058051684879028
 -0.17505045586509441
 -0.21754231077370939
 -0.215129741969875
 -0.23976974355001335
 -0.27056049556064582
 -0.20825962155286423
 -0.27036484513186831
