# Created by Octave 5.1.0, Sat Feb 15 06:37:07 2020 GMT <unknown@Thomas-PC>
# name: u_sol
# type: matrix
# rows: 2178
# columns: 1
 0.080530635736067779
 -0.080758427968248725
 0
 0
 -0.00084336783038452268
 -0.056159746531193377
 0
 0.056135923136025667
 -3.4073473216267303e-06
 0.070591992196568754
 -5.0136344725615345e-05
 0.026737858341220999
 -0.070928403933066875
 -0.026765100854390766
 -0.046513550478266552
 -0.026333763442380587
 -0.05739665337750921
 -0.02025126346052275
 0
 1.1890679161297157e-06
 0
 0.020247982003638754
 0.057383851573831635
 0.026312782312743366
 0.04647147806463181
 0.083943824887683149
 0.032256726917694323
 0.044417453253117856
 -0.00016906797827687114
 0.015367355867056176
 0.0072246156050823629
 0.013992025014886167
 0.015466492607970395
 -1.0916299288510345e-05
 -0.0060123555012978613
 -0.015406915906169161
 -0.044484448968432844
 -0.032196210522670299
 -0.084168084431439638
 -0.015541277029115008
 -0.014028249666807824
 -0.05543847382068634
 -0.035471729897835758
 -0.040646666711836588
 -0.037018348004494328
 -0.049999255557224842
 -0.025854712843283778
 -0.013180517969885841
 -0.059930973773589358
 -0.04156285817589378
 -0.021314437204637215
 -0.036143940320471302
 -0.043478428910020739
 -0.025188147443259368
 -0.011880993593877065
 0
 -0.01114185169171833
 1.4288268630480161e-06
 -0.0049279275926892296
 0
 -0.0091524955842032796
 -5.1475944928824902e-07
 0
 0.0049299389575025998
 0.021312095816028886
 0.011141907782075577
 0
 0.0091530350437096786
 0.011876317523274338
 0.043471335562571767
 0.036136585164058488
 0.040626789581438061
 0.04154912650847109
 0.059912451502896147
 0.025177874569635605
 0.013164863285055617
 0.049971034643931489
 0.036994425525335828
 0.035444622644718038
 0.055330441144178621
 0.025820830367592862
 0.079839005775284022
 0.059088742076710332
 0.063738094475411344
 0.039818505145376548
 0.049755260028177872
 0.090436968697758857
 0.032624091807520017
 0.03732219308585627
 0.028751511301379651
 0.00095684733241796494
 -0.0017790241399779916
 -0.00023635730030946434
 0.0080418884926984902
 0.0035012016160180792
 -0.00013823690005665412
 -8.8505708845332265e-05
 -0.017646256950683892
 -0.010038626758614555
 0.0068801835768681485
 0.0071951010904740542
 -6.3472270994680002e-06
 0.021986958099660114
 0.014625416330090957
 0.02078365470697463
 -2.1111158275743946e-05
 0.0076010033772035968
 0.0080335854690929409
 0.025834340820438229
 0.016208118067879695
 0.023989593457372393
 0.0011590975918807089
 0.0040578932967036963
 0.0085351927555166185
 0.017169845057651401
 0.0015338391240220517
 -0.0040911141186370514
 -0.0081368478568037972
 -0.063894591410644352
 -0.059229177830275148
 -0.080058769322931767
 -0.028742311435053125
 -0.03734341953531839
 -0.032638270742609166
 -0.090663172246422619
 -0.049842325854115188
 -0.03970960431615822
 -0.0072197711360786343
 -0.0068961561692049145
 -0.0080911748154903762
 -0.0076386393229768146
 -0.020833202385801997
 -0.014678779327368829
 -0.022035537040210329
 -0.02560177945997566
 -0.023986022519238759
 -0.016291003890728462
 -0.067263923003338277
 -0.050511641951743513
 -0.040703952668991406
 -0.043210527583141811
 -0.048650164913851768
 -0.037786738525028341
 -0.030813737532298546
 -0.048387175309471786
 -0.045869273482821882
 -0.053155705449171364
 -0.03234552434150828
 -0.03890149245489738
 -0.033268265469814651
 -0.047441931983485119
 -0.043245440583632444
 -0.041191222073393874
 -0.013577945448560058
 -0.0066246213132217235
 -0.025931023948942311
 -0.020231991795299109
 -0.019705246962985257
 -0.019955776770075317
 -0.026122464685613522
 -0.035604207416326972
 -0.031290230503145722
 -0.030593178022172651
 -0.058618255083274562
 -0.050181590471765958
 -0.04976729739428265
 -0.05079874974762788
 -0.059694538875191938
 -0.041679881665913854
 -0.033599313683225773
 -0.015810840149242722
 -0.030379397361684823
 -0.028685797391517553
 -0.027391624600568321
 -0.030009553560375934
 -0.02215372499631485
 -0.052349642664921703
 -0.040382979092100868
 -0.046534157769201556
 -0.012667279435845558
 -0.0063063468455766269
 -0.026135344094655011
 -0.019218797082430683
 -0.016629633370030206
 -0.018244277966005029
 -0.023269562985660741
 -0.039862575853476301
 -0.030950275315262843
 -0.032934950271737762
 0
 -0.010730467635767127
 -0.005607194933872961
 -0.0077508902086265152
 0
 -0.015416595864735427
 -0.016144925812113797
 9.4643246484338306e-07
 -0.0012032847544105607
 0
 -0.003499384949918749
 -0.0023924398817598558
 1.4988809198257513e-06
 0
 -0.0024800963419693289
 -0.0039108979035518132
 -0.0058656399723986397
 -1.8982027540914714e-06
 -0.014306917601061286
 -0.010722373184762546
 5.1641563914017752e-07
 -0.0052590786067412409
 -0.0044671278687928861
 -0.007768672507154406
 -0.0071940702864594641
 -0.011307991633657366
 0
 0.0012050658083353483
 0.003911882731699734
 0.0024815527922328329
 0
 0.0023950777949721669
 0.0035020443801840884
 0.015809213245120191
 0.010729702061325952
 0
 0.016143751974595943
 0.015415527177538024
 0.022150939199491404
 0
 0.0077507503701781388
 0.0056076328601193381
 0.0058636158319131937
 0.0063010357625898905
 0.0044690189242828637
 0.0052594196567952167
 0.016625666721665766
 0.01072082964310539
 0.014305610435258131
 0.0077697781489405315
 0.011308346718578832
 0.0071957767868298106
 0.02868183767714072
 0.030375261581866653
 0.046524273362592794
 0.040376036806264892
 0.052339682868478121
 0.030004955671756761
 0.027386378224036889
 0.048366008686571149
 0.050162884599558311
 0.05859700500514009
 0.033583194235689007
 0.04166291074216133
 0.033248028557864018
 0.059678865818568738
 0.050782852860720595
 0.049754394301999127
 0.012658124825975392
 0.0066147230681963265
 0.023263262064574519
 0.018236499548947904
 0.019685301987919956
 0.019205799402698176
 0.026120129750779597
 0.039852121357398573
 0.032922895512456307
 0.030941903220082168
 0.053129749232539325
 0.045846323595469585
 0.041164429802847735
 0.043221049296334968
 0.047409665604391193
 0.038879193747561658
 0.032321163769665873
 0.050419471328496002
 0.06709443870204268
 0.030790477750997525
 0.037750661707832478
 0.048585373784590047
 0.043158253036381211
 0.040670239424798638
 0.01355384269845672
 0.026094847617059713
 0.019927060584450373
 0.020192623353068484
 0.025894498925936205
 0.035579229575887439
 0.030565355664975868
 0.031262814527508453
 0.079748781659873202
 0.072093348739144858
 0.072856542465160601
 0.070776305758045055
 0.071512529226311017
 0.081215499601967167
 0.053712781722424552
 0.061764673002471682
 0.050439101396477781
 0.034358257144049276
 0.057167695347743575
 0.087502359376230743
 0.037863998222746886
 0.043175417988095433
 0.034972582754562609
 0.0875925234213355
 0.06549805528629804
 0.069185078915324993
 0.029453612405632157
 0.030567042122129351
 0.027576253010920482
 0.040850463192327879
 0.034473440144211054
 0.037310001338482834
 0.030296363751403987
 0.032169895588594954
 0.034443225224094931
 0.055233931161637884
 0.041877600880980026
 0.046405268789385445
 -0.001131646684370935
 -0.0068844684865325689
 -0.0073517377604730427
 -0.0062999480142025277
 0.00095831035287119448
 0.00030430458718910813
 0.0038315746933221817
 -0.0044679785496555269
 -0.0062460181070491672
 0.0040502190968254581
 0.0038387463728213334
 -8.2790756096073892e-05
 0.011246546084294096
 0.0073316276248078793
 0.011110356681456324
 -0.00020951462647644803
 0.0029337149826460518
 0.0011121831194031984
 0.041271078189311083
 -0.0046540804651158396
 0.0044430969865061343
 -0.0020789791597053409
 0.00069784835795871913
 0.0043497565930010751
 -0.0050576444045873359
 -0.007744511472992599
 -0.0065168098881258629
 -0.0089962731581181288
 -0.010034433289547451
 -0.009124421514570713
 0.0033745701766747516
 0.0034492578924982809
 -4.8120946303242818e-06
 0.010659495561412768
 0.0070278923521982506
 0.010443322076753248
 -8.2733404269674793e-06
 0.0035307188591104932
 0.0036213442508596927
 0.02456779673048004
 0.021292816961931749
 0.023896293675989
