# Created by Octave 5.1.0, Sat Apr 18 17:33:40 2020 GMT <unknown@Thomas-PC>
# name: contactConvergence
# type: matrix
# rows: 3
# columns: 1
 0.021858016765469432
 0.050578658248628838
 1.1715189511958344e-17


