# Created by Octave 5.1.0, Sat Apr 18 18:00:10 2020 GMT <unknown@Thomas-PC>
# name: contactConvergence
# type: matrix
# rows: 8
# columns: 1
 0.11475912080577506
 4.6643529160817534e-05
 0.00015758586833463045
 9.8228335261479232e-05
 0.00018020843088143145
 3.6367239281657957e-05
 2.8157567325304272e-06
 3.0375344345774129e-19


