# Created by Octave 5.1.0, Sat Apr 18 20:31:24 2020 GMT <unknown@Thomas-PC>
# name: contactConvergence
# type: matrix
# rows: 13
# columns: 1
 0.058869950210496326
 0.0001346860975443307
 0.00022596493440067461
 0.00019932686422087379
 0.00025868045771472957
 0.00020772331621305034
 0.00025214604582131654
 0.00023556379313464636
 0.00024085285306375123
 9.3299443003214003e-06
 3.7633258291241526e-06
 3.9818213832496102e-07
 3.1960184097452087e-19


