# Created by Octave 5.1.0, Sat Apr 18 17:35:28 2020 GMT <unknown@Thomas-PC>
# name: contactConvergence
# type: matrix
# rows: 5
# columns: 1
 0.059769686598079387
 0.25429164700904999
 0.073568089131183012
 0.027739055043348622
 5.9631119486702744e-19


