# Created by Octave 5.1.0, Sat Apr 18 17:34:27 2020 GMT <unknown@Thomas-PC>
# name: contactConvergence
# type: matrix
# rows: 6
# columns: 1
 0.058873946303615726
 0.017237722459136223
 0.016934758381574773
 0.015998701000455379
 0.011904483727507726
 2.7105054312137611e-18


