# Created by Octave 5.1.0, Sat Apr 18 18:00:10 2020 GMT <unknown@Thomas-PC>
# name: equilibriumConvergence
# type: matrix
# rows: 8
# columns: 1
 2.320603686652265
 1.286378555677999e-15
 1.705856213999495e-15
 1.5615701327939142e-15
 1.8149685361355912e-15
 1.3237525861940035e-15
 1.5698560108740616e-15
 1.1539478532232077e-15


