# Created by Octave 5.1.0, Sat Apr 18 17:33:40 2020 GMT <unknown@Thomas-PC>
# name: equilibriumConvergence
# type: matrix
# rows: 3
# columns: 1
 1.7740571890277164
 1.1918982536811206e-15
 7.0362500646306706e-16


