# Created by Octave 5.1.0, Sat Apr 18 20:31:24 2020 GMT <unknown@Thomas-PC>
# name: equilibriumConvergence
# type: matrix
# rows: 13
# columns: 1
 1.5378177227920635
 2.1146799068975125e-15
 2.6230315038259774e-15
 2.8590878588098295e-15
 3.2652039233127894e-15
 3.1782473802345141e-15
 3.7274149989742436e-15
 2.774079651626469e-15
 3.6073857677038472e-15
 3.1088638183749082e-15
 3.5506945300078043e-15
 2.0680543240271414e-15
 2.1545642374782847e-15


