# Created by Octave 5.1.0, Sat Apr 18 17:35:28 2020 GMT <unknown@Thomas-PC>
# name: equilibriumConvergence
# type: matrix
# rows: 5
# columns: 1
 3.076168653028367
 8.8676766622768158e-16
 5.9581728891280579e-16
 6.7392711185024122e-16
 6.3676559904013525e-16


