# Created by Octave 5.1.0, Sat Apr 18 17:34:27 2020 GMT <unknown@Thomas-PC>
# name: equilibriumConvergence
# type: matrix
# rows: 6
# columns: 1
 2.7051352312904102
 2.4718115855806055e-15
 2.4253706476248223e-15
 2.4299696688931102e-15
 1.1454461721854946e-15
 5.097808291273686e-16


