# Created by Octave 5.1.0, Sat Apr 18 17:33:40 2020 GMT <unknown@Thomas-PC>
# name: lambda_sol
# type: matrix
# rows: 3
# columns: 1
 -0.57127777226863974
 -0.01296026553185059
 0


