# Created by Octave 5.1.0, Sat Apr 18 17:34:27 2020 GMT <unknown@Thomas-PC>
# name: lambda_sol
# type: matrix
# rows: 5
# columns: 1
 -0.015805299291401259
 0
 -0.32092058142441748
 0
 0


