# Created by Octave 5.1.0, Sat Apr 18 17:35:28 2020 GMT <unknown@Thomas-PC>
# name: lambda_sol
# type: matrix
# rows: 9
# columns: 1
 0
 0
 0
 0
 -0.62867371545632189
 0
 0
 0
 0


