# Created by Octave 5.1.0, Sat Apr 18 18:00:10 2020 GMT <unknown@Thomas-PC>
# name: lambda_sol
# type: matrix
# rows: 17
# columns: 1
 0
 0
 0
 0
 0
 0
 0
 -0.35679784786490348
 -0.54114910663252236
 -0.18356698900911939
 0
 0
 -0.0041684597065499204
 0
 0
 0
 -0.0064856552309318308


