# Created by Octave 5.1.0, Sat Apr 18 20:31:24 2020 GMT <unknown@Thomas-PC>
# name: lambda_sol
# type: matrix
# rows: 33
# columns: 1
 -0.0039093909676458979
 -0.0017802576144565823
 -0.00085289279743257305
 -0.00028169062026589086
 0
 0
 0
 0
 0
 0
 0
 0
 -0.022757745976404571
 -0.18639254849866538
 -0.30824237652326802
 -0.38387282365916042
 -0.3961639837660918
 -0.34339194663808859
 -0.24145927080109031
 -0.12008188628242732
 -0.0054607749955347673
 0
 0
 -0.014577843549179428
 -0.029928327395093924
 -0.0044782886897820036
 -0.00080157041605851233
 0
 0
 0
 -0.0001292578136882545
 -0.00082952660074511937
 -0.0025060771625127032


