# Created by Octave 5.1.0, Sat Apr 18 17:33:40 2020 GMT <unknown@Thomas-PC>
# name: u_sol
# type: matrix
# rows: 24
# columns: 1
 0.031490919925773436
 0.066078770363332887
 0.10631073259724247
 -0.08957243938456777
 -0.090646668512581491
 -0.095894703423883482
 -0.12575632871360545
 -0.1172192505377788
 -0.10388309857715419
 0
 0
 0
 -0.0058568379404534965
 0.021858016765469428
 0.055487687282113798
 -0.042476091828241538
 0.023756395326950504
 0.052098157886301483
 -0.0014194597317196099
 0.049976804753921529
 0.0059415667752696598
 0
 0
 0


