# Created by Octave 5.1.0, Sat Apr 18 17:34:27 2020 GMT <unknown@Thomas-PC>
# name: u_sol
# type: matrix
# rows: 70
# columns: 1
 0.008881976248014449
 -0.014922389101137532
 0.0054224621706659608
 -0.0041998442129547141
 0.009817327890149408
 -0.0005884477959279908
 -0.0027713111070253251
 0.0063507422681357856
 0.00080529979957819965
 0
 0
 0
 0.0098392714670273024
 -0.0030104491765645322
 -0.002036729596354783
 0.010101042031232309
 -0.0027471072188265219
 0.0048032535943179962
 -0.0005212393153482325
 -0.0018281644981215858
 -0.00090206553688543722
 0.0034982696036253325
 0.0033462688701474115
 -0.014458712153113038
 -0.0055198077009917645
 0.0089791067554750269
 0.0067442213725229247
 0.0011875910361176945
 -0.00050228179330631
 -0.0013291145023093124
 0.0060166356349157166
 0
 -0.0044996459559515653
 -0.00061853240053306091
 0
 -6.9454158739945912e-19
 0.039740668402777783
 0.0023377451357456322
 0.0015757231683198791
 0.043373355168707758
 0.0013121605693986876
 0.0013658605646514675
 0.073815840834794408
 0.0038369656313104253
 0
 0
 0
 0.0076732464302165914
 0.0058819416277760134
 -7.0049234928230061e-05
 0.039752256206215281
 -0.0014894788280205686
 0.00041995099818499873
 -0.0027453667066724106
 0.0019245134220468993
 0.0043155875286046931
 0.003941937258685249
 0.0017122748623165287
 0.050100814190848414
 0.0093475773190634
 0.0072241854028698609
 0.0034901605355333416
 0.0076980340161192651
 0.011348655904050363
 0.0019987119462241774
 0.068580215519279217
 0
 0.012367212942372705
 0.0019242093106138928
 0


