# Created by Octave 5.1.0, Sat Apr 18 17:35:28 2020 GMT <unknown@Thomas-PC>
# name: u_sol
# type: matrix
# rows: 234
# columns: 1
 0.0034728460347429792
 -0.0052227257674785903
 0.00018885354505292088
 -4.8375795146337035e-06
 0.0039623944437994748
 0.001562504780071403
 -0.00035930660162463411
 0.0021437691011699776
 0.0019645231061509861
 0
 0
 0
 0.0040763806095292961
 0.00052655640961904102
 0.00031483153006142293
 0.0043074466502466997
 -0.00021540082014654565
 0.00051655225003603374
 0.0015773392498818427
 0.002078894362021474
 0.0015923723666132379
 -5.0875283745392013e-05
 -0.00060107159363796084
 -0.004750760744258912
 -0.00083989264702806065
 0.0023013759753315616
 0.0013686661902954798
 0.0016575511308878712
 0.00064024753073596433
 0.001067901380865578
 0.0015314009551592768
 0
 -0.00039146700226088977
 0.0012200492610685044
 0
 0.0035760680165438704
 0.0012316727586270562
 0.0014021645475827444
 -0.020571819570808624
 0.0011324532925268489
 -0.0026422403235643668
 4.7512458457581782e-05
 0.00020670379369871973
 5.6864952051218247e-05
 -0.00054371877826052384
 -0.022215402510228233
 0.021100191009189598
 -0.0017261184392003204
 0.0068405384826713961
 -4.9660585595338912e-05
 2.4177198111164202e-06
 0.011788523233774505
 0.025758997157493933
 0.0016477443759117449
 0.0019987214889408732
 0.00012352531072890461
 0.022685567677623596
 -0.00053937128092655467
 0.0015720545177287208
 0.0020291222088617902
 0.0015587862819965636
 0.0018718034087226547
 0.0019482936570085962
 0.0013433560952557364
 -0.021236306867187714
 -0.00019569015149429822
 -0.00024959567952113242
 0.023236110609186296
 -6.1329283561941338e-05
 -0.00071579183754133481
 -0.00048444061612096701
 -0.0006083878248817425
 -0.0016951117875462895
 0.0022528106717488658
 -0.023760639650260797
 -0.021150610163341719
 -0.0025561846679946361
 -0.00042185308330369676
 -0.00033860969641328026
 -0.018841986485377871
 0.0013687992743811671
 0.0020553242997952514
 0.0041173352941360972
 0.024388137142150185
 0.0013069997168801825
 0.0014061573675114027
 0.0018372772173135599
 0.0015960100201770099
 0.0016705472061623551
 0.0021385534086488219
 0.021084799611224808
 0.00033309388102132807
 0.00038729368773686402
 -0.0028647233895950702
 -0.00059367051135224714
 0.00092067453224795991
 0.0010694047879340005
 0.0011261754279702049
 0.0041485648618563246
 0.021255625185586245
 0
 0.025193249424737798
 -0.0019178551985434555
 0.0018671733149429935
 0
 -0.0034654072951111454
 0.0018639811657153965
 0.00090250424955875912
 -0.02571817117516707
 -0.023425599059009664
 0.0019227917382041802
 0.0010652784377621618
 0
 -0.00094801449657610679
 -0.00028867474091292134
 -0.0021018255373058711
 0
 0.00051602761261990886
 0.039370324876573333
 0.0023636885717503412
 0.0015365855591716404
 0.043314155053732879
 0.0026913259708994503
 0.0012622307727693152
 0.077071090564788475
 0.0024770587742103637
 0
 0
 0
 0.0044446685050134856
 0.0019876946571088924
 0.0010758686584577222
 0.038998048891089564
 0.0030713920932999884
 0.0030792610047500617
 0.0045328709640581515
 0.0027658084665903434
 0.0016258838340282289
 0.0023688114340602272
 0.0013756720060541508
 0.046750464052626693
 0.0047225573488302143
 0.0044684441203557516
 0.0026523353480886165
 0.0098199309640916201
 0.014118887127864622
 0.0011951013744152866
 0.070206192934901726
 0
 0.010945439017402213
 0.0019635665381217706
 0
 0.0020705991907756863
 0.0019219541662942507
 0.00061924959442080055
 0.017965178915304417
 0.0035462101444165874
 0.016015151685075359
 0.0014193200706195384
 0.0018732830280605078
 0.0018281297042791406
 0.033730580894118518
 0.015308541980657417
 0.011776500925343056
 0.011453571995864135
 0.043510018031863586
 0.0021846928426284694
 0.0019518800570657116
 0.018757157308115061
 0.013829170673327427
 0.0034352612345537395
 0.0048556596806007971
 0.00323370608073299
 0.010137294167455067
 0.013082351014562461
 0.0025830418127431205
 0.0032381431030562083
 0.0023873396855893098
 0.0027346543384068247
 0.002767082157161138
 0.0028530793381720447
 0.020682230841306565
 0.0019065202183316714
 0.0015029259413981105
 0.018915372653626215
 0.0031829668076736577
 0.0012655148297832813
 0.0015004439448236451
 0.00096913808114878846
 0.042015492386019967
 0.030216438005000412
 0.04636821870845232
 0.040472536487390326
 0.060408344684430001
 0.0022202765556364849
 0.00072278482813388468
 0.0279378494258797
 0.0024591039416655067
 0.0021960641575072596
 0.03197628936676275
 0.034709226916479471
 0.0026528480044753135
 0.0027818930346106734
 0.0027317020459580944
 0.002962983674300073
 0.0026016401797690301
 0.0073240627336384626
 0.03986361497555696
 0.00099323629887047827
 0.0013139678965019943
 0.047273349437203814
 0.0099516599863621984
 0.0006905849828833582
 0.0016018269170770473
 0.001643498085610564
 0.084344551273570226
 0.040984014683482034
 0
 0.02163040138149859
 0.032262349229770303
 0.010324705214035394
 0
 0.046530939806099493
 0.0022564051005751372
 0.011469396567378299
 0.0454029037077592
 0.024865663683773079
 0.0023280834180273739
 0.0017873928215738099
 0
 0.00090542415116569026
 0.00087043656559200426
 0.0055600396804005676
 0


