# Created by Octave 5.1.0, Sat Apr 18 18:00:10 2020 GMT <unknown@Thomas-PC>
# name: u_sol
# type: matrix
# rows: 850
# columns: 1
 0.00013489979978556605
 -0.0034280880744813032
 -0.0010593269597182554
 -0.00053348793394906134
 0.00096416462799973803
 -0.00017754857547632854
 -0.00030508708395694768
 0.00079515051102845794
 0.00044798787112240902
 0
 0
 0
 0.0010653144000071892
 -0.00096558648145013252
 -0.0008318956063410192
 0.00077746366768395646
 -0.00050052122675161117
 -0.0015742038734945852
 -0.00023958757039034681
 -0.00023326127579846546
 -0.00034583095587535813
 -0.00018482477859770242
 -0.00052943495147931663
 -0.0022284468536028965
 -0.00060467718287280682
 0.0004893058467847815
 4.6598191141218484e-05
 0.00053878164388145087
 0.00033320212428350672
 0.00031428230929932631
 0.00060650926640564025
 0
 -0.0003270696773421363
 0.00029159891887008116
 0
 0.00027960772453127116
 -0.00067719872093281188
 -0.00055148601476341869
 -0.023821445581964914
 -0.0007568145199570379
 -0.0031919825818854473
 -0.00071663630987627144
 -0.00092623493683300175
 -0.00073967454299675146
 -0.0014698798849516327
 -0.024208740526805092
 0.022665376068966347
 -0.0011487028713214969
 0.0019690559770688966
 -0.00085926853523609194
 -0.00049440593041991468
 0.0037349112275018178
 0.023708480420311134
 -0.00049767055798007726
 -0.00014180705254936404
 -0.0011364563361618604
 0.02281936187363327
 -0.00086913693478627991
 -0.00057386774908225926
 -0.0001980001696207568
 -0.00020797143998906839
 -0.00017585857876758614
 -0.00015200980067096002
 -0.00042584565320248673
 -0.023768951110540268
 -0.00039490115036529001
 -0.00048019358629172287
 0.023449541131732237
 -0.0001864695006828741
 -0.00051543301257680183
 -0.00045045477086069709
 -0.00049548624908612505
 -0.0011531742833157154
 0.00042911852731986804
 -0.024119367898388165
 -0.023368182323086406
 -0.0012086524159629227
 -0.00044152535079052023
 -0.00033688057106262586
 -0.022887936915429161
 -0.00011999876651474396
 4.4798034875619659e-05
 0.00098947628354836901
 0.024025420261350468
 -0.00013236790245003106
 0.00010364607255145657
 0.00046760193427014437
 0.00033832520911035999
 0.00028156525198444129
 0.00068558262536674017
 0.023107188426187027
 3.4808349489758459e-05
 5.2114324703140219e-05
 -0.00095770793973752437
 -0.00033245181522975506
 0.00020726878758784293
 0.00037688921974706857
 0.00034813291410177731
 0.0016720395622667446
 0.02326553120842172
 0
 0.024707743463295677
 -0.00085740262500630415
 0.00074965718795303414
 0
 -0.0010733516952292233
 0.0004751543627072202
 0.00016139847496554572
 -0.0246240570732651
 -0.024029206865966626
 0.0004658363246104838
 0.00029107535563603062
 0
 -0.00028940315310622256
 -7.7091702339965359e-05
 -0.0007484711961967469
 0
 0.00015350338767153429
 -0.00025794074083392612
 -0.00023496667652807621
 -0.00028300835681375721
 -0.00026629464686736028
 0.0005774879187695702
 -0.00075624333088115427
 -0.00060935457652769569
 -0.00082078350590300152
 -0.015819358891271919
 -0.014565655078096236
 -0.0060048447541181061
 -0.00090545554414618265
 -0.0071565223424471559
 -0.0087309472490756691
 0.00075318989844400531
 -0.0039104016366753192
 -0.00032231042355069861
 -0.00061566541087092598
 -0.00072947036507715261
 -0.00061141089193580457
 -0.00088346145854508709
 -0.00083558687413130763
 -0.00080358654104589072
 -0.00088814965049039752
 -0.000859698461084939
 -0.00095720567139756963
 -0.00076443846418954259
 -0.00093978295500702952
 -0.00088636473110828388
 -0.0022526620492794806
 -0.024096940932447207
 -0.022605771707236284
 -0.026795100456652697
 -0.00036299150935335833
 -0.027528095997558795
 -0.0082049044649985473
 0.023157673493157376
 0.013906170516812592
 0.0017215387811510034
 0.0025080977105747643
 0.012479985289106453
 0.0059543265169971406
 0.0016283275986915089
 0.00085759860092385028
 -0.012500383790779173
 -0.00060740645185720129
 -0.00051486564941057283
 -0.00095289421731749682
 -0.00076634927728307404
 -0.00047804223910930319
 -0.0006197845738537994
 -0.00069691857587373209
 -0.014572602266237628
 -0.0017409980594231824
 -0.0056580810362459851
 0.0021059059697715208
 0.01275938270622984
 0.0049110167207794091
 0.014615295423793131
 0.00052793773324138018
 0.022102598803180589
 0.026071986877496626
 -0.00082426705867665072
 -0.0007941132251748365
 -0.0010686974073311011
 -0.00014618722330180366
 -0.00037988970361927933
 -0.00023753007442531168
 -0.001298702339073432
 -0.00069688603371110928
 -0.00038377296805421909
 0.00098655523762020462
 -0.012283372087075292
 0.023126908113016251
 0.013950470753362995
 0.0028385246599047964
 0.012689112844622446
 0.0062258394781752983
 0.0074500411904578996
 0.0079129760209544018
 0.026824208621903635
 -0.0008283514323847805
 -0.00055045979833576728
 -0.00021132060797259369
 -0.0003398567182034232
 -0.00036773719985085449
 -0.00030153916846641121
 -0.00019755320145953278
 -0.0001858449625865809
 -0.00017029411465828989
 -0.0001639357752971039
 -0.00027603591201329859
 -0.00019896601212363892
 -0.00026216093250009656
 -0.00016708843030984911
 -0.00015126908802647556
 -0.00015578880142522107
 -0.014218186949186794
 -0.02229075933687175
 -0.00034997036817905692
 -0.001340028813200021
 -0.0076431142624552072
 -0.0051815848467359994
 -0.00043037019849893876
 -0.00016547032529051252
 -0.00025222338349857381
 -0.00021499962893268995
 -0.00045839942162563595
 -0.00048754852125511977
 -0.00036796626056915578
 -0.00042102290400852847
 -0.00050085350286575706
 -0.00044573792162354525
 -0.00046724904277582253
 0.026138455785302769
 0.026679974307378215
 -0.00014087377364340392
 0.0072160327537736726
 0.004698935015070068
 0.007676552624621788
 -0.0003159947641039696
 -0.0004369768964966226
 -0.00051114737638921959
 -0.00044187893554118883
 -0.00050253696196422154
 -0.00052558220253896609
 -0.00054168222590317999
 -0.00040814274127361607
 -0.00048824161490994169
 -0.00034374994788664192
 -0.00030776193487554995
 -0.00030288943304727716
 -0.00041067203095197053
 -9.0537155184154444e-05
 0.022053090135555301
 -0.0013348433685092754
 0.011997505379752886
 -0.0019355293595002898
 0.013840755121822019
 0.00080325866130961476
 -0.022581621037760017
 -0.026636315026804774
 -0.00019440686336263653
 -0.0085177499111218202
 -0.027371800963455709
 -0.0079935924978163236
 -0.0019586180997691379
 -0.023633646806306575
 -0.014374821391926078
 -0.00044888082356736288
 -0.00031311125326237231
 -0.00029862896658276451
 -0.00046570411042382845
 -0.00043654437081555684
 -0.00048444748386674896
 -0.00056116006282645715
 -0.013190876586973417
 -0.0068379792532422554
 -0.0034221914568008135
 -0.026341302025848098
 -0.0080485947247817408
 -0.026947578339875242
 -0.023338878561075246
 -0.014080538160214163
 -0.00017647094946557723
 -0.00018426186557728838
 0.0002816636886043989
 -9.3511391778932233e-05
 4.4224201900249302e-05
 -0.0002000639648815187
 -0.00017808952044628111
 0.022294399029025847
 0.026313585544714007
 -0.0010441958347247148
 0.012273859101331211
 0.0054877115913902546
 0.014421063733474923
 0.0015270192062367825
 -0.0062721858560450903
 -0.0027729753549078223
 -0.012665451649347258
 -0.00017146593940428685
 -0.00013013521062571882
 6.5664870601286036e-05
 -4.6142089333304974e-05
 -5.7304775324649208e-05
 -1.9245043697946719e-05
 0.00019133369384609112
 0.00046234069301152495
 0.000399950897449644
 0.00037986281025519076
 0.0005096448646869534
 0.00041934984275593179
 0.00054503207333079606
 0.00016520647915827547
 0.00030539990986356614
 0.00018885173312714043
 0.02721421123751961
 0.023228213480055358
 0.00063093947197707392
 0.0080536877394489677
 0.0067862636754580791
 0.00853434508256622
 0.0006506399097137471
 0.00022900768545395394
 0.00043609494915775743
 0.00032710309036521621
 -0.00013678555935355203
 -0.00013343330302526034
 -0.00030847484449990755
 -0.00016723491849610894
 0.00021551699120775738
 6.1395994480465606e-05
 0.00024371665823948424
 -0.012551783059257381
 -0.014463252083869246
 -2.3695491444892135e-05
 -0.0013395515424179257
