# Created by Octave 5.1.0, Sat Apr 18 20:31:24 2020 GMT <unknown@Thomas-PC>
# name: u_sol
# type: matrix
# rows: 3234
# columns: 1
 6.188400070562209e-05
 -0.00085539367362238744
 -0.00012761633240945637
 -4.8879394084845327e-05
 0.00033898641024644613
 -3.4875792699372405e-05
 -4.2108222393657056e-05
 0.00025710350454312349
 0.00011383823195440823
 0
 0
 0
 0.00059928443487112766
 -0.00019052980709021697
 -0.0001102870562599969
 0.00032870110344634154
 -5.1887555533701607e-05
 -0.00044038843179732939
 -3.1442169217873381e-06
 -7.3384142220782024e-06
 -9.1340060886216997e-05
 6.9571475867142481e-06
 -8.0174230226244395e-05
 -0.00062830395480770857
 -0.00015609697611421931
 0.00014750752391361655
 1.3901800083562522e-05
 0.00015772451538545413
 0.00012214025629594738
 0.00011510021626105417
 0.00018446479740688148
 0
 -0.00010783643559021809
 6.2626802655486841e-05
 0
 0.00013686527955151571
 -6.6919980680364824e-05
 -3.4070340123632503e-05
 -0.024201177401077294
 -0.00012374836276675573
 -0.0010202188005453022
 -8.7850094334005255e-05
 -0.00014458870761213731
 -0.00010308958351944137
 -0.00033347254956735638
 -0.024330656543257483
 0.024045869946431715
 -0.0002509169210774462
 0.00065601139085008371
 -0.00015803535825432706
 -4.3363769773539898e-05
 0.0014379393655925222
 0.024386673743546933
 -5.0025855289293073e-05
 5.2451995403501727e-05
 -0.00015257786070596436
 0.024090916653787871
 -0.00020137646497851716
 -6.5726894337554738e-05
 1.6882124641912745e-06
 -4.6322579818816218e-05
 -1.8520581701955483e-05
 -9.8864923633298182e-06
 -9.0165036510716544e-05
 -0.024262391852557116
 -3.002359980046236e-05
 -4.9125881028839999e-05
 0.024260665550032843
 3.0135657537297419e-05
 -9.1522901321921052e-05
 -6.6110371491436641e-05
 -9.7610560809951939e-05
 -0.00030107858071405728
 0.000169646096386354
 -0.02437459222641266
 -0.02414594711424458
 -0.00033229247320280532
 -9.4505034026837179e-05
 -6.3845572313507359e-05
 -0.024019967623741163
 -2.9455441929465477e-05
 1.4078617580767242e-05
 0.00029948385254034514
 0.024379916972020601
 -3.2018286095647102e-05
 3.3007955943976922e-05
 0.00012508311251993188
 9.7822429496359728e-05
 7.5509368468151239e-05
 0.00020731157332441307
 0.024115284190364749
 3.9048501012277898e-05
 5.2775406991632787e-05
 -0.00026557863873186057
 -7.5281829423362172e-05
 6.8828375227381676e-05
 0.00012959768663436288
 0.00010230064831322067
 0.00051221610011711524
 0.024154156337900926
 0
 0.02458588110849903
 -0.00027536440735243033
 0.0002225585871851895
 0
 -0.00029538694145416346
 0.00011559469994226328
 3.6943916089557818e-05
 -0.024524414684538715
 -0.024359198438567663
 0.00011067349102109813
 7.0985681364255923e-05
 0
 -7.7599201956238259e-05
 -2.3783312436664413e-05
 -0.00021862610582507061
 0
 8.4468581480467785e-05
 3.4867651502650307e-05
 3.0440007059703411e-05
 3.663802296924853e-05
 3.9357183656988993e-05
 0.00027607625209459432
 -8.6923464937988128e-05
 -4.4803486462582156e-05
 -0.00010365009340207108
 -0.014357186105371879
 -0.014164780384351231
 -0.0019279960127635066
 -0.00017063883139424609
 -0.0071688176802791326
 -0.0084432522538913698
 0.00050120199891247579
 -0.0039819736447296358
 1.6097466237269832e-05
 -6.5469136502847037e-05
 -9.4837838194515017e-05
 -6.7331186235345785e-05
 -0.0001261855623831244
 -0.00011879150583346128
 -0.00010680763169890476
 -0.00015129463470375202
 -0.00013184500586033686
 -0.00016701645727353756
 -0.00010421431871654673
 -0.00015727155389801009
 -0.00012767664937842602
 -0.00059951264878932962
 -0.023884312584737524
 -0.0234405112862822
 -0.027280877107597034
 4.8190795403316785e-07
 -0.027979350355472613
 -0.0074875419073974474
 0.023768097462036408
 0.013916095809610368
 0.00057206371555764909
 0.0038157735173853517
 0.013743007023737512
 0.0070069576664053557
 0.0005675527770418712
 0.00033441121753254597
 -0.013337876062014307
 -7.0289367594914107e-05
 -4.6233695704647946e-05
 -0.00018685715468423549
 -0.00011904223693991196
 -4.1441517025542474e-05
 -7.9095322805815174e-05
 -0.00010916275699239288
 -0.014185940807898489
 -0.0004145282496470147
 -0.004550954254672555
 0.00095715604730546599
 0.013679006133110995
 0.0045236996613192432
 0.014456381429593202
 0.00011738636874091465
 0.0235183433425208
 0.027277945032048719
 -0.00010917476676000081
 -0.00010863741027695409
 -0.00013352084126445877
 3.9799408386941271e-05
 -1.7946387952853559e-05
 8.6225848793606583e-06
 -0.00021165542219982886
 -9.5532709386562194e-05
 -2.5916774056031732e-05
 0.00035625329850626008
 -0.013310780622151949
 0.023784675711028779
 0.013933851330012579
 0.0038777331855686489
 0.013787591015987038
 0.0070666345659829008
 0.0074468595884463291
 0.0083708197969166696
 0.027957733154032455
 -0.00010599542170007211
 -6.2394105705334743e-05
 -2.6016350499752138e-06
 -2.3163213833754016e-05
 -2.8956558146800376e-05
 -1.2246481004901678e-05
 4.6274276871376006e-06
 -3.8774510402180859e-05
 -2.6509553630686481e-05
 -2.3145645916483364e-05
 -5.8635991942227159e-05
 -3.565510895053094e-05
 -6.3480350727061253e-05
 -2.36416776229797e-06
 -1.1094174569009399e-05
 -4.81802924149247e-07
 -0.014129147782152303
 -0.023404072247261664
 -5.1992541514836749e-05
 -0.00034500210823465118
 -0.0073906158583196329
 -0.0044701881862768021
 -0.00010540370069340517
 -3.079017520467503e-06
 -4.0034390739824079e-05
 -1.5519378208694507e-05
 -3.737694255964328e-05
 -4.3187019355337427e-05
 -1.5219638384117849e-05
 -2.9077562584205783e-05
 -6.3487886556895575e-05
 -4.2059713865276087e-05
 -5.7298991630251937e-05
 0.027249836632670572
 0.027896026476161576
 3.2969790903531668e-05
 0.0073577211660659806
 0.004421991936989886
 0.0083036203597957915
 -9.554781140349306e-07
 -7.5129957700555475e-05
 -9.6056163799777632e-05
 -8.257990522887936e-05
 -7.6757908328271482e-05
 -9.2296665443262002e-05
 -9.1776121670035507e-05
 -6.9974802199469129e-05
 -8.6922648250953207e-05
 -3.9524025795953044e-05
 -6.338942933893088e-06
 -1.5783215509514637e-05
 -4.4312657460671773e-05
 1.9472524046701222e-05
 0.02342731030545208
 -0.00035653755485192843
 0.013323356805791425
 -0.00053757954251725242
 0.01411260538315849
 0.00028244367086401029
 -0.023511413690006248
 -0.027314654813213279
 -3.4109417665818402e-05
 -0.0084424280969458473
 -0.028004688298804415
 -0.0074899167347090394
 -0.00055169087693460097
 -0.023815511404326552
 -0.013949254170015669
 -9.10929686411534e-05
 -5.0298971357406861e-05
 -4.0223278648534433e-05
 -9.7038221438517332e-05
 -9.8975812958582661e-05
 -0.00010951798350959248
 -0.00013860647894665883
 -0.013833554047342834
 -0.0071460985031452547
 -0.0039519476723506603
 -0.027217756317571364
 -0.0083208208513010605
 -0.027883581141330646
 -0.023728856196459504
 -0.013871745616914581
 -4.1678714723681094e-05
 -4.49193506649405e-05
 8.4359997128426184e-05
 -2.2312588226976042e-05
 1.7032759744889043e-05
 -5.0944788333766381e-05
 -4.8811631374095229e-05
 0.023467102107886925
 0.027263795368136588
 -0.00028816346225591272
 0.013380206726531429
 0.004593931760796208
 0.014240167813028289
 0.00044486414756451985
 -0.0070081589241406343
 -0.0038008802605159326
 -0.013704718177862858
 -3.901865182274696e-05
 -3.2009120411577734e-05
 2.0495690696633642e-05
 -1.0101679761409117e-05
 -1.3493819090521289e-05
 -1.8014425112941459e-06
 5.9568591565192363e-05
 0.00012080080330926039
 0.00010819363895267279
 9.9365652464952477e-05
 0.00014630165889979274
 0.00011731422347864071
 0.00015168456658559091
 4.5405996429091686e-05
 8.5091150523039741e-05
 5.4219419164890647e-05
 0.027997213898443785
 0.023745011969583802
 0.00019104512215531888
 0.0075356289888933187
 0.0071711372602734982
 0.0084805251986490131
 0.00019487691952610234
 6.8292367279712478e-05
 0.00012816026075458453
 9.8279435785311807e-05
 -2.782745898127181e-06
 3.3794415308360997e-06
 -6.259821214740419e-05
 -1.7444074728195912e-05
 9.421702999344338e-05
 5.1300808363230276e-05
 9.9153275153503068e-05
 -0.013425119785546004
 -0.014224355305063632
 1.7461758237304115e-05
